json-data/2022072218.json
{"header": {"discipline":0,"disciplineName":"Meteorological products","gribEdition":2,"gribLength":79224,"center":7,"centerName":"US National Weather Service - NCEP(WMC)","subcenter":0,"refTime":"2022-07-22T18:00:00.000Z","significanceOfRT":1,"significanceOfRTName":"Start of forecast","productStatus":0,"productStatusName":"Operational products","productType":1,"productTypeName":"Forecast products","productDefinitionTemplate":0,"productDefinitionTemplateName":"Analysis/forecast at horizontal level/layer at a point in time","parameterCategory":2,"parameterCategoryName":"Momentum","parameterNumber":2,"parameterNumberName":"U-component_of_wind","parameterUnit":"m.s-1","genProcessType":2,"genProcessTypeName":"Forecast","forecastTime":0,"surface1Type":103,"surface1TypeName":"Specified height level above ground","surface1Value":10.0,"surface2Type":255,"surface2TypeName":"Missing","surface2Value":0.0,"gridDefinitionTemplate":0,"gridDefinitionTemplateName":"Latitude_Longitude","numberPoints":65160,"shape":6,"shapeName":"Earth spherical with radius of 6,371,229.0 m","gridUnits":"degrees","resolution":48,"winds":"true","scanMode":0,"nx":360,"ny":181,"basicAngle":0,"lo1":0.0,"la1":90.0,"lo2":359.0,"la2":-90.0,"dx":1.0,"dy":1.0}, "data":
[rows 0 to 25 of 181, columns 295 to 353 of 360]
-5.775033,-5.815033,-5.855033,-5.895033,-5.935033,-5.975033,-6.005033,-6.0350327,-6.065033,-6.095033,-6.125033,-6.145033,-6.165033,-6.185033,-6.205033,-6.225033,-6.235033,-6.255033,-6.265033,-6.275033,-6.2850327,-6.2850327,-6.2850327,-6.295033,-6.295033,-6.2850327,-6.2850327,-6.275033,-6.275033,-6.265033,-6.245033,-6.235033,-6.215033,-6.205033,-6.185033,-6.165033,-6.135033,-6.115033,-6.085033,-6.0550327,-6.025033,-5.995033,-5.965033,-5.925033,-5.885033,-5.845033,-5.8050327,-5.765033,-5.715033,-5.675033,-5.625033,-5.575033,-5.525033,-5.465033,-5.415033,-5.355033,-5.295033,-5.235033,-5.175033
-5.725033,-5.765033,-5.795033,-5.835033,-5.865033,-5.895033,-5.925033,-5.945033,-5.965033,-5.995033,-5.995033,-6.005033,-6.025033,-6.025033,-6.0350327,-6.045033,-6.045033,-6.045033,-6.0550327,-6.0550327,-6.0550327,-6.045033,-6.0350327,-6.015033,-6.005033,-5.985033,-5.965033,-5.935033,-5.915033,-5.885033,-5.855033,-5.815033,-5.775033,-5.735033,-5.695033,-5.665033,-5.625033,-5.585033,-5.5550327,-5.525033,-5.485033,-5.445033,-5.415033,-5.375033,-5.345033,-5.325033,-5.315033,-5.295033,-5.275033,-5.255033,-5.235033,-5.215033,-5.185033,-5.145033,-5.115033,-5.075033,-5.0350327,-4.985033,-4.945033
-5.2850327,-5.3050327,-5.315033,-5.335033,-5.345033,-5.365033,-5.385033,-5.405033,-5.415033,-5.435033,-5.455033,-5.475033,-5.505033,-5.545033,-5.565033,-5.585033,-5.595033,-5.595033,-5.595033,-5.595033,-5.605033,-5.605033,-5.595033,-5.585033,-5.565033,-5.545033,-5.525033,-5.505033,-5.475033,-5.445033,-5.405033,-5.365033,-5.315033,-5.275033,-5.225033,-5.175033,-5.125033,-5.075033,-5.025033,-4.985033,-4.945033,-4.905033,-4.865033,-4.845033,-4.825033,-4.8050327,-4.775033,-4.765033,-4.745033,-4.735033,-4.735033,-4.745033,-4.755033,-4.765033,-4.775033,-4.795033,-4.8050327,-4.815033,-4.825033
-5.8050327,-5.815033,-5.815033,-5.795033,-5.7850327,-5.775033,-5.7850327,-5.7850327,-5.7850327,-5.795033,-5.795033,-5.725033,-5.675033,-5.625033,-5.575033,-5.515033,-5.465033,-5.425033,-5.395033,-5.355033,-5.315033,-5.2850327,-5.275033,-5.255033,-5.225033,-5.205033,-5.185033,-5.135033,-5.085033,-5.045033,-4.995033,-4.925033,-4.885033,-4.855033,-4.795033,-4.745033,-4.685033,-4.655033,-4.615033,-4.585033,-4.605033,-4.625033,-4.645033,-4.675033,-4.695033,-4.655033,-4.615033,-4.565033,-4.515033,-4.465033,-4.395033,-4.325033,-4.315033,-4.315033,-4.315033,-4.315033,-4.315033,-4.315033,-4.315033
-5.595033,-5.5350327,-5.455033,-5.405033,-5.375033,-5.375033,-5.385033,-5.395033,-5.375033,-5.345033,-5.325033,-5.275033,-5.265033,-5.275033,-5.2850327,-5.2850327,-5.3050327,-5.335033,-5.405033,-5.485033,-5.5350327,-5.585033,-5.655033,-5.735033,-5.8050327,-5.835033,-5.835033,-5.825033,-5.815033,-5.795033,-5.795033,-5.7850327,-5.755033,-5.705033,-5.645033,-5.595033,-5.515033,-5.405033,-5.255033,-5.095033,-4.855033,-4.605033,-4.365033,-4.125033,-3.995033,-3.895033,-3.845033,-3.815033,-3.805033,-3.825033,-3.9050329,-3.955033,-3.995033,-4.015033,-4.0350327,-4.0350327,-4.045033,-4.065033,-4.075033
-6.995033,-7.0350327,-6.835033,-6.675033,-6.685033,-6.5550327,-6.595033,-6.585033,-6.485033,-6.475033,-6.365033,-6.445033,-6.385033,-6.205033,-6.185033,-6.025033,-6.045033,-6.0550327,-5.925033,-5.875033,-5.835033,-5.915033,-6.025033,-5.995033,-6.0550327,-6.165033,-6.0550327,-5.845033,-5.735033,-5.705033,-5.565033,-5.405033,-5.415033,-5.455033,-5.475033,-5.485033,-5.505033,-5.505033,-5.475033,-5.375033,-5.255033,-5.155033,-5.115033,-5.025033,-4.905033,-4.735033,-4.595033,-4.445033,-4.215033,-3.965033,-3.695033,-3.365033,-3.135033,-3.005033,-3.025033,-3.125033,-3.255033,-3.385033,-3.4150329
-6.255033,-6.335033,-6.345033,-6.325033,-6.2850327,-6.215033,-6.125033,-6.075033,-6.025033,-6.025033,-5.975033,-5.935033,-5.885033,-5.955033,-5.915033,-5.795033,-5.765033,-5.735033,-5.665033,-5.665033,-5.675033,-5.695033,-5.715033,-5.7850327,-5.895033,-6.045033,-6.215033,-6.355033,-6.565033,-6.645033,-6.675033,-6.675033,-6.875033,-7.455033,-7.995033,-7.645033,-7.235033,-6.915033,-6.505033,-6.345033,-6.005033,-5.665033,-5.375033,-5.0350327,-4.875033,-4.645033,-4.425033,-4.2850327,-4.215033,-4.215033,-4.075033,-3.845033,-3.6850328,-3.515033,-3.4250329,-3.195033,-2.855033,-2.545033,-2.525033
-3.495033,-3.565033,-3.515033,-3.365033,-3.445033,-3.495033,-3.565033,-3.545033,-3.385033,-3.205033,-3.045033,-3.055033,-3.065033,-2.985033,-2.6850328,-2.6650329,-2.025033,-0.31503296,0.72496706,0.10496704,-1.2250329,-0.95503294,0.97496706,1.3849671,1.7849671,-0.65503293,-3.825033,-3.645033,-1.795033,-0.52503294,0.11496704,0.44496703,0.09496704,-0.52503294,-0.45503294,1.3749671,1.6549671,1.3749671,0.12496704,-0.27503297,-1.525033,-3.445033,-4.235033,-4.015033,-3.595033,-3.975033,-3.645033,-3.805033,-3.6550329,-3.6550329,-3.645033,-3.555033,-3.815033,-3.765033,-3.4150329,-3.1750329,-3.095033,-3.065033,-3.005033
0.13496704,0.72496706,0.39496705,-0.07503296,-0.44503295,-0.41503295,-0.83503294,-1.5950329,-1.1150329,-1.455033,-0.30503297,-0.005032959,-0.535033,-1.2150329,-2.135033,-0.50503296,0.27496704,-0.30503297,-0.74503297,-3.235033,-3.9350328,-1.945033,-1.305033,-0.855033,-0.71503294,-0.06503296,0.27496704,0.78496706,0.02496704,-0.915033,-0.63503295,-0.20503296,-0.39503297,0.02496704,-0.14503296,-0.30503297,-0.76503295,-0.93503296,-0.68503296,-0.65503293,-1.175033,-1.5850329,-1.6150329,-1.3350329,-1.205033,-1.3750329,-1.6150329,-1.885033,-1.905033,-2.095033,-2.335033,-2.515033,-2.975033,-3.025033,-2.6650329,-2.455033,-1.8650329,-1.2150329,-0.975033
-0.665033,-2.085033,-0.42503297,0.06496704,-2.365033,-4.375033,-2.705033,-1.655033,-0.02503296,1.564967,1.684967,0.78496706,0.68496704,1.9049671,2.004967,0.59496707,-0.725033,-0.785033,0.32496703,1.2849671,1.5149671,1.2649671,0.99496704,1.044967,2.124967,3.484967,3.904967,3.994967,4.134967,4.374967,4.354967,3.854967,3.614967,3.504967,3.954967,3.774967,2.554967,0.55496705,-0.14503296,0.36496705,0.574967,0.87496704,0.27496704,-0.52503294,-0.07503296,0.97496706,0.61496705,0.27496704,0.53496706,0.55496705,0.32496703,0.59496707,0.74496704,0.36496705,-0.08503296,-0.26503295,0.10496704,0.91496706,1.2649671
-1.915033,-1.555033,0.31496704,-0.14503296,-0.925033,-1.7150329,-1.1150329,-1.045033,-0.725033,0.22496705,0.894967,1.354967,1.7749671,1.594967,1.1249671,0.84496707,0.78496706,0.81496704,0.93496704,1.244967,1.6449671,1.824967,1.954967,1.7849671,1.324967,1.334967,1.824967,2.174967,2.394967,2.8149672,3.174967,3.414967,3.544967,3.3349671,3.164967,3.3249671,3.134967,2.924967,2.624967,1.984967,0.84496707,0.26496705,-0.055032957,-0.725033,-0.42503297,-0.32503295,0.28496704,0.34496704,-0.34503296,0.634967,0.13496704,-0.36503297,-0.24503297,-0.71503294,-0.50503296,0.29496706,0.644967,0.574967,0.15496704
-2.355033,-1.9750329,-2.305033,-1.545033,-0.71503294,-1.545033,-2.6750329,-2.575033,-0.81503296,1.3949671,2.544967,1.984967,-0.52503294,-1.925033,-1.5850329,-1.275033,-0.82503295,-0.42503297,-0.16503295,0.25496703,0.894967,1.454967,1.9049671,2.604967,2.754967,2.354967,1.974967,1.964967,2.234967,2.654967,3.164967,3.604967,3.714967,3.694967,3.734967,3.924967,3.944967,3.714967,3.714967,3.444967,2.704967,2.524967,1.6449671,-0.24503297,-0.25503296,0.12496704,0.50496703,0.19496705,-0.27503297,-0.15503296,-0.09503296,-0.47503296,-0.68503296,-0.74503297,-0.45503294,-0.115032956,0.10496704,-0.15503296,-0.22503296
-3.365033,-5.235033,-7.235033,-5.495033,-4.335033,-3.445033,-2.6550329,-1.325033,0.07496704,1.1349671,2.174967,2.634967,2.714967,4.854967,6.704967,9.084967,8.194967,4.484967,0.85496706,1.484967,2.5849671,3.464967,4.204967,3.8449671,2.954967,2.914967,3.624967,4.054967,3.964967,3.464967,3.284967,3.664967,4.054967,4.334967,4.174967,4.1949673,4.564967,4.2149673,4.354967,4.614967,5.294967,3.964967,1.684967,-0.04503296,-0.90503293,-0.94503295,-0.55503297,-0.785033,-0.94503295,-0.96503294,-0.90503293,-0.21503296,0.20496704,0.47496703,0.75496703,0.714967,0.78496706,0.87496704,1.1449671
-14.955033,-12.585033,-10.555033,-8.945033,-7.895033,-6.685033,-5.575033,-4.655033,-3.315033,-2.045033,-0.87503296,0.20496704,1.4149671,2.654967,3.954967,5.924967,7.334967,7.554967,9.274967,3.8249671,2.614967,3.004967,3.364967,3.8149672,4.474967,5.384967,5.224967,4.244967,4.384967,4.954967,5.004967,4.1949673,3.884967,4.2149673,4.354967,4.544967,4.654967,5.124967,6.324967,5.054967,2.634967,3.174967,0.054967042,0.31496704,0.97496706,-1.265033,-1.2350329,-1.8650329,-1.305033,-1.035033,-0.795033,-0.52503294,-0.13503295,0.12496704,0.53496706,0.97496706,1.074967,1.234967,1.604967
-8.495033,-8.445033,-8.525033,-9.275033,-8.875033,-6.235033,-5.075033,-6.395033,-5.315033,-3.625033,-2.075033,-0.665033,0.30496705,0.78496706,0.964967,2.164967,3.704967,4.294967,5.624967,8.964967,6.404967,5.394967,5.224967,5.114967,5.274967,4.984967,4.884967,5.284967,5.324967,5.374967,5.454967,5.734967,6.474967,6.344967,5.9649673,5.654967,6.024967,6.594967,6.794967,4.234967,4.414967,2.924967,2.634967,1.854967,1.924967,-0.535033,-1.275033,-2.125033,-2.275033,-2.075033,-1.695033,-1.3550329,-1.065033,-0.90503293,-0.41503295,0.16496705,0.574967,0.45496705,0.34496704
0.29496706,-0.84503293,-1.5850329,-1.805033,-3.785033,-3.355033,-3.885033,-5.625033,-3.9050329,-3.385033,-1.255033,1.304967,2.934967,1.684967,2.0749671,2.524967,4.9649673,5.954967,6.204967,6.084967,4.164967,5.4449673,5.534967,5.504967,5.424967,5.294967,5.284967,5.164967,4.794967,5.234967,5.634967,6.074967,6.404967,5.864967,5.524967,5.134967,5.304967,5.344967,4.344967,4.234967,4.524967,2.724967,3.984967,2.124967,0.514967,-1.545033,-0.40503296,-1.885033,-2.025033,-1.9850329,-1.055033,-0.40503296,-0.19503295,0.39496705,0.66496706,0.73496705,0.644967,0.39496705,0.714967
4.234967,3.354967,1.974967,1.2749671,0.28496704,0.10496704,-0.36503297,-0.52503294,-3.4050329,-2.725033,0.04496704,-1.315033,1.2549671,-0.36503297,0.91496706,2.8149672,2.384967,3.484967,5.174967,5.154967,4.334967,4.064967,4.514967,4.254967,4.244967,4.424967,4.804967,5.044967,4.994967,5.074967,5.104967,5.524967,5.554967,5.7149673,6.264967,7.424967,2.664967,2.244967,3.0649672,3.634967,4.434967,2.904967,1.2849671,1.094967,0.524967,-0.87503296,1.084967,1.344967,1.2849671,1.934967,2.0949671,2.484967,3.0949671,4.014967,4.254967,3.994967,3.894967,3.604967,3.414967
-0.20503296,-0.83503294,-0.47503296,-0.42503297,-0.28503296,0.21496704,0.84496707,0.66496706,0.43496704,0.034967043,-0.70503294,-2.385033,-0.005032959,-1.925033,-0.24503297,2.244967,3.444967,4.614967,3.704967,3.514967,2.864967,3.454967,3.3349671,3.044967,3.274967,3.444967,4.164967,4.684967,4.994967,4.814967,4.034967,4.254967,4.414967,4.534967,5.314967,3.034967,2.494967,2.304967,0.72496706,1.3749671,1.824967,3.484967,-0.36503297,-0.95503294,-0.68503296,0.35496703,1.7849671,2.184967,2.384967,2.504967,2.694967,3.254967,3.684967,4.114967,5.344967,5.884967,6.274967,6.1949673,6.114967
-2.4150329,-2.025033,-1.815033,-2.485033,-1.3550329,-0.42503297,0.17496704,0.824967,0.26496705,-0.545033,-1.3350329,-1.815033,-0.07503296,-1.4650329,-2.735033,0.35496703,1.2649671,2.274967,2.024967,2.634967,1.674967,2.5949671,2.364967,1.924967,2.454967,2.974967,3.944967,4.7149673,3.884967,3.434967,3.664967,4.284967,4.184967,4.384967,4.494967,2.744967,2.124967,-1.405033,2.3149672,1.844967,1.1549671,1.4149671,0.75496703,0.90496707,0.26496705,0.07496704,0.764967,0.61496705,0.774967,1.434967,2.114967,2.684967,3.994967,5.614967,6.034967,6.484967,6.434967,5.884967,5.114967
-1.945033,-1.265033,-1.155033,-1.3350329,-1.255033,-0.64503294,-0.88503295,-1.4650329,-0.95503294,2.294967,0.09496704,-1.9850329,-3.4050329,-6.225033,-4.475033,-2.145033,0.40496704,1.594967,2.174967,2.0849671,1.324967,1.194967,2.134967,1.7549671,2.464967,4.124967,3.0849671,2.894967,2.654967,2.494967,2.984967,3.024967,3.424967,3.904967,4.674967,4.704967,1.8849671,1.6649671,1.0149671,5.034967,1.1649671,1.804967,3.964967,3.674967,-0.99503297,0.35496703,1.344967,1.094967,1.044967,1.584967,1.5149671,3.214967,4.434967,4.794967,4.384967,3.674967,3.5949671,2.424967,3.434967
-0.535033,-0.41503295,-1.4850329,-1.165033,-0.62503296,-0.65503293,-1.025033,-2.255033,-2.1550329,-3.115033,-0.63503295,-2.565033,0.21496704,-6.465033,-2.025033,-1.655033,-1.705033,-2.005033,-0.57503295,-0.21503296,0.514967,1.3849671,1.4149671,1.724967,2.544967,2.464967,2.304967,2.034967,1.694967,1.3749671,1.584967,1.084967,0.31496704,2.254967,3.794967,2.994967,4.084967,2.244967,-2.045033,0.06496704,2.154967,2.204967,2.284967,4.584967,4.824967,3.554967,4.264967,4.624967,4.404967,3.954967,2.974967,3.5749671,4.2149673,4.324967,4.164967,3.634967,3.904967,4.284967,4.274967
-0.985033,-1.455033,-1.685033,-1.7450329,-1.5850329,-1.4950329,-0.785033,0.50496703,0.764967,-1.1250329,-1.9750329,-2.105033,-1.205033,-1.685033,-1.4650329,0.574967,-1.925033,-2.555033,-1.395033,-1.395033,-0.545033,0.81496704,1.464967,1.724967,1.934967,1.344967,0.46496704,0.33496705,1.1249671,2.034967,3.424967,4.1949673,-1.3650329,-1.825033,1.1549671,-2.055033,2.464967,0.824967,0.584967,2.184967,3.404967,5.644967,5.114967,5.584967,5.654967,5.364967,5.604967,5.384967,4.504967,4.854967,4.024967,3.5949671,3.474967,3.424967,3.764967,3.664967,3.964967,4.244967,4.084967
-3.4050329,-2.895033,-3.455033,-3.6750329,-2.705033,-1.765033,-0.20503296,-0.13503295,-0.115032956,-0.20503296,0.62496704,2.754967,0.98496705,-0.75503296,3.0749671,-5.0350327,-2.055033,-0.83503294,-0.675033,0.22496705,0.86496705,0.884967,1.4149671,1.6349671,0.774967,-0.99503297,-1.8450329,-2.305033,-2.215033,1.0149671,3.494967,1.5049671,3.174967,2.044967,3.144967,2.684967,2.854967,3.134967,3.714967,3.694967,5.074967,5.224967,4.924967,4.164967,4.004967,4.004967,4.024967,3.614967,3.0949671,3.364967,2.154967,1.7649671,2.424967,2.544967,2.8349671,3.004967,3.234967,3.674967,4.054967
2.494967,1.3949671,-0.42503297,-2.045033,-3.515033,-1.705033,-1.305033,-1.165033,-1.015033,-0.32503295,0.06496704,-1.825033,2.464967,4.054967,6.974967,-4.895033,-3.315033,-0.74503297,-0.15503296,0.98496705,1.6649671,1.944967,1.9149671,1.1649671,0.98496705,0.884967,-0.63503295,-0.915033,-1.5950329,0.39496705,1.224967,2.304967,2.114967,3.484967,4.104967,4.104967,3.984967,3.674967,3.924967,3.804967,3.0949671,2.0949671,-0.23503296,-0.535033,-0.48503295,-1.395033,-2.235033,-2.495033,-3.1650329,-2.9050329,-1.4750329,-0.37503296,0.27496704,0.65496707,-0.20503296,-0.18503296,0.40496704,0.78496706,1.114967
0.634967,0.47496703,1.564967,-0.18503296,-0.42503297,0.17496704,-0.925033,-0.975033,-1.775033,-1.9750329,-2.4350328,-2.085033,-0.005032959,-0.605033,1.864967,0.62496704,-0.57503295,0.18496704,1.054967,1.924967,2.184967,2.884967,1.974967,2.234967,2.3449671,0.36496705,0.93496704,0.79496706,1.324967,2.5749671,3.3349671,4.6949673,4.324967,3.654967,3.184967,1.174967,0.39496705,-0.25503296,-0.32503295,-0.34503296,-0.59503293,-1.8350329,-0.31503296,-1.775033,-1.8550329,-3.145033,-0.71503294,-0.95503294,-0.12503296,-2.955033,-2.475033,-2.1650329,-1.685033,-0.93503296,-1.2150329,-2.515033,-2.345033,-2.4350328,-2.715033
-2.285033,0.32496703,-0.52503294,-0.25503296,-0.785033,-1.705033,-1.775033,-1.8750329,-1.785033,-1.9750329,-1.5950329,-1.405033,0.22496705,3.0649672,1.3949671,1.4049671,0.34496704,0.14496703,0.81496704,2.054967,3.274967,3.794967,3.784967,4.624967,0.524967,1.104967,1.944967,3.0949671,4.024967,4.134967,3.414967,3.0849671,1.2849671,-0.80503297,-2.4050329,-3.335033,-3.325033,-4.045033,-3.635033,-2.085033,-0.69503295,0.834967,1.864967,-1.035033,0.21496704,-0.28503296,1.794967,0.20496704,-0.80503297,1.5249671,-2.075033,-1.8350329,-0.545033,-0.28503296,-0.51503295,0.06496704,2.194967,1.994967,2.004967
