json-data/2022072406.json
{"header": {"discipline":0,"disciplineName":"Meteorological products","gribEdition":2,"gribLength":78946,"center":7,"centerName":"US National Weather Service - NCEP(WMC)","subcenter":0,"refTime":"2022-07-24T06:00:00.000Z","significanceOfRT":1,"significanceOfRTName":"Start of forecast","productStatus":0,"productStatusName":"Operational products","productType":1,"productTypeName":"Forecast products","productDefinitionTemplate":0,"productDefinitionTemplateName":"Analysis/forecast at horizontal level/layer at a point in time","parameterCategory":2,"parameterCategoryName":"Momentum","parameterNumber":3,"parameterNumberName":"V-component_of_wind","parameterUnit":"m.s-1","genProcessType":2,"genProcessTypeName":"Forecast","forecastTime":0,"surface1Type":103,"surface1TypeName":"Specified height level above ground","surface1Value":10.0,"surface2Type":255,"surface2TypeName":"Missing","surface2Value":0.0,"gridDefinitionTemplate":0,"gridDefinitionTemplateName":"Latitude_Longitude","numberPoints":65160,"shape":6,"shapeName":"Earth spherical with radius of 6,371,229.0 m","gridUnits":"degrees","resolution":48,"winds":"true","scanMode":0,"nx":360,"ny":181,"basicAngle":0,"lo1":0.0,"la1":90.0,"lo2":359.0,"la2":-90.0,"dx":1.0,"dy":1.0}, "data":
[rows 26 to 51 of 181, columns 118 to 176 of 360]
1.4316406,0.7416406,0.34164062,0.08164062,-0.098359376,-1.6983594,-3.2383595,-4.288359,-5.6483593,-3.1683593,-1.0083594,-0.22835937,0.071640626,-1.2383593,-0.048359375,-0.6883594,-0.76835936,-2.0583594,-2.4583595,-4.1783595,-1.6283593,-4.6683593,-2.4783595,-3.0083594,-0.6783594,1.0016407,-1.4483594,-0.37835938,2.0916407,1.8116406,0.27164063,1.0816406,0.8016406,0.011640625,1.6616406,0.53164065,0.9616406,2.4416406,1.9516406,2.2116406,1.1716406,2.1016407,2.0416405,2.3616407,1.7816406,0.6316406,0.60164064,0.61164063,0.40164062,0.54164064,0.91164064,0.8316406,-0.35835937,2.2716405,0.5816406,-0.63835937,-2.2883594,-0.9983594,-0.6083594
0.54164064,0.8216406,0.91164064,1.3316406,2.1016407,0.5816406,-0.9183594,-2.8083594,-2.4383593,-3.0283594,-2.9183593,-2.8383594,-2.1083593,-1.1783594,-0.84835935,-0.6283594,-0.17835937,-1.4383594,-2.3683593,-4.0983596,-1.6783594,1.4916406,-1.9983593,-1.0283594,-1.4183594,2.8616407,-0.12835938,-0.37835938,3.7516406,1.5816406,2.9916406,0.9316406,3.3216407,3.4216406,3.0916407,6.231641,1.8716407,4.191641,6.4716406,4.691641,4.1516404,3.4416406,3.0216405,2.0516405,1.4016407,1.4116406,0.7416406,-0.37835938,-1.9283594,-4.748359,-3.8083594,-4.1483593,-2.3183594,0.5816406,-0.15835938,-1.7683594,-2.3083594,-2.7983594,-2.9883595
1.7616407,1.6716406,1.8516406,1.8216406,1.0216407,0.27164063,0.26164064,0.09164062,-0.70835936,-1.8883594,-2.2883594,-2.4083593,-2.0483594,-0.8783594,-0.22835937,-1.4283594,-1.9183594,-2.4583595,-3.9583595,-2.4783595,-2.1283593,-1.4383594,-1.6383594,-2.4583595,-7.558359,-2.0483594,0.041640624,-0.8683594,-0.47835937,-0.7883594,-0.13835937,1.5016407,4.3216405,2.8916407,3.8816407,4.4516406,5.4016404,4.3116407,4.3816404,2.7516406,1.2016406,0.60164064,-0.45835936,-1.2383593,-0.24835938,-2.8483593,-0.57835937,-3.4683595,-2.9883595,-4.0783596,-1.0183594,-1.0383594,-0.44835937,-2.3783593,-1.5683594,-1.7983594,0.91164064,1.7116406,-0.38835937
2.5016406,2.4316406,3.2216406,1.4416406,1.7916406,1.5116407,0.42164063,0.18164062,-0.47835937,-1.3583593,-1.6683594,-1.7983594,-2.0483594,-1.9083594,-1.8183594,-2.1383593,-2.1583593,-2.0583594,-3.0083594,-3.0783594,-2.1483593,-1.3283594,1.0116407,0.3216406,0.19164063,0.8916406,0.8316406,0.5516406,2.0416405,2.0116405,2.2916405,3.1316407,1.6116406,2.3816407,3.2316406,3.4516406,2.7416406,2.3216407,1.7616407,-0.6183594,-1.2283593,-0.7883594,1.9916406,0.24164063,-1.5783594,-3.2883594,-2.3983593,-1.2183594,-0.5583594,-0.058359373,3.8216407,4.0416408,2.3316407,3.4816406,1.8616406,-0.24835938,-1.9883593,-1.9483594,-3.1483593
3.5716407,3.3916407,3.7116406,3.7216406,3.5716407,2.4016407,0.5216406,1.2316406,1.2216406,0.66164064,-0.41835937,-1.1283593,-1.4183594,-1.5683594,-1.9683594,-2.4483595,-2.6383593,-2.9283593,-3.5583594,-0.9183594,-5.1983595,0.22164063,-0.40835938,0.9616406,2.0716407,2.1416407,2.0016406,-0.008359375,2.6716406,0.33164063,0.5816406,4.5816407,0.34164062,1.4216406,-0.108359374,0.3216406,-0.6783594,-1.7883594,-1.0383594,-1.8583593,-3.0983593,-6.0783596,-6.6083593,-7.9283595,-0.49835938,2.3916407,2.5016406,2.5416405,2.5816407,-0.58835936,2.6516407,3.3916407,-1.0183594,-2.5183594,-1.7383593,-1.8083594,-2.8583593,-3.4383593,-3.9483595
1.3416406,0.9516406,3.2616405,3.2316406,4.3616405,3.7416406,3.4816406,1.4116406,-0.65835935,-1.3483593,-0.6283594,-0.7283594,-1.6083593,-2.2483594,-2.6083593,-2.8783593,-3.4183593,-3.3183594,-3.4783595,-3.3783593,-1.7083594,-2.4083593,-0.82835937,-0.008359375,-4.1383595,1.2016406,3.4216406,3.1016407,-0.46835938,2.9216406,6.501641,7.6316404,6.441641,3.3216407,2.4616406,-1.3783593,-1.4283594,-4.478359,-3.8683593,-4.1283593,-5.6083593,-6.5483594,-4.2383595,-0.30835938,1.1416407,-2.0583594,-4.6883593,-4.2083592,-3.4283593,-0.77835935,1.1016406,1.0316406,-0.7483594,-2.3483593,-2.6483593,-3.4083593,-4.0283594,-4.6483593,-4.308359
-0.5383594,4.251641,3.3116407,4.8516407,4.9216404,4.6016407,2.9616406,2.9716406,2.1816406,0.98164064,-3.2783594,-3.5183594,-3.8283594,-3.2683594,-2.7583594,-3.3083594,-3.6683593,-3.9183593,-3.9683595,-3.8083594,-4.4083595,-5.9483595,-1.6683594,-2.4883595,3.2016406,5.941641,5.8816404,7.4916406,6.9016404,6.1116405,4.2616405,2.5216405,1.4016407,0.7616406,-1.3083594,-2.4383593,-4.1183596,-5.4383593,-3.5383594,-3.8583593,-4.1783595,-5.9183593,-2.7283595,1.1916406,-2.9683595,-0.59835935,-5.2783594,-8.11836,-5.3183594,-0.9483594,0.45164064,4.001641,0.7716406,-2.5783594,-2.0183594,-3.6483593,-4.9283595,-4.3483596,-0.7383594
4.5916405,0.53164065,4.3116407,2.8516407,3.7116406,5.6016407,1.6516407,2.7416406,0.8716406,0.27164063,1.3316406,-0.47835937,-2.4683595,-3.1383593,-1.2883594,-2.7383595,-3.9983594,-2.3483593,-1.0883594,-5.268359,-3.4883595,-0.43835938,3.6116407,6.941641,7.8516407,8.04164,8.771641,8.361641,7.8316407,5.711641,4.6816406,4.5416408,3.5216405,2.0416405,0.8216406,-1.2583594,-2.7683594,-5.5483594,-7.018359,-3.7783594,-6.0683594,-5.1783595,0.48164064,-3.5783594,-1.6083593,-1.5183594,-4.1783595,-5.1383595,-3.5383594,-0.51835936,3.5616407,3.8016405,1.2316406,-0.6683594,-0.3683594,-3.3683593,-5.2583594,-6.5483594,-4.0083594
4.711641,4.0816407,4.5816407,2.5316405,2.9116406,2.0916407,1.8216406,2.5116405,1.0416406,0.15164062,0.7016406,-0.43835938,-1.7183594,-2.3683593,-1.4683594,-2.5483594,-3.3183594,-3.4283593,-4.478359,0.8916406,5.6716404,6.0716405,6.3316407,6.0116405,5.5716405,6.7816405,6.9916406,6.461641,5.941641,4.8916407,3.5216405,2.9516406,2.7416406,0.7116406,-0.3383594,-0.9283594,-2.5283594,-2.5383594,-4.1583595,-4.0283594,-3.4083593,-0.7383594,-4.1583595,-1.4883593,1.7516407,-0.6183594,-1.8083594,0.071640626,0.54164064,2.1016407,2.4516406,1.7616407,0.31164062,-1.3883594,-0.34835938,-3.7783594,-5.1883593,-6.4183593,-5.9883595
2.0216405,2.9216406,3.1916406,1.7216406,1.9916406,1.5016407,1.7016406,0.42164063,-0.7283594,-1.2083594,-0.7383594,-1.0083594,0.111640625,0.22164063,-1.6283593,0.7516406,1.5016407,1.6816406,4.711641,3.8816407,2.5216405,4.9316406,3.5316405,4.0116405,4.0316405,6.4316406,7.0616407,6.1216407,5.4016404,4.231641,2.9016407,1.9616406,1.3316406,1.3916407,1.1816406,1.1816406,0.34164062,-0.45835936,-0.9483594,-1.7883594,0.6316406,0.041640624,2.3016405,1.9116406,-1.9883593,3.2116406,1.8516406,2.7316406,1.7016406,3.3816407,1.4016407,1.1116406,-0.068359375,-1.8483593,-2.9383593,-4.228359,-5.5883594,-5.978359,-3.9483595
3.2516406,1.3216406,1.9416406,1.9816406,0.73164064,0.61164063,0.98164064,2.0016406,1.9616406,1.5616406,-2.8483593,-2.7883594,-3.1783593,-2.8883593,-0.44835937,0.23164062,-1.6083593,-1.6283593,2.0716407,5.8016405,3.3516407,-1.2683594,0.7716406,4.3916407,3.2616405,4.7016406,7.1516404,6.3416405,5.2216406,4.2216406,3.0416405,2.3616407,1.7216406,1.7816406,1.2516407,1.1716406,2.0716407,0.7116406,0.111640625,0.031640626,1.7416406,2.8816407,-1.3283594,4.4116406,3.6216407,2.6816406,2.9316406,2.8316407,2.0916407,0.8716406,-0.52835935,-0.83835936,-1.3783593,-2.2183595,-3.2783594,-3.8883593,-4.5783596,-5.268359,-4.7183595
2.1216407,2.1416407,-0.25835937,1.6816406,-0.47835937,1.0516406,0.37164062,1.3816407,0.3516406,0.8916406,0.8216406,0.8316406,-0.89835936,-0.52835935,-1.1283593,0.24164063,-0.9483594,-0.89835936,2.5716407,1.2816406,2.4216406,0.48164064,1.0216407,0.79164064,3.6016407,6.3416405,4.7616405,4.961641,3.6216407,3.4116406,2.2316406,0.20164062,-0.7583594,-1.0483594,0.97164065,3.2116406,4.0316405,3.6716406,0.6216406,-1.9983593,-0.34835938,1.3416406,4.1716404,5.211641,3.1316407,1.9216406,1.9916406,1.5816406,1.1816406,-0.4283594,-1.6183593,-2.0183594,-2.5183594,-3.5283594,-4.538359,-3.0983593,-5.6883593,-6.6383595,-6.6783595
0.39164063,0.85164064,1.3916407,0.28164062,0.8116406,-0.5583594,1.5216407,0.5116406,1.3316406,1.5916406,0.48164064,-1.1983594,0.48164064,-2.3083594,0.22164063,-0.098359376,0.48164064,0.37164062,1.7416406,1.3216406,2.1716406,1.7516407,2.7116406,3.0416405,3.6916406,3.9016407,3.3816407,2.2516406,1.4916406,0.67164063,-0.46835938,-0.6183594,-1.3083594,0.021640625,4.941641,7.1416407,6.1716404,4.6316404,2.8716407,-1.2083594,3.2516406,7.4316406,6.0316405,3.8816407,3.0116405,1.6416407,0.78164065,-0.048359375,-0.35835937,-1.9383594,-3.2383595,-3.3383594,-3.7083595,-2.1883593,-1.8783593,-4.3983593,-6.4583592,-7.0983596,-6.9283595
2.2216406,2.0216405,2.9616406,2.4216406,2.7416406,1.3516406,1.6216407,2.2916405,0.111640625,1.0216407,1.5316406,2.2716405,0.27164063,-0.24835938,1.7016406,0.051640626,0.9516406,0.12164062,0.051640626,0.66164064,0.36164063,0.5816406,1.6216407,4.5416408,4.2216406,0.17164062,4.6316404,1.9716406,1.2216406,1.2716407,1.6216407,1.5916406,2.5816407,5.4316406,6.8716407,6.5416408,5.1816406,3.2616405,-1.3483593,3.7516406,5.2216406,4.7616405,4.0516405,3.7216406,1.8016406,0.67164063,-0.71835935,-1.6283593,-1.2783594,-2.2483594,-3.7183595,-5.248359,-2.7783594,-3.1883593,-3.8183594,-6.2383595,-7.3483596,-7.5083594,-7.998359
-0.82835937,0.86164063,4.441641,2.4516406,0.24164063,0.44164062,0.5616406,-0.52835935,0.61164063,0.12164062,1.6216407,0.49164063,-0.28835937,0.12164062,-2.1783593,0.8116406,1.0216407,1.2716407,2.4616406,-1.0283594,-0.37835938,0.6216406,1.7016406,3.5916407,0.8816406,2.5116405,2.5816407,0.27164063,-0.31835938,1.2716407,2.6916406,3.2316406,4.0916405,4.8716407,5.4216404,5.501641,5.2416406,5.461641,2.9616406,4.2816405,4.0116405,3.4816406,2.6916406,2.8016405,2.1516407,1.2716407,-1.0083594,-2.2083595,-2.9683595,-2.4983594,-4.6483593,-4.1783595,-3.5183594,-3.5683594,-4.9283595,-5.8583593,-7.038359,-7.9383593,-9.188359
-0.7883594,0.45164064,4.021641,2.8316407,1.2916406,0.61164063,-0.6883594,0.39164063,0.13164063,-0.3683594,0.73164064,1.2016406,1.4916406,2.3916407,1.5516406,2.1316407,1.5216407,0.39164063,-1.8583593,-0.63835937,-1.2183594,-0.31835938,0.54164064,-0.17835937,-0.11835937,-0.14835937,-2.5583594,-3.2083595,-1.6483594,-1.1883594,-0.6683594,1.3016406,2.4116406,3.4016407,4.1816406,3.8316407,3.5016406,3.9916406,3.9116406,3.5316405,3.9416406,3.7016406,2.8116407,2.3816407,1.7216406,0.65164065,-0.6283594,-2.0883594,-3.6883593,-3.4083593,-4.3283596,-4.1283593,-3.9083593,-5.4583592,-4.788359,-6.5783596,-7.5983596,-8.33836,-8.988359
3.8516407,4.2016406,1.1216407,2.6816406,0.4116406,0.29164064,-1.7483593,-1.2383593,-1.2283593,0.5616406,0.8116406,0.9616406,2.2916405,2.0716407,0.97164065,-0.9283594,-0.22835937,1.3016406,0.54164064,-0.4283594,0.12164062,1.4616406,-3.2483594,-0.7483594,0.08164062,-4.9683595,-5.8583593,-6.7383595,-6.0783596,-4.3283596,-1.0183594,0.92164063,0.6916406,0.40164062,2.4516406,2.1516407,2.4616406,1.3316406,2.5016406,2.8816407,2.5116405,2.9216406,2.7016406,1.6516407,0.28164062,-0.96835935,-1.0983593,-1.5783594,-2.0583594,-1.8983594,-3.4083593,-3.9483595,-5.5283594,-5.6083593,-5.9383593,-7.0483594,-7.9583592,-8.37836,-8.16836
4.2416406,5.2916408,2.6416407,0.6316406,0.10164063,-0.098359376,0.34164062,0.84164065,3.0716407,4.8516407,2.4616406,0.6316406,-0.6683594,0.45164064,2.2516406,3.8016405,1.6716406,2.4616406,0.28164062,0.111640625,1.3816407,-2.3783593,-5.1083593,-3.8383594,-2.0483594,-3.7783594,-7.3883595,-6.6283593,-3.2083595,-1.4783593,1.3816407,2.3616407,1.8716407,2.2316406,1.5216407,1.4316406,1.8216406,2.6516407,3.4316406,2.7416406,2.3916407,1.8416406,2.0616407,0.8916406,-0.19835937,-0.058359373,-0.90835935,-1.5883594,-1.7783594,-3.0683594,-3.5683594,-4.4683595,-4.7383595,-5.0283594,-6.1083593,-6.9683595,-7.3183594,-8.818359,-8.07836
3.2216406,2.3316407,0.9416406,-0.21835938,0.09164062,2.4216406,1.7916406,0.60164064,0.011640625,0.6816406,0.5016406,-1.8783593,5.2916408,3.8516407,4.6816406,5.8716407,1.8016406,0.20164062,-0.20835938,1.1116406,0.7716406,-2.5983593,-5.5683594,-3.8883593,1.7716407,-7.768359,-6.5083594,-6.9883595,-4.248359,2.2516406,5.4016404,3.8816407,2.3616407,3.1616406,2.8716407,2.7516406,3.3516407,4.191641,4.0416408,3.5516405,1.8616406,1.3616406,1.5916406,1.4716406,1.0716406,0.051640626,-0.3383594,-0.58835936,-1.0383594,-2.0383594,-3.0683594,-4.2583594,-4.2983594,-5.3483596,-5.6983595,-5.728359,-6.8283596,-6.6983595,-8.228359
2.6416407,4.7016406,1.5216407,-2.0983593,0.84164065,-1.1783594,-2.6683593,-2.2183595,0.22164063,0.40164062,-0.058359373,0.6316406,1.7316406,1.0116407,3.8316407,2.3616407,0.78164065,0.8216406,1.6016406,3.4616406,-1.8883594,-3.8683593,-3.0183594,-2.0983593,-1.3083594,-4.1283593,-4.5283594,-3.3483593,-0.90835935,2.4616406,0.40164062,-2.4383593,3.3116407,5.771641,4.8816404,4.6216407,5.7916408,5.7816405,5.5716405,5.0916405,5.7416406,3.6816406,1.3716407,1.6816406,0.43164062,-0.48835936,0.071640626,-0.76835936,-1.3383594,-1.7483593,-2.7983594,-3.3483593,-3.6983595,-3.9983594,-4.268359,-4.5883594,-4.6083593,-4.9183593,-4.6783595
5.1816406,3.3816407,1.4916406,-0.21835938,-0.6883594,-0.41835937,-3.3983593,-1.3983594,1.2316406,1.4116406,0.90164065,1.8116406,2.0616407,0.001640625,2.8916407,-0.48835936,0.5716406,2.8616407,3.3916407,-0.35835937,-2.3883593,-3.2183595,-2.7983594,-1.7683594,-0.13835937,0.39164063,-2.5183594,-0.9483594,-0.08835938,2.8316407,-0.5583594,0.42164063,5.2216406,5.4216404,6.6316404,6.6816406,6.9116406,6.251641,6.3016405,5.9316406,4.5716405,3.4516406,1.3216406,-1.3883594,-0.6883594,-0.34835938,0.061640624,0.041640624,-0.59835935,-1.1083593,-2.0783594,-2.7783594,-3.0683594,-3.3583593,-3.2583594,-3.4383593,-4.3983593,-4.498359,-4.288359
-1.9183594,3.2816405,1.2916406,0.15164062,-0.77835935,-0.3983594,-1.9983593,0.6216406,1.4416406,1.0916406,1.8116406,0.8716406,0.7116406,0.3216406,6.001641,1.9516406,2.2016406,0.65164065,-0.8083594,-1.7983594,-2.7583594,-3.6883593,-3.0183594,-1.0583594,-2.7283595,-1.4883593,1.7716407,1.5816406,3.1216407,2.2916405,1.1416407,0.6316406,2.7116406,2.9316406,6.3716407,6.5716405,6.8616405,6.4716406,6.0616407,5.3016405,4.751641,2.9916406,3.9216406,1.7816406,0.6216406,-0.41835937,-0.5483594,-0.20835938,-0.6683594,-1.0583594,-1.2983594,-1.7583594,-2.5583594,-3.7283595,-4.558359,-4.2583594,-4.478359,-4.2783594,-3.2883594
3.1516407,2.4316406,3.8916407,2.6916406,2.2616405,-0.07835937,-0.018359374,0.53164065,1.3116406,3.0916407,3.0416405,0.12164062,1.9216406,2.8916407,1.9316406,0.84164065,0.5016406,-0.12835938,-0.8183594,-1.8083594,-1.8883594,-2.3383594,-0.5683594,-1.1283593,1.9916406,1.7816406,2.9516406,4.6816406,5.2016406,4.4316406,3.4216406,2.7916405,1.6416407,1.9316406,6.0616407,6.5116405,6.501641,6.1816406,5.5316405,5.1316404,4.8516407,3.7216406,5.1716404,3.1816406,2.5416405,1.8616406,1.6416407,2.1016407,0.34164062,-0.018359374,-0.88835937,-1.4683594,-2.6783593,-3.7883594,-4.5283594,-4.5683594,-4.3783593,-3.6683593,-2.9183593
-1.8183594,3.8216407,2.4916406,5.0516405,3.3116407,0.8716406,-1.3983594,0.29164064,0.8216406,0.73164064,2.4016407,1.4616406,2.2416406,2.5716407,2.2916405,1.8716407,2.2216406,1.8716407,0.90164065,-0.08835938,-1.4083594,-1.4483594,-1.4883593,-0.58835936,-1.0083594,1.3616406,1.4616406,2.9116406,3.5216405,3.1916406,2.1216407,0.34164062,-0.07835937,4.3616405,6.0616407,6.3516407,7.251641,6.0816407,5.5116405,5.5916405,4.021641,3.2516406,3.3416407,5.0916405,5.1516404,4.4216404,3.1816406,2.5316405,0.66164064,0.34164062,0.13164063,-0.52835935,-2.0983593,-2.9983594,-3.9183593,-3.7083595,-3.1883593,-2.8983593,-2.3283594
3.4316406,0.9616406,5.5516405,4.4316406,0.28164062,-0.12835938,2.1316407,1.1216407,-0.5083594,-0.028359376,-1.4183594,-3.7283595,1.6916406,3.0116405,3.2016406,3.6516407,3.0416405,2.4216406,1.4916406,0.8016406,-0.51835936,-1.4283594,-2.2883594,0.42164063,3.4616406,-0.6883594,-0.49835938,0.5516406,1.9216406,2.4116406,1.9116406,2.5116405,5.3716407,4.711641,5.5516405,6.441641,6.211641,5.8116407,5.6116405,5.5916405,5.0716405,3.9116406,4.2916408,3.3016405,3.0816407,5.2816405,4.9516406,3.3216407,2.5916407,0.98164064,-0.7983594,-1.6783594,-2.3483593,-2.4183593,-2.2483594,-2.1583593,-2.2683594,-1.9683594,-1.0683594
6.461641,3.7216406,3.9316406,3.0316405,4.021641,0.5816406,-2.0783594,-3.9483595,-0.83835936,-1.9283594,0.18164062,2.7616405,2.8216407,3.2516406,3.2016406,3.4516406,2.7816405,2.3216407,1.4916406,0.25164062,-0.96835935,-2.3983593,-1.2283593,1.6016406,5.4116406,3.3616407,2.1716406,2.5616407,2.2416406,4.4016404,4.9316406,5.0616407,4.9116406,5.7216406,6.271641,6.3816404,6.251641,5.6616406,5.3016405,4.9116406,3.7416406,4.1116405,3.8716407,2.1816406,3.1616406,4.6616406,4.691641,3.3916407,2.8016405,2.2416406,0.49164063,-0.89835936,-1.4183594,-1.6583594,-1.6583594,-1.5283594,-1.8983594,-2.9183593,-2.9983594
