json-data/2022072906.json
{"header": {"discipline":0,"disciplineName":"Meteorological products","gribEdition":2,"gribLength":78854,"center":7,"centerName":"US National Weather Service - NCEP(WMC)","subcenter":0,"refTime":"2022-07-29T06:00:00.000Z","significanceOfRT":1,"significanceOfRTName":"Start of forecast","productStatus":0,"productStatusName":"Operational products","productType":1,"productTypeName":"Forecast products","productDefinitionTemplate":0,"productDefinitionTemplateName":"Analysis/forecast at horizontal level/layer at a point in time","parameterCategory":2,"parameterCategoryName":"Momentum","parameterNumber":2,"parameterNumberName":"U-component_of_wind","parameterUnit":"m.s-1","genProcessType":2,"genProcessTypeName":"Forecast","forecastTime":0,"surface1Type":103,"surface1TypeName":"Specified height level above ground","surface1Value":10.0,"surface2Type":255,"surface2TypeName":"Missing","surface2Value":0.0,"gridDefinitionTemplate":0,"gridDefinitionTemplateName":"Latitude_Longitude","numberPoints":65160,"shape":6,"shapeName":"Earth spherical with radius of 6,371,229.0 m","gridUnits":"degrees","resolution":48,"winds":"true","scanMode":0,"nx":360,"ny":181,"basicAngle":0,"lo1":0.0,"la1":90.0,"lo2":359.0,"la2":-90.0,"dx":1.0,"dy":1.0}, "data":
[rows 52 to 77 of 181, columns 285 to 341 of 360]
4.3163085,5.1363087,7.8363085,7.9063087,8.076308,7.3663087,6.496309,5.6663084,4.8363085,2.9063087,2.2463086,1.4263086,0.4063086,2.1663086,2.3363085,2.5163085,3.0863085,3.1363087,2.1363087,2.3863087,1.0063086,8.156308,9.066309,7.6263084,7.786309,7.9163084,7.746309,6.2163086,5.6163087,5.4463086,5.0863085,4.286309,4.8563085,3.1463087,2.7063086,1.0463086,1.2163086,1.2663085,2.2863085,2.7663085,1.5763086,-0.9836914,1.3063086,2.8963087,-0.7136914,-0.7936914,-0.1436914,-0.9036914,-1.5236914,-1.6836914,-0.3436914,-1.0636914,-0.8636914,-0.06369141,0.17630859,-0.33369142,-1.1536914
5.8463087,7.6963086,9.736309,9.236309,8.506309,7.8963084,6.4063087,5.8163085,5.4563084,4.4263086,3.5063086,2.9063087,2.8363085,2.3063085,2.4463086,2.9663086,3.8363085,3.4263086,4.0663085,5.8163085,8.776309,8.676309,7.4563084,7.036309,7.0063086,6.6663084,6.286309,5.996309,4.726309,4.6963086,4.0863085,4.3163085,3.5163085,2.8563087,1.6663086,2.5963087,1.0563086,1.0863086,0.5363086,1.5763086,3.6163087,-0.75369143,0.2263086,0.5863086,-1.1336914,-1.3636914,-2.6736915,-2.8336914,-2.4336915,-0.6536914,-1.6936914,-1.8136914,-2.0836914,-1.2536914,-0.8936914,-0.4236914,0.066308595
7.3863087,9.116308,9.056309,8.936309,8.456308,7.5863085,7.1463084,6.6563087,6.2763085,6.0263085,4.8263087,4.5863085,3.1463087,2.1363087,2.6863086,2.8963087,5.1363087,5.9163084,7.0863085,7.6363087,7.2763085,6.9063087,6.1463084,6.1663084,5.9063087,5.6663084,6.1763086,4.9363084,4.286309,3.0163085,3.2863085,2.6163087,1.5763086,1.0263085,0.08630859,-0.15369141,-0.7036914,-1.3436913,-1.1636914,-0.7736914,-1.5136914,-0.7036914,-0.9736914,0.2863086,-3.7436914,-2.0236914,-2.2036915,-2.5636914,-3.1236913,-2.4936914,-1.9936914,-2.3736913,-2.4336915,-2.0236914,-1.4536914,-1.6236914,-1.2736914
9.036308,9.2963085,8.576308,8.556309,8.396309,8.016309,7.3863087,7.2563086,6.7363086,6.3863087,5.8163085,5.4463086,5.6863084,5.6063085,5.8763084,7.2763085,7.5963087,7.3263087,6.8863087,6.5563087,6.7063084,6.036309,5.7063084,5.726309,5.7563086,5.1263084,4.6963086,4.1963086,3.4363086,2.3863087,1.9263086,1.2363086,-0.113691404,0.1663086,-1.3336914,-1.5636914,-1.3136914,-2.3536913,-2.6536913,-1.8636914,-2.1736915,-1.6536914,-1.9036914,-1.4236914,-0.2936914,-3.3136914,-2.7136915,-3.8236914,-4.1536913,-3.7236915,-3.3636913,-2.2736914,-2.7336915,-2.5936913,-2.8236914,-2.7936914,-2.3736913
8.636309,7.9563084,7.8963084,7.9463086,7.8363085,7.8963084,8.3363085,7.4063087,6.3363085,6.1363087,6.2363086,5.746309,6.1863084,7.0963087,7.7763085,7.4663086,7.4263086,7.0563087,7.1663084,6.5763087,5.5963087,4.5763087,5.266309,5.2363086,4.6963086,3.8863087,2.8563087,3.3063085,2.5463085,1.7063086,1.2263086,-1.5436914,-0.5236914,-1.7036914,-2.5236914,-1.6736914,-2.7836914,-2.8036914,-3.4236915,-3.1336913,-3.5136914,-2.6636915,-2.7536914,-2.3936913,-2.5736914,-3.4836915,-2.2836914,-4.6636915,-4.983691,-4.7236915,-4.213691,-4.3336916,-4.023691,-4.233691,-4.1836915,-4.0936913,-3.6736915
7.1963086,7.1663084,7.0063086,6.8663087,6.5663085,6.5863085,7.3663087,6.8663087,6.3763084,6.5263085,6.6163087,6.726309,6.8163085,6.6263084,6.6463084,6.6963086,6.6763086,6.4263086,5.6563087,5.6763086,4.476309,4.1763086,4.1663084,3.4163086,2.7963085,2.0463085,2.0763085,0.8163086,0.6263086,-0.4036914,-0.6536914,0.016308594,-1.0436914,-0.63369143,-1.1036915,-1.6836914,-3.0936913,-3.3236914,-3.8836913,-4.0636916,-4.1636915,-3.8736913,-3.8336914,-3.4236915,-2.8536913,-2.2136915,-1.3336914,-0.4536914,-4.1936913,-4.463691,-4.6836915,-5.1636915,-1.8436913,-5.773691,-5.1136913,-5.003691,-5.1036916
5.746309,5.516309,5.3263087,5.3463087,5.5763087,5.766309,5.6463084,6.2163086,6.5563087,6.0263085,5.2063084,6.1963086,5.536309,5.4163084,6.246309,5.016309,5.6163087,4.1663084,3.2063086,2.9363086,2.7563086,2.4563086,1.7663085,1.5163085,0.3363086,-0.7236914,-1.5336914,-1.9636914,-1.9836915,-2.9836915,-3.5236914,-3.4036913,-2.1236913,-2.8336914,-3.0636914,-2.3236914,-3.3636913,-3.4736915,-4.713691,-4.4236913,-4.8136916,-5.0836916,-5.0836916,-4.6836915,-3.3236914,-2.2536914,-0.6836914,-3.0436914,-2.9136915,-3.7636914,-5.0536914,-3.8436913,-2.0836914,-6.1136913,-4.1936913,-3.8336914,-4.8836913
3.6063087,3.7563086,3.9163086,3.8363085,3.9663086,4.5463085,4.536309,5.3463087,5.0763087,5.036309,4.9863086,5.1463084,4.6263084,4.8763084,3.5063086,3.1263087,2.7863085,1.4463086,1.0063086,1.8863086,0.5063086,-0.013691407,-1.1036915,-1.5136914,-1.3736914,-1.8136914,-2.1336913,-3.3936913,-2.3336914,-1.1536914,-3.8636913,-3.8436913,-3.6336913,-4.1636915,-3.9936914,-3.8136914,-5.0736914,-3.8136914,-5.3736916,-5.1136913,-5.483691,-6.0936913,-5.9736915,-5.8036914,-4.8336916,-4.023691,-2.9036913,-1.3236914,-3.0236914,-2.1236913,-3.0536914,-2.4036913,-2.9936914,-0.5636914,-3.9936914,-4.1036916,-3.4736915
1.7063086,1.4363086,1.4063087,2.1763086,1.0663086,2.2263086,2.5463085,2.7463086,2.5663085,2.6163087,2.5163085,2.3763087,2.1063087,1.2063086,0.6763086,0.1663086,-1.0736914,-0.94369143,-0.94369143,-1.1936914,-1.7336915,-3.0336914,-3.6236913,-3.1736915,-2.1536913,-2.5536914,-3.5436914,-3.4836915,-3.3936913,-3.6936915,-4.7236915,-5.1736913,-5.4036913,-4.9236913,-4.7936916,-4.733691,-4.4136915,-5.463691,-5.6736913,-5.9936914,-6.4436913,-6.4436913,-6.3136916,-6.4136915,-6.0836916,-5.8536916,-4.8736916,-3.6536913,-3.7436914,-3.3336914,-3.7236915,-3.5036914,-1.3136914,-4.463691,-3.4736915,-3.3636913,-4.4036913
-1.3036914,-1.2636914,-1.5036914,-1.4536914,-1.1836914,-0.6536914,-0.3736914,-0.88369143,-0.88369143,-1.0236914,-1.0236914,-1.0136914,-1.5836914,-1.9936914,-2.2436914,-2.3836913,-2.4136915,-2.9136915,-3.8836913,-3.4836915,-4.1836915,-4.8736916,-5.4736915,-3.6636915,-4.5336914,-4.6236916,-5.0436916,-5.1036916,-5.3836913,-5.6436915,-5.8236914,-5.8136916,-5.273691,-5.4536915,-5.8536916,-6.5936913,-5.7436914,-6.1336913,-6.5836916,-6.773691,-6.9436913,-7.1236916,-7.2036915,-6.983691,-7.1336913,-6.3936915,-6.3736916,-5.6636915,-5.0936913,-4.0736914,-4.273691,-5.6136913,-5.4736915,-5.5736914,-4.1636915,-5.0936913,-4.1736913
-3.5036914,-3.4036913,-3.5436914,-3.0436914,-2.5036914,-3.1836915,-3.3936913,-2.8136914,-3.1836915,-3.5036914,-2.8736913,-3.5836914,-2.8236914,-4.6836915,-3.5236914,-4.2036915,-4.3236914,-4.5136914,-4.8036914,-5.2936916,-5.4336915,-6.1036916,-4.7236915,-5.3236914,-5.4036913,-5.713691,-5.9036913,-6.5336914,-6.8836913,-6.4936914,-6.6136913,-6.463691,-6.2936916,-6.463691,-6.483691,-5.9136915,-5.4736915,-6.1136913,-6.273691,-6.8636913,-7.0836916,-7.4736915,-6.8936915,-7.4936914,-7.3136916,-7.1936913,-6.503691,-6.2836914,-6.003691,-5.4936914,-5.4536915,-5.2636914,-4.963691,-6.1836915,-6.3136916,-6.713691,-6.253691
-4.733691,-4.6936913,-4.3536916,-4.1636915,-4.3636913,-4.003691,-4.983691,-4.1936913,-4.4936914,-4.9936914,-5.1236916,-4.6936913,-4.8836913,-5.5436916,-6.0836916,-4.753691,-5.6336913,-5.5636916,-5.9936914,-6.4236913,-6.1036916,-6.0436916,-4.963691,-6.1436915,-6.4036913,-6.753691,-6.9536915,-7.2436914,-7.7036915,-7.4936914,-7.4336915,-7.2836914,-6.6136913,-6.023691,-6.503691,-6.273691,-6.6436915,-6.1636915,-6.3036914,-6.9336915,-7.2036915,-7.2436914,-7.0736914,-6.713691,-7.753691,-7.4036913,-7.5136914,-6.9036913,-6.8936915,-6.4036913,-6.7236915,-6.6036916,-6.523691,-6.5536914,-7.1436915,-7.3136916,-5.3236914
-6.4236913,-6.1236916,-5.6036916,-6.0836916,-5.1536913,-5.8736916,-6.3336916,-6.6436915,-6.1136913,-5.8436913,-5.9036913,-5.8736916,-4.7636914,-6.963691,-6.273691,-6.2036915,-7.1436915,-6.0336914,-6.9436913,-6.6736913,-6.713691,-5.4336915,-6.1936913,-7.0936913,-7.5636916,-8.113691,-8.053692,-8.393691,-8.403691,-7.8836913,-8.083692,-7.7436914,-6.7936916,-6.6536913,-6.3736916,-5.9936914,-6.4136915,-6.8836913,-6.713691,-6.773691,-6.5736914,-6.9136915,-6.8636913,-7.3136916,-6.8936915,-7.7236915,-7.273691,-7.2936916,-7.1936913,-6.7636914,-6.9236913,-6.753691,-6.4936914,-6.023691,-6.3836913,-3.7236915,-5.3036914
-7.3536916,-7.6436915,-7.253691,-7.2936916,-7.2436914,-7.4336915,-7.2036915,-6.8836913,-6.273691,-6.1936913,-6.273691,-6.0736914,-5.8636913,-5.5136914,-7.233691,-7.1136913,-6.8036914,-7.8036914,-7.003691,-6.5836916,-7.0436916,-5.6736913,-7.2036915,-7.463691,-7.7636914,-8.503692,-8.6636915,-8.9136915,-8.053692,-7.963691,-7.7036915,-7.3636913,-6.9236913,-6.8536916,-6.463691,-6.2436914,-6.4536915,-6.523691,-6.9336915,-6.8036914,-6.5636916,-6.9236913,-7.5136914,-6.8336916,-6.3236914,-7.5736914,-7.1936913,-7.1036916,-7.1836915,-6.983691,-6.9236913,-6.9736915,-6.8336916,-6.4536915,-4.9136915,-4.0636916,-5.213691
-8.793692,-7.7036915,-8.613691,-8.043692,-8.613691,-8.343692,-7.7636914,-7.773691,-7.7836914,-7.3836913,-6.523691,-6.733691,-6.1236916,-7.0136914,-7.6536913,-7.8836913,-7.253691,-7.3636913,-6.253691,-5.8836913,-6.5336914,-7.023691,-7.6836915,-7.4336915,-7.9736915,-8.673692,-8.783691,-7.3036914,-7.5136914,-8.143691,-8.173692,-7.8336916,-7.5936913,-7.0736914,-6.5536914,-6.9236913,-6.3936915,-6.4136915,-6.8736916,-6.4536915,-6.3836913,-6.4036913,-6.3736916,-6.6436915,-6.9536915,-7.4036913,-7.273691,-6.5636916,-6.9036913,-7.4036913,-6.9136915,-6.5836916,-6.3136916,-5.6236916,-5.8436913,-5.5936913,-6.1336913
-9.143691,-9.313691,-8.823691,-9.143691,-8.613691,-9.293692,-7.7636914,-7.9236913,-8.503692,-8.293692,-7.8036914,-8.113691,-7.9736915,-7.8036914,-8.603691,-7.963691,-6.9036913,-7.023691,-6.3436913,-6.253691,-6.7436914,-7.3936915,-7.8236914,-7.3236914,-8.123692,-8.003692,-7.1536913,-7.2836914,-7.7936916,-8.183691,-8.033691,-7.3936915,-6.773691,-6.3736916,-7.6736913,-6.9936914,-6.8636913,-6.0636916,-6.1436915,-6.253691,-6.1436915,-6.0536914,-5.8836913,-6.233691,-6.4136915,-6.9436913,-6.6736913,-6.5936913,-6.2936916,-6.9736915,-6.523691,-6.773691,-6.5136914,-5.023691,-5.963691,-7.8336916,-5.963691
-9.083692,-9.733691,-9.813691,-9.4536915,-8.973691,-9.083692,-8.9536915,-8.523691,-8.353691,-9.863691,-8.9536915,-8.223691,-8.6636915,-7.3236914,-8.643691,-7.2936916,-6.983691,-7.3836913,-5.8636913,-7.9536915,-7.4936914,-7.6736913,-7.6836915,-7.8236914,-7.983691,-7.1536913,-6.7436914,-7.5536914,-6.8036914,-7.733691,-7.733691,-7.713691,-7.5436916,-6.8536916,-6.5936913,-7.1736913,-6.6936913,-6.2436914,-6.2836914,-6.2436914,-5.6136913,-5.1336913,-5.5636916,-5.8836913,-6.1136913,-6.1336913,-6.8436913,-6.4236913,-6.6436915,-6.4436913,-5.7836914,-5.8036914,-5.5936913,-6.1536913,-6.1736913,-5.9936914,-5.7236915
-9.643691,-9.443691,-10.423692,-9.843692,-9.213692,-9.903691,-8.963692,-8.383692,-9.043692,-9.123692,-9.283691,-9.653691,-8.983691,-9.213692,-8.523691,-7.6236916,-6.6336913,-7.0736914,-4.9036913,-7.6436915,-8.143691,-8.883692,-7.8536916,-7.8136916,-7.503691,-5.8236914,-7.2836914,-6.273691,-7.213691,-6.4936914,-6.3836913,-6.9736915,-6.8936915,-7.003691,-6.6436915,-7.0736914,-6.7036915,-6.1936913,-5.8436913,-5.4436913,-5.1036916,-4.9936914,-4.8036914,-5.2936916,-5.8336916,-5.4336915,-6.4336915,-5.463691,-6.1736913,-5.3936915,-5.4536915,-4.9536915,-5.3036914,-5.8836913,-6.4736915,-5.463691,-4.8536916
-0.6036914,-10.463692,-9.353691,-10.423692,-7.7636914,-8.513691,-8.423692,-8.473691,-8.173692,-9.493691,-10.023691,-9.093692,-9.433691,-8.583692,-8.263691,-7.463691,-7.233691,-6.4936914,-7.1536913,-8.093692,-8.293692,-9.273691,-8.803692,-7.8936915,-7.5336914,-5.0436916,-5.9536915,-5.6836915,-6.023691,-5.8436913,-5.9536915,-6.4436913,-6.983691,-6.7436914,-6.6736913,-6.753691,-6.5936913,-6.1636915,-5.3336916,-5.0836916,-5.1036916,-4.5936913,-4.2036915,-4.6936913,-5.6636915,-5.503691,-5.523691,-4.733691,-4.003691,-5.463691,-4.2636914,-4.273691,-4.3036914,-5.233691,-5.023691,-4.3736916,-3.7136915
-3.7536914,-2.4436915,-2.0736914,0.066308595,-0.8336914,0.7863086,-4.0136914,-8.103691,-8.233691,-8.1636915,-9.133692,-8.9136915,-8.613691,-7.9236913,-8.263691,-8.293692,-7.3936915,-6.3536916,-7.3836913,-8.123692,-8.443691,-9.093692,-9.7036915,-8.103691,-7.8636913,-5.753691,-5.713691,-5.2436914,-5.7436914,-5.3236914,-5.983691,-6.2636914,-6.4736915,-6.233691,-7.4736915,-6.6736913,-6.3836913,-6.1236916,-5.4336915,-4.7836914,-5.1236916,-4.3336916,-3.7736914,-3.7936914,-5.1736913,-5.273691,-5.2836914,-3.9836915,-3.8036914,-3.7936914,-3.4536915,-3.0336914,-3.7636914,-4.3536916,-2.7236915,-3.3036914,-2.2336915
-6.503691,-5.5836916,-5.7036915,-3.6436913,-5.3036914,-5.3936915,-4.8336916,-4.3036914,-0.4036914,-1.4036914,-7.7036915,-8.213692,-8.463692,-8.213692,-8.123692,-7.773691,-6.713691,-6.773691,-6.9936914,-8.283691,-8.523691,-9.263691,-9.093692,-7.9036913,-8.183691,-6.2936916,-5.5736914,-4.9136915,-5.0336914,-3.7436914,-4.6336913,-5.3736916,-7.023691,-7.5936913,-6.7836914,-6.3436913,-6.2036915,-6.3136916,-5.6936913,-5.0436916,-4.6336913,-4.1436915,-3.6836915,-3.0236914,-3.1536913,-3.1236913,-3.4736915,-3.5436914,-4.0736914,-3.5636914,-2.3736913,-2.4136915,-3.5936913,-2.6936915,-1.5736914,-0.7936914,0.066308595
-7.983691,-8.263691,-8.4136915,-9.593692,-9.1636915,-7.3836913,-8.2036915,-7.8036914,-7.9036913,-6.523691,-7.253691,-7.8536916,-8.743691,-7.9536915,-7.4936914,-6.7836914,-6.7836914,-6.2836914,-6.463691,-6.3436913,-8.043692,-8.563691,-9.483691,-9.1636915,-8.103691,-7.003691,-6.6836915,-5.8636913,-4.983691,-5.3936915,-5.3636913,-6.2036915,-6.1436915,-6.6836915,-6.1536913,-6.4336915,-6.3836913,-6.6636915,-6.1636915,-5.3336916,-4.5736914,-4.5136914,-4.4436913,-3.3536913,-2.3636913,-1.9936914,-2.4536915,-1.9636914,-1.8636914,-3.0036914,0.5963086,-2.7736914,-3.2236915,-2.7336915,0.2963086,1.0363086,2.5963087
-7.3536916,-8.343692,-9.193691,-9.1636915,-8.423692,-8.2036915,-7.8936915,-8.193691,-8.443691,-7.9036913,-7.253691,-8.333692,-9.4136915,-2.5836914,-8.103691,-6.9336915,-5.6136913,-6.1836915,-6.9736915,-6.1036916,-6.4236913,-8.243691,-8.443691,-8.893691,-8.9536915,-8.2036915,-7.0436916,-6.6036916,-5.3336916,-5.2436914,-4.523691,-5.023691,-5.7636914,-6.4436913,-5.8436913,-6.8036914,-6.6336913,-6.9936914,-6.4736915,-6.2836914,-5.2236915,-4.5636916,-4.2436914,-3.3036914,-2.5236914,-1.2036914,-0.8636914,-0.6136914,-0.18369141,0.6563086,-2.3736913,-1.7436914,-1.6036915,-1.7336915,0.9263086,3.1463087,4.8663087
-7.7636914,-8.143691,-8.293692,-8.293692,-8.6636915,-8.493691,-7.8736916,-7.7636914,-8.233691,-8.093692,-7.0536914,-7.8436913,-6.8236914,-7.1736913,-6.3236914,-6.4936914,-5.983691,-4.6136913,-4.463691,-5.1836915,-4.713691,-5.5336914,-6.5736914,-6.8936915,-6.5136914,-6.983691,-7.3236914,-6.3236914,-6.7236915,-5.9436913,-6.6536913,-6.5936913,-6.8736916,-6.8936915,-6.3636913,-6.9036913,-6.7936916,-7.6636915,-6.7936916,-6.2936916,-5.7636914,-4.6936913,-4.6036916,-3.9836915,-2.3836913,-1.4136914,-0.1736914,0.4363086,1.1663086,1.7463086,-0.7336914,-0.12369141,0.6863086,1.0063086,2.5263085,4.8963084,6.246309
-8.313691,-7.8136916,-8.033691,-8.063691,-8.003692,-8.483691,-7.6636915,-7.3636913,-7.3836913,-8.073691,-8.803692,-8.853691,-7.4536915,-7.3136916,-5.1536913,-6.0636916,-5.6736913,-5.253691,-5.1536913,-4.963691,-4.7636914,-4.003691,-3.5436914,-4.6936913,-5.0136914,-5.2636914,-5.8736916,-5.7236915,-6.7636914,-6.773691,-6.9736915,-6.3836913,-7.3836913,-7.4436913,-7.3536916,-6.7236915,-7.3736916,-7.523691,-7.3536916,-6.9536915,-6.0736914,-5.213691,-5.0136914,-3.6036913,-2.5236914,-2.0036914,-0.9136914,-0.023691406,2.0363085,3.2463086,3.8663087,5.3463087,1.0863086,3.2763085,4.3163085,6.5763087,7.8663087
-7.6936913,-7.6536913,-7.2236915,-7.483691,-8.033691,-8.763691,-7.753691,-7.0736914,-7.5636916,-7.2936916,-7.9036913,-8.693691,-7.963691,-7.3236914,-6.9536915,-5.983691,-5.7036915,-5.3136916,-5.2436914,-5.2036915,-4.6236916,-4.4236913,-4.1236916,-3.9436915,-4.213691,-5.4936914,-5.8836913,-5.2936916,-5.6336913,-5.3336916,-5.3936915,-6.3536916,-7.7036915,-7.8136916,-7.773691,-7.4736915,-7.4236913,-7.1036916,-7.023691,-6.5136914,-6.3836913,-5.8836913,-4.733691,-2.1736915,-3.0136914,-3.3436913,-1.7436914,0.1363086,0.99630857,2.2663085,4.1163087,5.8863087,5.7763085,6.516309,5.3863087,6.2763085,6.6763086
