json-data/2022072506.json
{"header": {"discipline":0,"disciplineName":"Meteorological products","gribEdition":2,"gribLength":47711,"center":7,"centerName":"US National Weather Service - NCEP(WMC)","subcenter":0,"refTime":"2022-07-25T06:00:00.000Z","significanceOfRT":1,"significanceOfRTName":"Start of forecast","productStatus":0,"productStatusName":"Operational products","productType":1,"productTypeName":"Forecast products","productDefinitionTemplate":0,"productDefinitionTemplateName":"Analysis/forecast at horizontal level/layer at a point in time","parameterCategory":0,"parameterCategoryName":"Temperature","parameterNumber":0,"parameterNumberName":"Temperature","parameterUnit":"K","genProcessType":2,"genProcessTypeName":"Forecast","forecastTime":0,"surface1Type":1,"surface1TypeName":"Ground or water surface","surface1Value":0.0,"surface2Type":255,"surface2TypeName":"Missing","surface2Value":0.0,"gridDefinitionTemplate":0,"gridDefinitionTemplateName":"Latitude_Longitude","numberPoints":65160,"shape":6,"shapeName":"Earth spherical with radius of 6,371,229.0 m","gridUnits":"degrees","resolution":48,"winds":"true","scanMode":0,"nx":360,"ny":181,"basicAngle":0,"lo1":0.0,"la1":90.0,"lo2":359.0,"la2":-90.0,"dx":1.0,"dy":1.0}, "data":
[rows 0 to 26 of 181, columns 122 to 182 of 360]
272.87323,272.87323,272.87323,272.87323,272.87323,272.87323,272.87323,272.87323,272.87323,272.87323,272.87323,272.87323,272.87323,272.87323,272.87323,272.87323,272.87323,272.87323,272.87323,272.87323,272.87323,272.87323,272.87323,272.87323,272.87323,272.87323,272.87323,272.87323,272.87323,272.87323,272.87323,272.87323,272.87323,272.87323,272.87323,272.87323,272.87323,272.87323,272.87323,272.87323,272.87323,272.87323,272.87323,272.87323,272.87323,272.87323,272.87323,272.87323,272.87323,272.87323,272.87323,272.87323,272.87323,272.87323,272.87323,272.87323,272.87323,272.87323,272.87323,272.87323,272.87323
272.87323,272.87323,272.87323,272.87323,272.87323,272.87323,272.87323,272.87323,272.87323,272.87323,272.87323,272.87323,272.87323,272.87323,272.87323,272.87323,272.87323,272.87323,272.77322,272.77322,272.77322,272.87323,272.87323,272.87323,272.87323,272.87323,272.87323,272.87323,272.87323,272.87323,272.87323,272.87323,272.87323,272.87323,272.87323,272.87323,272.87323,272.87323,272.87323,272.87323,272.87323,272.87323,272.87323,272.87323,272.87323,272.87323,272.87323,272.87323,272.77322,272.77322,272.77322,272.77322,272.77322,272.77322,272.77322,272.77322,272.77322,272.77322,272.77322,272.77322,272.77322
272.87323,272.87323,272.87323,272.87323,272.87323,272.77322,272.77322,272.87323,272.87323,272.87323,272.87323,272.87323,272.87323,272.87323,272.87323,272.87323,272.87323,272.87323,272.87323,272.87323,272.87323,272.87323,272.87323,272.87323,272.87323,272.87323,272.87323,272.87323,272.87323,272.87323,272.87323,272.87323,272.87323,272.87323,272.87323,272.87323,272.87323,272.9732,272.9732,272.9732,272.9732,272.9732,272.9732,272.9732,272.9732,272.9732,272.9732,272.9732,272.9732,272.9732,272.9732,272.9732,272.9732,272.9732,272.9732,272.9732,272.9732,272.9732,272.9732,272.9732,272.9732
272.87323,272.87323,272.87323,272.87323,272.87323,272.77322,272.77322,272.77322,272.87323,272.87323,272.87323,272.87323,272.87323,272.87323,272.9732,272.9732,272.9732,272.9732,272.9732,272.9732,272.9732,272.9732,272.9732,272.9732,272.9732,272.9732,272.9732,272.9732,272.87323,272.87323,272.87323,272.87323,272.87323,272.87323,272.9732,272.9732,272.9732,272.9732,272.9732,272.9732,272.9732,272.9732,272.9732,272.9732,273.0732,273.0732,273.0732,273.0732,273.0732,273.0732,273.0732,273.0732,273.0732,273.0732,273.0732,273.0732,273.0732,273.0732,273.0732,273.0732,273.0732
272.87323,272.9732,272.9732,272.9732,272.9732,272.9732,272.9732,272.87323,272.87323,272.77322,272.77322,272.87323,272.87323,272.87323,272.87323,272.9732,272.9732,272.9732,272.9732,272.87323,272.87323,272.87323,272.9732,272.9732,272.9732,273.0732,273.0732,273.0732,273.0732,273.0732,273.0732,273.0732,273.0732,273.0732,273.0732,273.0732,273.0732,273.0732,273.0732,273.0732,273.0732,273.0732,273.0732,273.0732,273.0732,273.0732,273.0732,273.0732,273.0732,273.0732,273.0732,273.0732,273.0732,273.0732,273.0732,273.0732,273.0732,273.0732,273.0732,273.0732,273.0732
272.67322,272.87323,272.87323,272.87323,272.9732,272.87323,272.9732,272.77322,272.87323,272.87323,273.0732,273.0732,273.0732,273.0732,273.0732,272.9732,272.9732,272.9732,272.9732,272.9732,272.87323,272.9732,273.0732,273.0732,273.0732,273.0732,273.0732,273.0732,273.0732,273.0732,273.0732,273.0732,273.0732,273.0732,273.0732,273.0732,273.0732,273.0732,273.0732,273.0732,273.0732,273.0732,273.0732,273.0732,273.0732,273.0732,273.0732,273.0732,273.0732,273.0732,273.0732,273.0732,273.0732,273.0732,273.0732,273.0732,273.0732,273.0732,273.0732,273.0732,273.0732
272.67322,272.67322,272.67322,272.67322,272.87323,272.87323,272.9732,272.9732,272.9732,272.9732,272.87323,272.87323,272.9732,272.9732,272.9732,272.9732,272.9732,272.9732,272.9732,272.9732,272.9732,272.9732,272.9732,273.0732,273.0732,273.0732,273.0732,273.0732,273.0732,273.0732,273.0732,273.0732,273.0732,273.0732,273.0732,273.0732,273.0732,273.0732,273.0732,273.0732,273.0732,273.0732,273.0732,273.0732,273.0732,273.0732,273.0732,273.0732,273.0732,273.0732,273.0732,273.0732,273.0732,273.0732,273.0732,273.0732,273.0732,273.0732,273.0732,273.0732,273.0732
272.5732,272.27322,272.4732,272.5732,272.4732,272.4732,272.67322,272.4732,272.67322,272.5732,272.77322,272.87323,272.77322,272.77322,272.77322,272.9732,272.9732,272.9732,272.9732,272.9732,272.9732,272.87323,272.9732,272.9732,272.9732,272.9732,273.0732,272.9732,273.0732,272.9732,272.9732,272.9732,273.0732,272.9732,272.9732,273.0732,273.0732,273.0732,273.0732,273.0732,273.0732,273.0732,273.0732,273.0732,273.0732,273.0732,273.0732,273.0732,273.0732,273.0732,273.0732,273.0732,273.0732,273.0732,273.0732,273.0732,273.0732,273.0732,273.0732,273.0732,273.0732
272.9732,272.9732,272.9732,272.9732,272.9732,272.9732,272.9732,272.9732,272.9732,272.9732,272.9732,272.9732,272.87323,272.87323,272.77322,272.77322,272.77322,272.77322,272.5732,272.67322,272.77322,272.87323,272.77322,272.9732,272.87323,272.87323,272.87323,272.87323,272.9732,272.87323,272.9732,272.9732,272.9732,272.9732,273.0732,273.0732,273.0732,273.0732,273.0732,273.0732,273.0732,273.0732,273.0732,273.0732,273.0732,273.0732,273.0732,273.0732,273.0732,273.0732,273.0732,273.0732,273.0732,272.9732,272.9732,273.0732,273.0732,273.0732,273.0732,273.0732,273.0732
273.0732,273.0732,273.0732,273.0732,273.0732,273.0732,272.9732,272.9732,272.9732,272.9732,272.9732,272.9732,272.9732,272.87323,272.87323,272.87323,272.87323,272.9732,272.9732,272.87323,272.9732,272.9732,272.9732,272.9732,272.9732,272.9732,272.9732,272.9732,272.9732,272.9732,272.9732,272.9732,272.9732,272.9732,272.9732,272.9732,272.9732,272.9732,272.9732,273.0732,273.0732,273.0732,273.0732,273.0732,273.0732,273.0732,273.0732,273.0732,273.0732,273.0732,273.0732,273.0732,273.0732,272.9732,272.9732,273.0732,273.0732,273.0732,273.0732,273.0732,273.0732
273.0732,273.0732,273.0732,273.0732,273.0732,273.0732,273.0732,273.0732,273.0732,272.9732,272.9732,272.9732,272.9732,272.9732,272.9732,272.87323,272.77322,272.77322,272.67322,272.77322,272.87323,272.77322,272.87323,272.87323,272.9732,272.87323,272.87323,272.77322,272.4732,272.4732,272.67322,272.87323,272.77322,272.67322,272.87323,272.9732,272.9732,272.9732,272.9732,272.9732,272.9732,273.0732,273.0732,273.0732,273.0732,273.0732,273.0732,273.0732,273.0732,273.0732,273.0732,273.0732,273.0732,273.0732,273.0732,273.0732,273.0732,273.0732,273.0732,273.0732,273.0732
273.17322,273.17322,273.0732,273.0732,273.0732,273.0732,273.0732,273.0732,272.9732,272.9732,272.9732,272.9732,272.9732,272.9732,272.87323,272.87323,272.87323,272.77322,272.67322,272.5732,272.4732,272.17322,271.67322,272.5732,272.77322,272.87323,271.5732,271.4732,271.5732,271.9732,272.0732,272.17322,272.37323,272.37323,272.5732,272.67322,272.5732,272.5732,272.67322,272.77322,272.9732,272.9732,272.9732,272.9732,273.0732,273.0732,273.0732,273.0732,273.0732,273.0732,273.0732,273.0732,273.0732,272.9732,272.9732,273.0732,272.9732,272.9732,273.0732,273.0732,272.9732
273.0732,273.0732,273.0732,273.0732,273.0732,273.0732,272.9732,272.87323,272.77322,272.5732,272.37323,272.37323,272.77322,272.9732,272.87323,272.87323,272.67322,272.5732,272.67322,272.67322,272.4732,272.37323,272.27322,272.5732,272.67322,272.77322,272.9732,273.27322,273.4732,273.87323,273.9732,271.87323,272.27322,272.37323,272.4732,272.5732,272.5732,272.67322,272.77322,272.87323,272.87323,272.87323,272.87323,272.9732,272.87323,272.9732,272.87323,272.9732,272.9732,272.9732,272.9732,273.0732,273.0732,273.0732,273.0732,273.0732,273.0732,273.0732,273.0732,273.0732,273.0732
274.77322,274.77322,271.77322,274.37323,273.67322,271.5732,271.77322,272.37323,272.4732,272.87323,273.4732,271.5732,271.5732,272.0732,271.5732,271.5732,273.77322,271.9732,271.9732,273.27322,273.27322,273.17322,273.0732,272.87323,272.9732,272.87323,272.87323,273.0732,273.0732,272.9732,272.9732,273.5732,274.17322,272.0732,272.37323,272.4732,272.5732,272.5732,272.77322,272.77322,272.87323,272.67322,272.67322,272.77322,272.77322,272.77322,272.87323,272.9732,272.9732,272.9732,272.9732,272.87323,272.9732,272.9732,272.9732,272.9732,272.9732,272.9732,272.9732,272.9732,272.9732
274.77322,274.77322,274.9732,274.87323,274.87323,274.87323,274.77322,274.87323,274.87323,274.77322,274.4732,274.37323,274.27322,274.17322,274.27322,273.9732,287.17322,285.37323,275.5732,271.77322,284.0732,273.67322,273.67322,273.67322,273.5732,273.5732,273.5732,273.37323,273.37323,273.4732,272.87323,272.27322,272.67322,272.87323,272.87323,272.9732,272.87323,272.9732,272.9732,272.87323,272.87323,272.87323,272.87323,272.9732,272.87323,272.9732,272.87323,272.9732,272.9732,272.9732,272.87323,272.87323,272.9732,272.9732,272.9732,272.9732,272.9732,272.9732,272.9732,272.9732,272.87323
276.0732,276.27322,276.4732,276.27322,276.4732,276.27322,276.17322,275.87323,275.5732,275.0732,274.5732,274.27322,274.17322,274.0732,273.87323,272.17322,286.87323,283.17322,280.87323,273.17322,273.0732,280.87323,274.37323,272.87323,272.67322,276.37323,285.0732,285.17322,284.17322,273.5732,273.5732,273.37323,273.37323,273.37323,272.0732,272.67322,272.87323,272.9732,272.9732,272.9732,272.9732,272.9732,272.87323,272.87323,272.87323,272.77322,272.77322,272.87323,272.77322,272.87323,272.77322,272.77322,272.87323,272.77322,272.77322,272.87323,272.87323,272.9732,272.9732,272.87323,272.77322
275.5732,275.87323,275.9732,275.67322,276.4732,276.77322,276.4732,275.87323,275.27322,274.87323,274.67322,274.5732,274.4732,274.4732,272.5732,274.27322,274.37323,274.0732,274.0732,285.87323,273.5732,273.4732,271.77322,271.87323,271.87323,272.27322,272.37323,272.37323,272.0732,271.77322,272.67322,273.27322,273.27322,273.27322,272.4732,272.77322,272.87323,272.9732,272.9732,272.9732,272.9732,272.9732,272.9732,272.9732,272.9732,272.9732,272.9732,272.9732,272.87323,272.87323,272.77322,272.67322,272.67322,272.5732,272.77322,272.67322,272.5732,272.5732,272.5732,272.5732,272.5732
283.27322,276.0732,301.4732,302.17322,300.5732,275.17322,301.37323,296.37323,276.4732,275.87323,275.67322,275.0732,274.27322,274.5732,273.9732,273.9732,274.4732,273.17322,273.17322,273.17322,272.37323,272.77322,273.4732,273.77322,274.0732,273.77322,273.87323,272.9732,272.5732,272.67322,272.77322,272.77322,272.77322,272.87323,272.87323,272.87323,272.87323,272.87323,272.9732,272.9732,272.9732,272.9732,273.0732,272.9732,272.9732,272.87323,272.9732,272.9732,273.0732,272.9732,272.9732,272.9732,272.9732,272.87323,272.9732,272.77322,272.5732,272.67322,272.67322,272.37323,272.17322
302.4732,302.5732,303.37323,303.77322,301.87323,296.87323,299.67322,279.27322,276.87323,277.17322,279.67322,278.0732,278.37323,276.87323,275.17322,275.17322,275.4732,275.27322,299.27322,299.37323,298.4732,297.9732,296.9732,294.37323,273.37323,289.67322,286.0732,283.17322,274.4732,274.37323,274.37323,272.67322,272.67322,272.67322,272.67322,272.67322,272.77322,272.87323,272.9732,272.9732,272.9732,272.9732,273.0732,272.9732,273.0732,272.9732,272.9732,272.9732,272.87323,272.9732,272.87323,272.77322,272.67322,272.77322,272.77322,272.5732,272.5732,272.4732,272.5732,271.9732,271.67322
305.0732,302.4732,301.0732,300.4732,301.67322,301.27322,302.9732,301.0732,299.67322,275.0732,304.77322,303.87323,304.4732,302.77322,304.37323,305.0732,306.5732,304.5732,303.27322,301.9732,301.17322,300.77322,300.0732,299.5732,299.27322,293.67322,297.4732,296.87323,294.0732,289.77322,279.0732,274.17322,274.87323,280.4732,285.37323,278.5732,277.27322,273.9732,273.9732,272.9732,272.9732,272.77322,272.9732,272.9732,272.9732,272.9732,272.9732,272.9732,272.9732,272.9732,272.9732,272.9732,272.87323,272.77322,272.4732,272.4732,271.87323,281.9732,277.9732,277.77322,277.27322
305.17322,306.37323,304.4732,302.5732,301.67322,302.17322,301.67322,303.27322,301.87323,301.37323,301.27322,296.0732,302.0732,300.77322,305.17322,304.9732,302.87323,300.4732,300.87323,299.87323,301.4732,301.87323,301.67322,299.5732,299.9732,300.5732,296.67322,295.67322,295.5732,294.9732,294.67322,292.9732,292.0732,290.5732,288.4732,287.37323,285.77322,284.4732,274.77322,274.77322,274.9732,273.37323,271.9732,272.5732,272.87323,272.5732,273.0732,272.9732,272.9732,284.77322,282.77322,272.9732,272.9732,272.9732,272.77322,272.87323,272.77322,272.27322,273.4732,271.87323,271.4732
304.87323,302.77322,305.87323,304.27322,302.9732,304.87323,302.67322,301.17322,301.37323,301.67322,301.37323,303.0732,298.77322,304.27322,300.4732,302.9732,299.4732,300.87323,298.5732,300.77322,299.67322,301.27322,300.9732,301.4732,301.37323,299.87323,299.27322,299.17322,298.77322,299.0732,297.67322,296.9732,295.87323,292.87323,292.5732,288.77322,288.27322,286.37323,281.9732,292.37323,292.37323,287.87323,286.37323,288.0732,283.17322,285.27322,284.77322,279.87323,274.5732,276.17322,285.27322,281.27322,279.5732,280.37323,275.4732,277.37323,277.37323,277.9732,274.67322,272.27322,271.87323
302.27322,300.67322,307.87323,306.4732,305.37323,304.67322,305.4732,299.4732,300.27322,301.17322,301.77322,301.17322,301.0732,299.67322,301.87323,299.0732,298.4732,289.77322,298.87323,301.4732,300.37323,302.0732,303.87323,304.27322,304.37323,303.77322,298.27322,299.27322,297.9732,299.0732,296.37323,295.37323,295.27322,284.5732,294.4732,292.5732,292.5732,293.87323,294.77322,296.87323,297.87323,296.17322,292.77322,288.27322,289.67322,286.17322,284.77322,281.87323,282.4732,284.0732,283.4732,283.0732,284.5732,281.0732,280.77322,282.67322,277.77322,278.87323,280.17322,278.37323,275.77322
306.67322,305.87323,306.5732,304.4732,303.4732,303.77322,304.9732,300.4732,304.67322,302.67322,303.17322,301.77322,304.0732,298.9732,296.37323,301.87323,302.4732,298.17322,294.27322,299.77322,303.37323,302.5732,292.4732,299.4732,303.5732,303.17322,301.4732,300.27322,301.4732,300.9732,299.5732,297.37323,297.77322,297.0732,297.77322,296.27322,295.17322,295.67322,297.0732,292.0732,295.67322,296.0732,293.27322,294.17322,290.37323,287.5732,287.37323,285.9732,284.9732,284.37323,283.0732,282.77322,287.0732,284.77322,285.0732,281.37323,278.77322,282.37323,280.4732,279.17322,275.37323
308.77322,308.37323,279.77322,304.17322,304.67322,300.87323,303.27322,302.9732,301.77322,304.9732,305.37323,302.4732,304.37323,296.4732,293.77322,295.5732,292.67322,293.37323,297.87323,299.9732,301.77322,300.9732,302.87323,302.87323,297.5732,298.27322,298.5732,301.5732,302.67322,302.87323,298.27322,298.0732,294.9732,295.27322,297.77322,297.4732,297.9732,298.17322,294.17322,294.27322,287.4732,291.37323,288.17322,288.77322,287.17322,288.9732,287.9732,287.0732,285.4732,284.37323,285.0732,287.5732,287.9732,283.4732,283.67322,284.87323,285.17322,285.17322,285.87323,279.5732,282.87323
300.67322,305.9732,303.9732,287.67322,301.17322,305.5732,304.5732,301.77322,302.67322,302.4732,304.37323,305.0732,303.9732,302.9732,303.4732,300.0732,297.9732,298.27322,298.87323,299.37323,299.0732,301.87323,297.87323,299.5732,297.37323,301.67322,296.87323,300.17322,301.77322,302.67322,301.77322,297.67322,297.0732,299.37323,297.17322,296.9732,296.77322,296.4732,295.9732,295.0732,293.87323,291.77322,291.17322,291.27322,290.87323,290.37323,287.67322,286.77322,288.87323,291.5732,288.87323,286.77322,283.0732,285.4732,286.77322,283.0732,284.5732,282.37323,282.17322,280.67322,280.87323
304.27322,300.9732,302.37323,303.37323,305.4732,303.0732,306.5732,305.17322,304.9732,304.87323,299.67322,295.4732,295.37323,295.4732,303.67322,298.27322,301.5732,300.0732,297.17322,297.87323,299.67322,301.37323,301.17322,301.4732,297.87323,295.9732,298.17322,300.37323,301.4732,302.37323,300.0732,299.77322,301.4732,298.9732,299.17322,297.37323,294.67322,294.37323,293.9732,294.17322,293.27322,292.0732,295.4732,291.87323,293.5732,289.27322,288.0732,288.9732,287.17322,290.0732,288.0732,285.9732,286.77322,282.77322,285.67322,285.0732,285.5732,281.5732,281.0732,280.67322,280.5732
