json-data/2022072818.json
{"header": {"discipline":0,"disciplineName":"Meteorological products","gribEdition":2,"gribLength":79493,"center":7,"centerName":"US National Weather Service - NCEP(WMC)","subcenter":0,"refTime":"2022-07-28T18:00:00.000Z","significanceOfRT":1,"significanceOfRTName":"Start of forecast","productStatus":0,"productStatusName":"Operational products","productType":1,"productTypeName":"Forecast products","productDefinitionTemplate":0,"productDefinitionTemplateName":"Analysis/forecast at horizontal level/layer at a point in time","parameterCategory":2,"parameterCategoryName":"Momentum","parameterNumber":2,"parameterNumberName":"U-component_of_wind","parameterUnit":"m.s-1","genProcessType":2,"genProcessTypeName":"Forecast","forecastTime":0,"surface1Type":103,"surface1TypeName":"Specified height level above ground","surface1Value":10.0,"surface2Type":255,"surface2TypeName":"Missing","surface2Value":0.0,"gridDefinitionTemplate":0,"gridDefinitionTemplateName":"Latitude_Longitude","numberPoints":65160,"shape":6,"shapeName":"Earth spherical with radius of 6,371,229.0 m","gridUnits":"degrees","resolution":48,"winds":"true","scanMode":0,"nx":360,"ny":181,"basicAngle":0,"lo1":0.0,"la1":90.0,"lo2":359.0,"la2":-90.0,"dx":1.0,"dy":1.0}, "data":
[rows 78 to 103 of 181, columns 58 to 115 of 360]
5.2370973,4.9670973,4.8470974,4.477097,4.8670974,5.127097,5.4470973,5.037097,5.557097,4.5970974,4.877097,4.397097,4.957097,4.3870974,3.6370971,3.397097,2.9870973,1.5770972,0.96709716,0.27709717,-0.63290286,-0.37290284,-3.4729028,-3.542903,-2.6229029,-2.342903,-2.4829028,-3.7029028,-3.5029027,-4.172903,-4.752903,-4.7829027,-4.3029027,-3.7129028,-2.2729027,-2.9529028,-1.8529029,-0.64290285,-0.022902831,0.18709716,-0.37290284,-0.20290284,1.4470972,-0.082902834,0.26709718,-0.27290285,0.12709717,0.71709716,-0.13290283,-0.9429028,0.04709717,1.8170972,3.2670972,2.2570972,2.647097,2.9870973,4.247097,4.767097
5.707097,4.897097,4.8870974,5.0970974,4.9870973,5.2370973,5.047097,3.647097,4.827097,4.047097,4.4670973,4.607097,4.4270973,5.047097,3.0770972,3.0570972,2.667097,2.207097,-0.41290283,2.7770972,-4.702903,-2.2629027,-3.1129029,-2.6529028,-1.9629028,-2.1629028,-2.542903,-3.7529027,-3.7229028,-4.952903,-5.312903,-4.832903,-4.3029027,-4.602903,-3.9429028,-3.852903,-3.6529028,-2.3829029,-1.1829028,-1.2629029,-0.13290283,-0.39290282,0.7670972,0.04709717,-0.76290286,-0.032902833,0.36709717,1.1770972,1.3670971,0.58709717,1.6070971,6.327097,4.577097,3.2170973,3.167097,3.3470972,3.5370972,4.807097
5.827097,5.577097,5.207097,5.1170974,6.377097,4.8870974,4.6970973,3.8670971,4.167097,3.7670972,3.8070972,3.667097,4.377097,3.3270972,4.047097,3.2170973,3.0270972,2.6370971,1.8670971,-0.47290283,-1.7329029,-1.2329029,-0.88290286,-0.97290283,-0.7329028,-1.6329029,-2.1529028,-2.9129028,-3.2529027,-2.9229028,-3.542903,-4.3629026,-4.0129027,-4.1529026,-2.9329028,-2.9529028,-3.1229029,-1.2829028,-1.0229028,-0.9429028,-0.49290285,0.5670972,-0.53290284,-1.7029028,-1.3029028,-0.7929028,0.84709716,1.8070972,1.8470972,5.0070972,6.3670974,5.647097,4.4870973,4.037097,3.0470972,2.7570972,3.6270971,3.667097
6.4270973,6.1570973,5.277097,5.317097,5.9470973,4.797097,4.747097,3.937097,4.627097,3.6370971,4.7370973,2.947097,3.207097,3.3670971,4.087097,3.8270972,3.0770972,2.6270971,0.98709714,0.96709716,-1.0229028,0.16709717,0.12709717,1.8570971,1.7070972,-0.43290284,1.1270971,0.07709717,-0.9829028,-1.6929028,-2.332903,-4.0929027,-3.7529027,-3.7829027,-3.582903,-2.092903,-0.70290285,-0.6729028,-0.20290284,-0.13290283,-1.3929029,0.5170972,-0.10290283,-2.7429028,-1.8029028,-1.1529028,0.32709718,-0.37290284,2.8570971,3.897097,4.497097,4.4670973,3.5270972,3.3470972,3.167097,3.9770973,2.8870971,3.1170971
7.187097,6.2570972,5.837097,5.607097,5.6970973,5.207097,3.947097,3.5070972,3.5670972,3.417097,3.897097,3.0970972,3.3170972,3.3670971,4.377097,3.7870972,2.8470972,3.897097,2.7670972,2.6270971,5.477097,3.947097,-0.012902832,1.6670972,2.927097,-0.47290283,3.437097,2.5170972,2.5670972,2.5170972,2.667097,2.0170972,-0.33290282,-1.6729028,-1.6529028,-2.9029028,-1.5929028,0.15709716,-0.5529028,-1.4529028,-1.9529028,-1.4329028,0.37709716,-1.8329028,-2.6729028,-1.9729028,-0.5629028,-0.52290285,1.3170972,2.3370972,2.667097,3.7170973,3.177097,3.2170973,2.917097,2.4770973,3.157097,2.7170973
6.857097,6.4670973,5.817097,5.6770973,4.777097,3.8770971,4.287097,3.3470972,3.397097,2.7270973,3.457097,3.417097,3.5970972,4.0070972,4.307097,4.667097,4.457097,2.697097,3.457097,3.2970972,4.577097,5.277097,-0.37290284,0.19709717,0.33709717,2.6170971,2.707097,2.3470972,3.8670971,4.817097,4.0070972,4.1370974,3.3470972,3.8870971,2.6270971,0.60709715,0.32709718,2.3870971,4.937097,2.0170972,-2.9729028,-2.9029028,-0.57290286,-0.51290286,-2.2729027,-3.1929028,-2.1329029,-1.0629028,-0.76290286,1.2270972,1.6970972,2.187097,1.9270972,1.6670972,2.6370971,1.6470971,1.1270971,1.8670971
6.187097,6.7170973,5.857097,5.377097,4.3870974,3.6370971,2.8570971,3.3770971,2.3870971,2.3070972,2.3670971,2.6270971,3.167097,4.1770973,4.5070972,4.707097,5.6970973,5.817097,5.6570973,5.9870973,6.057097,5.107097,5.107097,6.1770973,2.407097,1.0270972,4.0070972,4.7170973,4.877097,3.907097,4.4670973,5.327097,5.3870974,6.027097,6.037097,5.997097,2.957097,3.5770972,1.5570972,3.897097,2.407097,-2.4129028,0.067097165,-0.29290283,0.90709716,-2.1129029,-2.2729027,-1.6229029,-0.40290284,-0.14290284,1.4370972,0.9470972,0.41709718,0.23709717,0.12709717,0.07709717,0.08709717,-0.8629028
5.7170973,6.577097,6.6570973,4.587097,3.6370971,2.8570971,2.667097,2.5770972,2.4770973,2.187097,2.1370971,2.3770971,3.0770972,3.4970973,3.697097,5.107097,5.6570973,6.4470973,6.607097,6.977097,6.6770973,6.6370974,6.0970974,6.377097,5.9270973,4.827097,0.9370972,4.687097,5.227097,5.027097,5.9270973,7.457097,7.857097,8.617097,8.917097,7.517097,6.5070972,-0.40290284,0.11709717,1.1170971,4.147097,-0.19290283,-1.8529029,-0.36290282,0.5770972,0.71709716,-0.8729028,-1.7429029,-0.5629028,0.42709717,0.77709717,-0.36290282,0.037097167,-0.65290284,-0.78290284,-1.0629028,-2.1129029,-2.302903
4.537097,2.957097,4.4270973,3.9870973,2.5770972,2.0370972,1.8670971,2.1270971,2.147097,2.1370971,2.0470972,1.8470972,2.8270972,3.697097,3.6370971,4.2570972,5.397097,6.227097,6.4070973,7.1770973,6.827097,7.4270973,6.567097,6.6770973,6.3470974,6.1370974,5.587097,4.547097,3.957097,6.317097,7.357097,7.667097,8.527097,9.027097,9.747097,9.557097,8.967097,7.1370974,1.4070972,0.37709716,0.92709714,2.0370972,-1.3129028,-0.5029028,-0.27290285,0.73709714,-0.32290283,-1.7429029,-0.082902834,0.43709716,-0.66290283,-0.96290284,-1.1729028,-1.3929029,-1.2429029,-1.8529029,-0.5629028,-0.8029028
4.4070973,2.0470972,1.3870971,0.23709717,0.37709716,1.0170971,1.0870972,1.5370972,1.5570972,1.4470972,1.7370971,1.8770971,3.197097,2.7870972,3.5070972,3.6070971,4.527097,5.477097,6.3670974,7.0970974,6.647097,7.4470973,7.1970973,6.787097,6.837097,6.587097,6.807097,5.667097,4.557097,6.8670974,5.7570972,6.707097,8.787097,9.687098,10.697097,10.827097,9.867097,9.527097,9.447097,4.357097,0.08709717,1.4470972,0.6370972,-2.7129028,-1.2629029,-0.47290283,-0.77290285,-2.052903,-1.3029028,-0.04290283,-1.3929029,-0.8129028,-2.1529028,-2.6229029,-3.2629027,-0.66290283,-0.8029028,-0.48290282
2.2670972,2.0970972,1.3070972,1.1970972,0.30709717,0.77709717,0.7070972,1.3570971,0.22709717,1.6770972,1.4070972,2.7470973,2.4870973,3.207097,2.937097,4.0970974,4.607097,5.287097,5.707097,6.4670973,6.6170974,6.4270973,7.227097,7.067097,6.607097,7.707097,7.6770973,6.747097,6.417097,6.607097,6.047097,7.127097,9.097097,9.187098,10.437098,12.557097,11.677097,12.397098,10.407097,10.007097,4.747097,0.48709717,0.35709718,0.23709717,-4.752903,-1.0329028,-0.022902831,-1.8329028,-0.36290282,0.27709717,-0.04290283,-0.9929028,-1.2429029,-3.5229027,-0.19290283,-0.10290283,-0.82290286,-0.36290282
0.16709717,0.23709717,0.7670972,0.41709718,0.72709715,1.0470972,0.53709716,1.0470972,1.0470972,1.6670972,1.6370971,1.3070972,2.7870972,2.5870972,3.427097,3.9970973,4.777097,5.277097,5.837097,6.0970974,6.1370974,6.287097,6.767097,6.587097,6.527097,6.9270973,6.4870973,6.687097,7.4670973,7.417097,7.017097,8.257097,9.887097,9.257097,10.007097,10.867097,9.847097,11.257097,13.827097,10.627097,4.897097,-0.052902833,0.54709715,-0.002902832,-1.2629029,-0.44290283,-1.0729028,-2.092903,-1.4029028,-0.112902835,0.5570972,-0.20290284,0.5570972,0.10709717,0.17709717,-0.6829028,0.12709717,-0.26290283
0.20709717,0.04709717,0.057097167,-1.3029028,-0.44290283,-1.0329028,-0.32290283,-0.112902835,0.18709716,0.9570972,2.417097,1.4070972,2.7770972,4.2170973,3.8770971,4.567097,5.6570973,5.797097,5.2170973,6.567097,6.107097,6.0070972,6.1170974,6.4670973,5.7170973,6.707097,7.167097,7.227097,6.937097,6.227097,6.377097,6.267097,6.3670974,7.317097,8.437098,8.647098,11.237097,14.4770975,15.667097,12.847097,8.527097,5.777097,-0.84290284,0.8770972,-0.7429028,-0.47290283,-3.792903,-4.332903,-3.052903,-0.37290284,-0.90290284,-1.9429028,0.24709716,0.17709717,-0.45290282,-0.6229028,-0.09290283,0.16709717
-0.04290283,-0.09290283,-0.39290282,-1.7029028,-2.5029027,-2.1829028,-1.8029028,-2.082903,-1.5629028,-0.24290283,0.8270972,2.7970972,4.077097,4.607097,5.7370973,5.9670973,5.3870974,5.937097,6.077097,6.627097,5.777097,5.4870973,5.397097,5.1370974,5.9270973,7.047097,5.477097,5.7170973,5.047097,4.8470974,4.997097,3.937097,4.307097,6.6370974,7.897097,6.1570973,6.9670973,12.347097,12.247097,11.987097,9.807097,6.317097,1.2370971,0.9570972,-0.5429028,-0.59290284,-0.70290285,-2.812903,-2.6229029,-2.042903,-1.8429028,-1.2829028,-0.70290285,-0.72290283,-0.5629028,0.10709717,-0.07290283,-0.29290283
-0.90290284,-0.51290286,-1.3129028,-2.332903,-3.1929028,-3.042903,-2.7629027,-2.0229027,-2.4529028,-2.0229027,-1.5429028,0.26709718,3.3070972,4.8870974,6.547097,6.167097,5.247097,5.707097,5.9470973,6.147097,5.4470973,4.817097,5.707097,3.5470972,3.207097,3.397097,3.1170971,3.957097,5.087097,5.6770973,6.1770973,1.7470971,4.3470974,7.2170973,9.067097,4.297097,5.567097,13.367097,11.807097,11.187098,8.767097,6.897097,4.687097,-1.0329028,1.1770972,-0.37290284,-0.5429028,-2.6429029,-0.06290283,-3.7229028,-4.6129026,-4.5329027,-4.082903,-0.46290284,-0.5429028,-0.84290284,-0.5029028,-0.84290284
-1.4829029,-0.46290284,-1.6629028,-3.4729028,-3.8829029,-3.6529028,-3.822903,-3.9329028,-3.3829029,-3.2629027,-3.4629028,-2.8829029,-2.352903,-0.33290282,1.8070972,2.427097,3.6170971,2.7270973,1.5770972,3.5070972,3.677097,1.9770972,1.8570971,1.3070972,0.21709716,0.83709717,1.5870972,2.0970972,2.8270972,2.447097,3.147097,2.6370971,3.2870972,6.3670974,6.787097,7.3670974,9.907097,10.637097,11.117097,9.757097,9.857098,5.977097,5.267097,4.6370974,-1.2929028,0.057097167,-0.70290285,-0.32290283,-3.572903,-5.0529027,-1.4429028,-5.482903,-6.932903,-2.5229027,-1.2429029,-2.0129027,-0.76290286,-0.96290284
-2.5129027,-1.0729028,-2.7529027,-3.3729029,-4.332903,-4.292903,-4.042903,-4.422903,-4.3229027,-4.0929027,-4.662903,-4.2829027,-4.212903,-4.0529027,-2.5329027,-1.2329029,-0.5629028,-1.0729028,-0.8629028,-1.0829028,-1.3929029,-1.7729028,-2.342903,-1.6629028,-0.49290285,-0.07290283,1.7070972,1.2170972,1.5370972,2.0870972,2.5870972,2.3170972,2.8570971,5.8870974,7.377097,7.547097,9.597097,10.837097,10.437098,9.567097,7.537097,6.247097,4.8470974,1.7570971,0.19709717,-0.49290285,-0.13290283,-0.06290283,-5.8029027,-5.562903,-5.8429027,-5.7829027,-7.312903,-8.492903,-7.6329026,-8.582903,-7.712903,-3.9629028
-3.4329028,-2.4829028,-2.7029028,-3.802903,-5.142903,-5.2429028,-4.792903,-4.562903,-5.0529027,-5.022903,-5.042903,-4.7629027,-4.5929027,-4.732903,-4.292903,-4.3229027,-4.0329027,-3.852903,-3.6829028,-2.6629028,-4.702903,-3.9929028,-3.0329027,-1.8329028,-1.4429028,-0.07290283,0.61709714,0.53709716,0.5070972,1.2570971,1.6070971,2.0970972,3.3870971,6.027097,7.3470974,8.087097,9.117097,9.707097,10.037097,8.677097,5.8870974,4.4070973,3.187097,-0.082902834,-0.20290284,0.84709716,-0.9429028,0.37709716,-5.062903,-6.332903,-5.8229027,-5.952903,-8.102902,-8.462903,-7.982903,-8.942903,-8.952903,-8.182903
-2.832903,-2.4929028,-3.042903,-5.062903,-5.412903,-5.2629027,-5.222903,-5.272903,-5.2429028,-5.392903,-4.8229027,-5.672903,-5.312903,-4.952903,-5.452903,-4.562903,-4.5529027,-4.622903,-3.7329028,-4.252903,-3.592903,-4.5929027,-2.812903,-2.1729028,-1.5829028,-1.2129028,-0.5529028,-0.6229028,-0.24290283,0.7470972,1.0470972,1.9470972,3.0670972,6.187097,6.777097,7.627097,8.757097,8.587097,8.067097,6.057097,2.7870972,1.0470972,0.7570972,-1.8629029,-1.3929029,-1.7229028,1.1970972,-4.582903,-2.9629028,-3.852903,-4.662903,-6.392903,-8.552903,-7.982903,-8.052903,-7.662903,-7.5729027,-7.932903
-2.9529028,-2.812903,-3.7529027,-5.752903,-6.182903,-5.8829026,-5.2829027,-5.562903,-5.6329026,-5.892903,-5.922903,-6.272903,-6.3629026,-5.942903,-5.582903,-4.972903,-4.6529026,-4.5729027,-4.3629026,-3.562903,-3.1629028,-2.9529028,-2.9829028,-2.852903,-1.7629029,-0.8629028,-0.9829028,-1.4329028,-0.32290283,-0.8129028,0.83709717,1.3670971,3.447097,5.207097,6.4670973,7.4870973,7.627097,7.317097,7.0070972,3.7170973,1.2270972,-0.70290285,-1.8329028,-3.4329028,-3.6829028,-5.772903,-5.852903,-4.3629026,-0.31290284,-1.4429028,0.6470972,0.46709716,-0.6029028,-2.6929028,-0.31290284,-1.7729028,-4.1329026,-4.7429028
-3.072903,-3.302903,-5.0329027,-5.962903,-6.562903,-5.642903,-5.8229027,-5.3429027,-5.812903,-6.8629026,-6.932903,-6.752903,-6.2429028,-5.5329027,-5.6329026,-4.832903,-4.6129026,-4.7429028,-4.4029026,-4.042903,-3.4129028,-2.4429028,-3.1629028,-3.6229029,-2.4029028,-1.7929028,-1.5629028,-1.7729028,-2.062903,-1.6029029,-0.032902833,1.3670971,2.417097,3.8170972,5.437097,6.7370973,7.727097,7.857097,6.537097,2.9770973,-0.51290286,-2.1829028,-4.292903,-5.3629026,-5.6129026,-6.332903,-6.792903,-6.8029027,-6.922903,-9.232903,-9.122903,-7.5329027,-2.2429028,-1.2529029,1.7870972,0.45709717,-0.51290286,2.0870972
-3.6129029,-5.712903,-6.442903,-5.942903,-5.792903,-5.502903,-5.7629027,-5.932903,-6.082903,-7.222903,-7.1129026,-6.442903,-5.972903,-5.872903,-5.122903,-5.172903,-5.272903,-5.5329027,-5.062903,-4.602903,-4.0929027,-3.1329029,-2.4029028,-2.9029028,-1.8529029,-2.072903,-2.832903,-3.592903,-3.2429028,-2.1829028,-0.6929028,0.8970972,1.5370972,3.9870973,3.2270973,5.377097,8.517097,9.217097,4.9070973,-0.26290283,-1.9329028,-3.3729029,-5.5929027,-6.7429028,-6.922903,-6.982903,-7.5529027,-8.412903,-8.262903,-9.262903,-10.112903,-8.732903,-9.502903,-9.112903,-7.752903,-8.622903,-6.142903,-6.292903
-5.202903,-5.942903,-6.732903,-6.702903,-6.3829026,-5.772903,-6.002903,-6.952903,-7.022903,-6.682903,-6.4029026,-6.432903,-6.562903,-6.1329026,-6.062903,-5.792903,-5.5929027,-5.942903,-5.162903,-5.062903,-4.312903,-4.122903,-4.0529027,-2.7629027,-2.4029028,-2.0329027,-4.412903,-5.082903,-4.042903,-2.562903,-1.4129028,-0.29290283,0.83709717,1.5070971,2.1370971,2.6070971,4.587097,9.237097,-0.8029028,-3.9929028,-5.622903,-5.272903,-6.812903,-8.182903,-7.602903,-7.462903,-8.082903,-8.992903,-8.5229025,-10.342903,-10.012903,-9.562902,-9.652903,-8.332903,-6.8629026,-9.552903,-9.062902,-9.322903
-5.752903,-6.1529026,-6.272903,-6.6129026,-7.022903,-6.752903,-7.082903,-7.432903,-7.202903,-7.1129026,-6.502903,-6.872903,-6.4929028,-6.272903,-5.8429027,-6.672903,-6.212903,-5.6129026,-5.3629026,-4.892903,-5.332903,-4.6529026,-4.7429028,-4.2629027,-3.6829028,-4.932903,-5.8029027,-6.002903,-4.8829026,-2.9529028,-1.9629028,-1.8429028,-0.9329028,-0.37290284,0.18709716,-1.0829028,-0.76290286,-7.442903,-8.722903,-8.712903,-8.372903,-7.392903,-8.032903,-8.872903,-8.142902,-8.282903,-9.132903,-8.722903,-9.062902,-10.492903,-10.392902,-9.7729025,-9.802903,-8.872903,-8.492903,-8.952903,-9.842903,-10.232903
-6.732903,-6.3029027,-7.412903,-7.272903,-7.252903,-7.6329026,-7.712903,-7.9929028,-7.8829026,-6.9029026,-6.892903,-7.422903,-6.7629027,-7.3629026,-7.212903,-7.372903,-6.452903,-5.2429028,-5.752903,-6.562903,-6.352903,-5.872903,-5.702903,-5.752903,-6.692903,-7.3029027,-7.8829026,-6.192903,-5.562903,-3.2529027,-3.1329029,-2.812903,-2.592903,-2.7129028,-3.2229028,-3.2329028,-7.3229027,-10.832903,-13.342903,-10.712903,-9.482903,-8.742903,-8.972903,-8.182903,-8.692903,-8.0229025,-9.542903,-8.782903,-8.862903,-9.942903,-10.632903,-9.442903,-9.2729025,-9.392902,-8.492903,-9.132903,-10.052903,-10.402903
-8.652903,-8.5229025,-8.632903,-8.312902,-8.322903,-8.052903,-8.492903,-9.092903,-8.892902,-8.312902,-8.012903,-7.722903,-7.5329027,-7.982903,-8.032903,-8.2729025,-7.5729027,-6.942903,-6.8229027,-6.722903,-6.0529027,-6.812903,-7.6529026,-8.562902,-9.222903,-8.872903,-8.0229025,-7.732903,-6.002903,-4.232903,-3.2229028,-4.1329026,-4.352903,-4.8229027,-5.332903,-6.722903,-8.722903,-10.662903,-12.512903,-9.882903,-8.902903,-8.622903,-8.482903,-7.672903,-9.032903,-8.472903,-9.422903,-8.662903,-9.372903,-9.842903,-9.692903,-9.182903,-8.452903,-9.302903,-9.362903,-9.072903,-10.282903,-9.932903
