json-data/2022072312.json
{"header": {"discipline":0,"disciplineName":"Meteorological products","gribEdition":2,"gribLength":47721,"center":7,"centerName":"US National Weather Service - NCEP(WMC)","subcenter":0,"refTime":"2022-07-23T12:00:00.000Z","significanceOfRT":1,"significanceOfRTName":"Start of forecast","productStatus":0,"productStatusName":"Operational products","productType":1,"productTypeName":"Forecast products","productDefinitionTemplate":0,"productDefinitionTemplateName":"Analysis/forecast at horizontal level/layer at a point in time","parameterCategory":0,"parameterCategoryName":"Temperature","parameterNumber":0,"parameterNumberName":"Temperature","parameterUnit":"K","genProcessType":2,"genProcessTypeName":"Forecast","forecastTime":0,"surface1Type":1,"surface1TypeName":"Ground or water surface","surface1Value":0.0,"surface2Type":255,"surface2TypeName":"Missing","surface2Value":0.0,"gridDefinitionTemplate":0,"gridDefinitionTemplateName":"Latitude_Longitude","numberPoints":65160,"shape":6,"shapeName":"Earth spherical with radius of 6,371,229.0 m","gridUnits":"degrees","resolution":48,"winds":"true","scanMode":0,"nx":360,"ny":181,"basicAngle":0,"lo1":0.0,"la1":90.0,"lo2":359.0,"la2":-90.0,"dx":1.0,"dy":1.0}, "data":
[rows 104 to 129 of 181, columns 0 to 59 of 360]
294.15555,294.05554,293.65555,293.45554,292.95554,292.95554,292.65555,292.55554,292.15555,292.15555,292.55554,293.05554,293.05554,324.45554,314.15555,315.75555,314.15555,311.55554,305.05554,305.55554,306.85553,305.65555,310.75555,310.25555,305.75555,303.35553,305.35553,304.95554,300.45554,300.25555,298.55554,300.25555,302.25555,296.65555,299.55554,296.85553,300.25555,301.15555,307.95554,305.55554,299.15555,298.55554,298.65555,298.55554,298.35553,298.45554,298.75555,298.95554,300.85553,290.15555,297.55554,297.35553,297.25555,297.25555,297.35553,297.25555,297.25555,297.15555,297.25555,297.25555
293.85553,293.65555,293.35553,292.95554,292.65555,292.25555,292.05554,291.75555,291.45554,291.25555,291.25555,291.85553,292.25555,314.15555,308.85553,317.75555,314.25555,313.05554,310.55554,309.85553,308.85553,307.95554,311.75555,310.15555,306.85553,306.55554,306.85553,305.25555,298.55554,301.15555,299.65555,302.55554,300.85553,308.95554,296.45554,298.35553,298.85553,299.75555,302.15555,304.05554,299.45554,298.65555,298.95554,298.65555,298.35553,298.25555,298.75555,298.65555,306.95554,293.95554,296.55554,297.15555,297.15555,297.15555,297.05554,297.05554,297.15555,297.05554,297.05554,297.05554
293.45554,293.25555,292.85553,292.75555,292.35553,292.25555,292.05554,291.55554,291.05554,290.65555,290.25555,290.55554,317.25555,326.75555,320.75555,318.25555,317.65555,315.35553,312.55554,311.65555,309.95554,310.05554,309.95554,309.35553,307.85553,305.35553,306.45554,305.85553,301.85553,307.85553,304.75555,304.35553,306.95554,305.15555,301.55554,298.15555,298.85553,300.45554,300.75555,306.25555,302.35553,298.65555,299.05554,298.95554,298.25555,297.85553,308.45554,306.85553,303.15555,295.85553,296.75555,297.05554,297.15555,297.05554,296.85553,296.75555,296.85553,296.95554,296.95554,296.75555
292.95554,292.85553,292.55554,292.35553,292.05554,292.15555,292.05554,291.35553,290.85553,290.05554,289.45554,288.75555,322.85553,320.05554,321.95554,316.15555,315.85553,316.55554,315.95554,312.75555,310.95554,311.95554,312.05554,311.35553,308.75555,309.25555,305.65555,302.35553,295.65555,309.05554,304.75555,300.35553,305.45554,307.15555,306.45554,304.25555,299.45554,301.55554,296.55554,299.55554,298.75555,298.65555,298.85553,298.75555,298.05554,307.65555,307.35553,305.15555,293.35553,291.55554,296.85553,297.05554,297.15555,296.95554,296.85553,296.65555,296.65555,296.65555,296.65555,296.55554
292.65555,292.55554,292.35553,292.05554,291.65555,291.45554,291.25555,291.05554,290.65555,289.85553,289.05554,288.15555,314.95554,322.75555,318.85553,314.35553,316.35553,319.05554,314.45554,317.25555,312.25555,316.15555,312.85553,309.35553,308.85553,306.05554,307.05554,306.85553,305.85553,308.25555,310.05554,307.35553,303.65555,295.15555,304.05554,306.45554,302.55554,298.85553,298.45554,298.75555,298.95554,298.85553,299.05554,298.85553,301.25555,308.35553,305.15555,296.65555,289.55554,290.95554,296.95554,296.95554,296.95554,296.85553,296.65555,296.35553,296.25555,296.25555,296.35553,296.45554
292.45554,292.25555,292.05554,291.95554,291.55554,291.25555,291.05554,290.85553,290.55554,289.95554,289.25555,288.35553,287.25555,324.75555,318.35553,312.75555,312.05554,313.55554,321.15555,314.65555,315.65555,314.45554,314.05554,306.95554,303.85553,301.65555,298.05554,302.25555,297.25555,298.95554,300.15555,299.25555,304.15555,298.05554,302.45554,299.15555,297.85553,298.35553,298.25555,298.55554,298.95554,299.05554,299.55554,299.45554,298.45554,308.95554,303.85553,292.85553,286.75555,294.25555,297.05554,296.95554,296.75555,296.55554,296.35553,296.15555,296.15555,296.15555,296.25555,296.25555
292.25555,292.05554,291.85553,291.75555,291.55554,291.35553,290.85553,290.55554,290.35553,290.05554,289.65555,288.85553,287.75555,286.95554,322.35553,313.85553,311.95554,315.15555,313.65555,317.15555,317.95554,319.65555,316.25555,316.55554,301.75555,304.05554,314.05554,303.85553,312.35553,302.55554,304.55554,305.05554,309.25555,298.15555,305.35553,296.75555,297.55554,298.05554,297.85553,298.15555,298.65555,298.85553,299.25555,299.75555,298.45554,310.05554,307.25555,293.45554,290.95554,297.75555,297.15555,296.95554,296.75555,296.65555,296.45554,296.25555,296.15555,296.15555,295.95554,295.95554
292.05554,291.95554,291.75555,291.65555,291.55554,291.35553,290.85553,290.25555,290.05554,289.95554,289.75555,289.15555,288.55554,287.45554,320.55554,319.75555,312.25555,318.05554,313.35553,314.45554,318.75555,316.45554,312.25555,314.25555,304.15555,313.35553,313.55554,306.05554,306.65555,306.95554,305.45554,307.55554,307.35553,306.85553,307.35553,301.85553,298.05554,297.75555,297.65555,297.85553,298.45554,298.55554,298.75555,299.55554,305.55554,308.45554,305.85553,291.05554,292.35553,297.95554,296.95554,296.75555,296.65555,296.65555,296.95554,296.75555,296.25555,296.25555,296.15555,295.95554
291.95554,291.75555,291.55554,291.45554,291.35553,291.25555,290.85553,290.45554,290.15555,289.85553,289.75555,289.35553,288.95554,288.05554,287.15555,314.05554,313.75555,314.95554,312.65555,313.95554,311.85553,317.05554,317.75555,313.25555,309.35553,303.85553,310.55554,306.65555,305.35553,311.65555,312.55554,310.65555,310.05554,311.75555,307.35553,304.25555,297.85553,297.45554,297.45554,297.65555,297.95554,298.15555,298.95554,298.05554,307.25555,308.15555,305.55554,288.85553,295.55554,297.15555,296.85553,296.35553,296.15555,295.95554,295.95554,296.15555,296.05554,296.05554,295.85553,295.85553
291.85553,291.65555,291.45554,291.35553,291.25555,290.95554,290.65555,290.45554,290.25555,289.65555,289.35553,289.15555,288.65555,287.75555,286.45554,317.25555,314.15555,309.85553,315.95554,314.25555,313.05554,312.35553,311.95554,309.75555,310.95554,312.15555,301.35553,307.35553,308.25555,307.45554,300.75555,307.35553,307.35553,309.75555,310.75555,305.35553,297.55554,297.35553,297.15555,297.35553,297.35553,297.65555,297.95554,297.85553,300.15555,302.35553,300.25555,292.65555,297.05554,296.95554,296.55554,296.25555,295.85553,295.35553,295.35553,295.65555,295.65555,295.55554,295.45554,295.45554
291.85553,291.55554,291.45554,291.45554,291.55554,291.15555,290.55554,290.15555,289.95554,289.35553,288.85553,288.55554,288.35553,287.35553,286.15555,311.35553,312.75555,310.35553,313.45554,313.05554,311.45554,310.35553,308.25555,306.55554,307.35553,306.65555,308.35553,305.65555,301.45554,301.55554,290.35553,304.45554,304.75555,305.45554,303.75555,304.25555,297.15555,297.45554,297.25555,296.65555,296.45554,296.55554,297.35553,297.05554,305.75555,305.05554,298.15555,288.75555,296.65555,296.25555,295.95554,296.05554,295.95554,295.15555,294.65555,294.95554,295.45554,295.35553,295.15555,295.25555
291.85553,291.55554,291.55554,291.55554,291.55554,291.05554,290.55554,289.95554,289.75555,289.35553,289.05554,288.55554,288.15555,287.45554,285.75555,309.95554,310.65555,309.85553,312.45554,312.05554,311.35553,309.25555,307.95554,307.35553,308.05554,299.45554,302.55554,304.55554,302.05554,308.85553,296.45554,294.75555,302.55554,301.15555,297.55554,296.55554,296.55554,297.25555,297.05554,296.35553,296.05554,295.95554,296.05554,297.15555,297.55554,307.15555,304.65555,297.25555,296.45554,295.85553,295.55554,295.65555,295.45554,294.75555,294.35553,294.45554,294.85553,295.15555,295.15555,295.05554
291.45554,291.45554,291.35553,291.35553,291.15555,290.65555,290.45554,289.95554,289.55554,289.45554,289.35553,289.25555,288.75555,287.95554,286.45554,294.55554,308.05554,310.25555,316.95554,311.15555,309.85553,306.75555,306.45554,305.25555,304.05554,295.45554,290.15555,294.45554,292.35553,291.15555,294.55554,296.15555,299.65555,295.25555,295.65555,295.85553,295.75555,296.45554,296.85553,296.65555,296.35553,296.05554,295.95554,296.05554,296.15555,295.65555,295.75555,296.45554,296.15555,294.95554,295.05554,295.15555,294.65555,294.35553,294.25555,294.25555,294.45554,294.65555,294.85553,294.55554
291.35553,291.25555,291.15555,291.15555,290.95554,290.55554,290.25555,289.85553,289.55554,289.75555,289.65555,289.35553,289.35553,289.25555,288.25555,286.05554,302.85553,307.45554,310.05554,309.55554,309.15555,306.85553,305.75555,305.45554,300.75555,298.35553,289.75555,293.45554,291.05554,290.75555,287.95554,298.85553,302.15555,295.65555,295.55554,295.05554,295.05554,295.65555,296.25555,296.45554,295.85553,295.75555,295.65555,295.55554,295.75555,296.15555,296.65555,296.05554,295.05554,294.15555,294.65555,294.75555,294.45554,294.25555,294.25555,294.15555,294.15555,294.15555,294.15555,293.95554
291.05554,291.05554,290.95554,291.05554,291.25555,290.95554,290.55554,290.35553,290.15555,290.05554,290.05554,289.85553,289.35553,288.95554,288.45554,286.75555,299.75555,310.25555,305.85553,305.35553,304.85553,304.75555,303.05554,301.25555,300.95554,298.75555,295.35553,290.45554,288.75555,291.75555,293.05554,296.95554,304.45554,295.95554,295.35553,294.85553,294.95554,295.45554,296.05554,295.95554,295.75555,295.55554,295.55554,295.55554,295.65555,295.65555,295.35553,294.65555,294.25555,294.35553,294.45554,294.25555,294.05554,294.05554,294.15555,294.15555,293.95554,293.65555,293.25555,293.35553
291.05554,291.25555,291.05554,290.95554,290.85553,290.75555,290.55554,290.55554,290.35553,290.15555,290.25555,290.15555,289.65555,289.25555,289.05554,287.45554,286.35553,300.45554,303.25555,302.55554,299.15555,301.05554,301.45554,299.05554,302.55554,301.95554,299.45554,292.15555,293.65555,291.65555,297.25555,301.35553,296.15555,296.05554,295.45554,294.95554,295.25555,295.75555,295.95554,295.75555,295.55554,295.25555,295.05554,295.65555,295.85553,295.25555,294.65555,294.15555,294.25555,294.55554,294.35553,294.15555,294.05554,294.05554,294.15555,294.25555,293.95554,293.05554,292.85553,293.15555
290.85553,290.95554,290.55554,290.25555,290.25555,290.35553,290.35553,290.45554,290.15555,290.05554,290.25555,289.85553,289.65555,289.85553,289.85553,288.85553,287.45554,286.15555,299.05554,293.35553,297.45554,299.95554,299.55554,299.55554,298.65555,298.35553,296.55554,289.45554,290.45554,285.85553,297.75555,296.45554,296.35553,295.95554,295.45554,295.15555,295.15555,295.15555,295.05554,294.95554,294.95554,294.75555,294.35553,294.85553,294.55554,294.05554,293.95554,293.55554,293.55554,293.65555,293.55554,293.85553,294.05554,293.95554,293.85553,293.75555,293.05554,292.35553,292.35553,292.65555
290.45554,290.55554,290.15555,289.95554,289.95554,289.95554,290.05554,289.95554,289.65555,289.65555,289.85553,289.55554,289.45554,289.75555,289.45554,288.95554,288.85553,287.65555,291.75555,296.05554,294.75555,296.55554,296.85553,296.85553,293.35553,292.05554,294.75555,294.45554,285.45554,298.55554,297.35553,295.45554,295.15555,295.15555,295.35553,295.35553,294.95554,294.75555,294.35553,293.95554,293.95554,293.85553,293.95554,293.95554,292.95554,292.55554,292.95554,292.65555,292.35553,292.15555,292.35553,292.95554,293.55554,293.85553,293.55554,293.05554,292.05554,291.85553,292.35553,292.45554
289.95554,290.15555,290.05554,289.95554,289.85553,289.65555,289.55554,289.75555,289.55554,289.55554,289.75555,289.75555,289.65555,289.65555,289.25555,288.75555,288.95554,288.45554,286.75555,296.05554,286.45554,295.25555,291.45554,294.85553,293.75555,293.45554,291.55554,295.25555,291.75555,294.65555,295.05554,293.55554,292.75555,293.75555,294.95554,294.65555,294.15555,294.25555,294.05554,293.35553,293.35553,294.05554,294.05554,293.35553,292.45554,292.25555,292.25555,292.15555,291.85553,291.55554,291.55554,291.75555,292.25555,293.05554,292.95554,292.05554,291.15555,291.15555,291.55554,291.55554
288.85553,289.25555,289.75555,289.75555,289.65555,289.45554,289.35553,289.55554,289.45554,289.45554,289.85553,289.85553,289.65555,289.35553,289.25555,289.05554,288.75555,288.75555,288.85553,291.25555,294.65555,286.05554,290.15555,287.05554,291.45554,293.75555,287.25555,288.95554,293.35553,294.65555,293.65555,292.65555,292.25555,292.85553,292.85553,292.35553,292.75555,293.45554,293.25555,292.75555,292.85553,293.15555,292.75555,292.45554,292.35553,291.95554,291.75555,291.85553,291.85553,291.35553,291.05554,290.85553,290.85553,291.25555,291.25555,291.15555,290.85553,290.75555,290.45554,290.45554
288.55554,288.55554,289.15555,289.45554,289.55554,289.35553,289.25555,289.35553,289.25555,289.25555,289.45554,289.55554,289.35553,289.25555,289.25555,288.95554,288.55554,288.65555,288.15555,286.95554,288.95554,288.45554,284.15555,283.35553,282.75555,290.55554,292.05554,294.25555,294.55554,293.15555,293.05554,293.05554,292.75555,292.55554,292.35553,291.65555,291.85553,292.45554,292.35553,292.25555,292.65555,292.35553,291.45554,291.45554,291.85553,291.75555,291.25555,291.05554,291.05554,290.95554,290.55554,290.45554,290.45554,290.45554,290.25555,289.95554,289.85553,289.75555,289.75555,289.45554
288.35553,288.05554,288.15555,288.85553,289.35553,289.05554,288.45554,288.55554,288.65555,288.95554,289.15555,289.35553,289.25555,289.35553,289.45554,288.75555,288.45554,288.55554,288.75555,288.35553,288.05554,288.25555,289.65555,291.95554,292.95554,293.75555,294.35553,293.75555,292.75555,292.05554,292.25555,292.65555,292.55554,292.05554,291.75555,291.45554,291.25555,291.55554,291.85553,292.35553,292.55554,291.55554,290.75555,290.65555,290.95554,291.25555,290.75555,290.25555,290.45554,290.35553,290.05554,290.05554,290.25555,290.15555,289.65555,289.25555,289.15555,289.05554,288.85553,288.85553
288.15555,287.75555,287.65555,287.65555,288.15555,287.85553,287.25555,287.55554,288.35553,288.95554,289.15555,289.05554,288.95554,289.15555,288.85553,287.65555,287.75555,288.25555,288.75555,289.25555,289.35553,288.95554,291.05554,292.65555,292.85553,292.95554,292.55554,292.55554,292.15555,291.85553,291.95554,292.25555,292.15555,291.75555,291.45554,291.15555,291.15555,291.15555,291.55554,291.95554,291.55554,290.75555,290.75555,290.75555,290.45554,290.45554,290.45554,290.35553,290.25555,289.95554,289.85553,289.85553,289.75555,289.65555,289.55554,289.15555,288.85553,288.55554,288.35553,288.15555
287.15555,287.25555,287.35553,287.35553,287.05554,286.95554,286.75555,287.05554,287.95554,288.65555,288.65555,288.15555,288.45554,288.65555,287.85553,286.95554,287.55554,287.75555,288.25555,289.45554,290.15555,290.45554,291.35553,291.45554,291.75555,292.05554,291.85553,291.85553,291.65555,291.45554,291.75555,292.05554,291.75555,291.45554,291.35553,291.15555,290.75555,291.05554,291.55554,291.45554,290.95554,290.65555,290.75555,290.35553,289.65555,290.15555,290.25555,290.15555,290.35553,290.35553,290.05554,289.55554,289.35553,289.35553,289.05554,288.85553,288.35553,288.15555,288.15555,287.75555
286.15555,286.95554,287.25555,287.05554,286.65555,286.35553,286.65555,286.85553,286.95554,287.35553,288.15555,288.15555,288.45554,288.15555,287.85553,288.25555,288.45554,288.15555,288.45554,289.45554,290.25555,290.25555,289.45554,289.65555,290.85553,290.95554,289.95554,288.95554,288.65555,288.65555,289.35553,290.35553,290.15555,290.25555,291.15555,291.15555,290.75555,291.35553,291.45554,290.25555,289.95554,290.15555,290.25555,288.65555,288.15555,289.75555,290.15555,289.85553,289.55554,289.15555,289.05554,288.85553,288.85553,289.05554,288.95554,288.75555,288.35553,287.85553,287.75555,287.55554
285.25555,285.85553,285.85553,285.65555,285.45554,285.15555,285.35553,285.75555,285.95554,286.15555,286.95554,287.55554,287.45554,287.15555,287.45554,288.05554,288.45554,288.65555,289.15555,289.65555,289.75555,289.75555,289.45554,289.65555,290.05554,289.65555,288.35553,286.75555,286.25555,286.25555,287.05554,288.55554,288.45554,288.55554,289.75555,290.55554,291.05554,291.25555,290.15555,288.25555,288.05554,289.15555,290.15555,289.65555,289.65555,290.15555,289.95554,289.25555,288.15555,286.95554,287.45554,288.45554,288.95554,288.85553,288.85553,288.85553,288.55554,287.95554,287.75555,287.45554
