json-data/2022072718.json
{"header": {"discipline":0,"disciplineName":"Meteorological products","gribEdition":2,"gribLength":79764,"center":7,"centerName":"US National Weather Service - NCEP(WMC)","subcenter":0,"refTime":"2022-07-27T18:00:00.000Z","significanceOfRT":1,"significanceOfRTName":"Start of forecast","productStatus":0,"productStatusName":"Operational products","productType":1,"productTypeName":"Forecast products","productDefinitionTemplate":0,"productDefinitionTemplateName":"Analysis/forecast at horizontal level/layer at a point in time","parameterCategory":2,"parameterCategoryName":"Momentum","parameterNumber":3,"parameterNumberName":"V-component_of_wind","parameterUnit":"m.s-1","genProcessType":2,"genProcessTypeName":"Forecast","forecastTime":0,"surface1Type":103,"surface1TypeName":"Specified height level above ground","surface1Value":10.0,"surface2Type":255,"surface2TypeName":"Missing","surface2Value":0.0,"gridDefinitionTemplate":0,"gridDefinitionTemplateName":"Latitude_Longitude","numberPoints":65160,"shape":6,"shapeName":"Earth spherical with radius of 6,371,229.0 m","gridUnits":"degrees","resolution":48,"winds":"true","scanMode":0,"nx":360,"ny":181,"basicAngle":0,"lo1":0.0,"la1":90.0,"lo2":359.0,"la2":-90.0,"dx":1.0,"dy":1.0}, "data":
[rows 52 to 77 of 181, columns 59 to 117 of 360]
-2.2080274,-4.3280272,-5.598027,-4.888027,-5.138027,-5.9380274,-8.038028,-3.2880273,-4.138027,1.0419726,-0.058027342,1.0219727,-0.82802737,-0.10802735,-0.34802735,-3.1280274,-1.0980273,0.6219727,2.4119728,3.2019727,0.39197266,-1.9980273,-1.6680274,1.5519726,2.5619726,2.5719726,3.1019726,-0.10802735,1.0919727,0.16197266,-0.73802733,-1.5780274,1.0819726,-1.7680273,-3.6180274,-3.4480274,-2.0180273,-2.5580273,-3.4380274,-0.38802734,0.85197264,0.71197265,2.1119726,2.9119728,4.9119725,6.0219727,7.1619725,2.8519726,6.6919727,2.9519727,0.91197264,1.0219727,-0.23802735,-0.25802734,-0.34802735,-0.71802735,-3.2480273,-3.2880273,-1.7280273
-1.1080273,0.08197266,-4.5780272,-5.2380276,-6.0180273,-5.7080274,-5.2680273,-5.698027,2.4919727,2.2019727,2.3419726,-0.25802734,-1.1480273,-1.1780274,-1.2080274,-1.6280273,-2.1280274,-1.4480274,-1.2580273,0.33197266,2.3119726,1.1419727,0.71197265,0.9419727,2.8919725,1.0119727,-0.15802735,-2.1380274,-2.3180273,-2.0280273,-3.6680274,-0.82802737,-0.078027345,-0.7580273,1.6519727,-4.6680274,-2.4180274,-3.8880274,-1.6480273,1.0419726,-1.4880273,-3.9780273,-1.3380274,-1.5780274,0.53197265,3.0719726,2.2719727,4.341973,2.7019727,1.2119727,0.97197264,0.0119726565,-1.5180273,-0.57802737,-2.2880273,-0.9480274,-3.6280274,-0.14802735,-1.0680274
0.90197265,-2.8480272,-4.4180274,-5.5280275,-7.658027,-5.428027,-0.9380273,-1.3980273,2.2519727,2.3019726,0.85197264,-1.2180274,-2.0180273,2.7719727,1.1219727,-1.1980274,-1.8080274,-3.4780273,-1.6280273,-2.4780273,-2.8080273,-1.8880273,-0.51802737,-1.4980273,-3.7780273,-5.7880273,-4.6880274,-5.0880275,-4.6880274,-4.7380276,-5.638027,-2.6680274,-0.59802735,-2.7480273,-4.2580276,-3.1580274,-0.70802736,-0.44802734,1.7219727,2.0319726,1.2119727,1.8919727,1.6219727,0.7419727,1.6319727,2.5919726,1.6819726,2.4719727,1.4019727,0.49197266,-0.37802735,1.1219727,-1.7280273,0.28197265,-1.0480274,-0.71802735,-2.1880274,-2.0280273,-0.19802734
-2.7980273,-1.7280273,-8.188027,-5.0180273,-5.1880274,-0.09802734,-1.5480274,-2.3180273,-2.9180274,-2.5280273,-1.9180274,1.1819726,0.15197265,0.15197265,0.101972654,1.8019726,1.2219727,1.9219726,-2.8180273,-1.6880274,-3.3680274,-2.6880274,-2.4680274,-3.4980273,-6.4580274,-6.928027,-6.1080275,-6.7780275,-5.388027,-5.118027,-5.8380275,-0.7580273,-1.1780274,-3.8380272,-1.6780274,0.21197265,-0.63802737,-1.7680273,-0.57802737,1.1619726,2.6319726,2.6019726,3.3019726,1.8819727,1.0119727,3.0219727,1.2319727,0.61197263,-0.44802734,0.0119726565,-2.0480273,-0.27802736,-0.31802735,-0.90802735,0.07197265,-1.1080273,-0.82802737,0.57197267,2.6019726
-0.17802735,-1.0080273,-10.718027,-7.3780274,-1.0080273,-1.0980273,-0.048027344,-0.98802733,-2.0880272,-0.5680273,-4.678027,1.6219727,1.7119727,3.2019727,0.49197266,0.6819727,0.0019726562,1.2019726,1.6219727,-1.0080273,-0.36802733,0.061972655,-2.9680274,-2.7380273,-7.0480275,-4.2680273,-4.7380276,-4.8180275,0.49197266,0.061972655,-2.6280274,-1.1080273,-1.4680274,-4.5780272,-2.0080273,-1.4080273,1.1219727,-1.3780273,1.2219727,2.1019726,1.5519726,0.25197265,1.1219727,-0.67802733,0.37197265,-0.84802735,0.19197266,-1.6980274,-1.5080273,2.0919726,1.6119727,-0.6980274,-0.20802735,0.30197266,-1.7480273,-3.1980274,-2.5780272,1.6719726,1.3619727
-0.10802735,-5.7680273,-8.0680275,0.76197267,-1.8380274,-1.9980273,-0.7480273,2.5119727,1.0019727,7.5219727,1.7419727,1.3319726,1.3919727,3.0919726,1.9219726,-0.84802735,-1.2880273,0.15197265,0.0019726562,0.8719727,-0.15802735,1.1319727,-3.3580275,-1.6280273,-2.5580273,-4.0080276,-0.32802734,-1.0280273,-4.0080276,-2.0580273,-3.2180274,0.90197265,0.041972656,0.79197264,0.5519726,0.24197266,-0.18802734,-2.1280274,-0.6180273,0.9919727,-2.3980274,-0.37802735,-0.71802735,1.0819726,2.1619728,1.1719726,-0.64802736,-1.2180274,0.7419727,-0.24802734,-2.0980272,-0.6280273,-0.27802736,-1.1380273,-1.7480273,-1.2680273,0.65197265,1.2319727,0.6219727
0.21197265,-2.4880273,-3.6280274,3.1919727,2.0719726,-0.26802734,1.3619727,2.8819726,4.3919725,2.7319727,0.72197264,-0.22802734,0.5519726,-1.5380273,-1.3580273,-0.078027345,-0.048027344,0.7419727,-0.30802736,0.7519727,0.5519726,0.29197267,1.6719726,-0.22802734,-2.1880274,-0.8180273,0.9319727,-0.64802736,-2.5780272,-1.6380273,2.2119727,0.48197266,0.19197266,0.58197266,-1.9580274,-0.64802736,0.59197265,0.14197266,0.48197266,-1.6980274,0.6919727,0.8019726,-0.59802735,0.65197265,1.6019727,-0.66802734,-1.4980273,-1.4080273,-1.4780273,-0.91802734,0.14197266,1.3419727,0.33197266,-2.8180273,-1.4680274,-0.5580273,1.0219727,0.20197266,0.44197264
6.7919726,1.7419727,2.4519727,2.4519727,-0.6980274,-4.2980275,-1.0880274,8.471972,-1.7580273,1.6819726,3.3419726,0.32197267,0.061972655,-0.28802735,0.5519726,1.1119727,1.7419727,2.6119726,0.32197267,-0.22802734,-1.1080273,-0.48802733,-0.48802733,1.4019727,-1.3380274,-1.4880273,0.41197264,3.4119728,5.0819726,0.101972654,1.2419727,-0.058027342,1.5419726,2.0719726,1.1919726,1.8919727,0.6319727,0.57197267,1.8619727,0.27197266,0.48197266,-0.058027342,0.6819727,0.5019727,0.39197266,-0.38802734,-1.0780274,-0.30802736,1.3019726,-0.16802734,-0.42802733,0.19197266,-1.9180274,-1.4780273,-1.1680274,-0.60802734,0.041972656,-0.008027344,-0.83802736
6.801973,1.7819726,4.2919726,4.8919725,6.611973,1.2219727,4.4919724,1.7019726,-0.25802734,0.7519727,1.8819727,0.36197266,-1.0780274,-0.59802735,1.9419726,1.5219727,1.3419727,2.1919727,1.9319726,-0.52802736,0.39197266,-0.078027345,0.41197264,1.1219727,0.8019726,-0.67802733,0.19197266,-2.2480273,-2.1080275,0.37197265,-0.5680273,2.6819727,0.041972656,0.78197265,0.83197266,1.0719726,0.09197266,0.35197267,-0.73802733,0.5019727,0.43197265,-0.18802734,1.2219727,0.77197266,0.65197265,-1.2680273,0.49197266,1.2119727,1.0219727,0.61197263,-0.048027344,-0.8180273,-0.67802733,-2.8080273,-2.4380274,0.31197265,1.2919726,-0.9380273,1.0419726
7.631973,2.0719726,-0.20802735,4.361973,3.8419726,1.3819727,2.6919727,2.6919727,0.31197265,6.0219727,1.4419726,2.1319726,2.2919726,2.3119726,2.2219727,4.1619725,2.9619727,2.1619728,1.7719727,1.1819726,0.31197265,-1.5880274,-0.53802735,0.51197267,0.70197266,0.70197266,1.0619726,0.32197267,-0.64802736,2.3219726,1.7719727,-0.09802734,1.6119727,1.7619727,0.041972656,0.7519727,0.21197265,-0.018027343,0.0019726562,-0.23802735,1.5719726,-0.48802733,-1.5980273,-0.6180273,0.86197263,0.83197266,1.2319727,1.3719727,1.5019727,1.0019727,-1.3580273,-1.2480273,-1.2780273,-3.1680274,1.8919727,0.67197263,1.2619727,0.061972655,0.61197263
4.9619727,4.151973,5.3319726,2.9019728,7.9719725,6.9519725,3.6619728,2.3719726,1.6319727,4.4219728,0.9419727,2.2119727,4.4119725,5.0819726,3.9519727,3.7419727,3.6519728,2.7519727,2.1519728,0.89197266,1.0619726,0.96197265,0.59197265,-0.65802735,-0.98802733,-0.9980273,-0.6980274,0.46197265,-0.64802736,2.5819726,1.3519727,0.47197264,1.0619726,0.6219727,-0.76802737,-0.6280273,-0.85802734,-1.2380273,-0.65802735,-0.34802735,-0.22802734,-0.018027343,0.58197266,-1.6480273,-0.36802733,-0.058027342,1.1819726,0.14197266,-2.5280273,-1.7980274,-0.25802734,1.4519726,0.38197267,0.9319727,1.7019726,-0.12802735,-0.048027344,1.3319726,1.2019726
7.4219728,2.8419726,3.6819727,5.841973,3.5519726,2.1919727,1.8319726,3.2119727,-0.60802734,2.1919727,0.42197266,4.341973,5.9619727,5.2019725,5.3519726,4.361973,2.8219726,1.4819727,2.8819726,2.3019726,1.1619726,1.9019727,1.9319726,1.0219727,-1.0280273,-1.6780274,-1.4280274,-1.5180273,-1.1480273,-0.91802734,-0.26802734,-0.82802737,-0.8680273,-0.85802734,-1.1580273,0.79197264,1.0619726,-0.038027342,-0.67802733,0.08197266,0.5519726,-0.36802733,-0.17802735,-1.3680273,1.1419727,0.72197264,-1.0480274,0.42197266,-0.17802735,0.97197264,0.86197263,1.8019726,0.83197266,1.6019727,1.2919726,0.45197266,0.5619727,0.86197263,0.57197267
1.7219727,2.6819727,1.9619727,4.0219727,4.361973,2.9119728,3.6919727,1.9619727,1.6019727,2.2119727,5.591973,6.131973,4.3919725,4.651973,4.7519727,4.091973,1.4619727,1.9719727,2.1619728,2.2319727,2.6919727,2.1819727,0.5019727,1.0319726,0.90197265,-0.44802734,0.64197266,0.021972656,-1.3380274,0.44197264,1.4419726,2.0319726,1.2919726,1.4619727,1.0819726,0.9319727,0.19197266,-0.16802734,0.60197264,-0.008027344,-0.26802734,0.39197266,-0.23802735,-0.09802734,0.18197265,-1.7080274,-1.0580274,0.16197266,0.38197267,0.19197266,0.6319727,0.021972656,0.33197266,1.0619726,1.5619726,-0.15802735,0.9419727,1.1019727,1.0319726
5.6719728,6.031973,4.4619727,3.9919727,3.4819727,2.6619728,3.1119726,3.1919727,2.6619728,4.1919727,4.1019726,5.151973,3.3219726,3.8119726,3.5719726,1.6119727,2.7819726,2.1919727,2.4319727,2.0519726,1.7419727,1.9419726,2.0119727,1.7619727,0.8119727,0.97197264,0.34197265,1.2719727,1.8319726,3.3719726,2.5919726,1.4319726,-1.2280273,-0.31802735,-1.1580273,-1.1080273,-1.0180273,0.47197264,-0.30802736,-0.42802733,0.28197265,-0.008027344,0.26197267,-0.5580273,-0.85802734,0.08197266,-1.2180274,0.0019726562,0.90197265,0.061972655,-0.52802736,0.6919727,1.2019726,-0.37802735,2.0819726,0.041972656,1.4319726,0.21197265,-0.8080273
7.2519727,9.341972,6.8119726,5.9519725,6.1419725,5.9619727,5.2419724,4.5819726,3.8219726,3.7819726,4.341973,3.7019727,3.0319726,1.5119727,1.6019727,2.1119726,2.0919726,1.4719727,0.9419727,2.0719726,1.5719726,1.9819727,1.3419727,0.8719727,1.6919726,1.0719726,2.0519726,1.5419726,2.8319726,3.6019726,2.8219726,1.4119726,1.6519727,0.31197265,0.47197264,-0.35802734,-0.29802734,-0.82802737,-0.29802734,0.031972658,0.26197267,0.76197267,0.28197265,1.1619726,0.46197265,1.3619727,0.9319727,0.07197265,-0.40802735,0.84197265,1.8819727,1.3819727,-0.058027342,-0.38802734,0.85197264,0.9919727,1.3119726,0.84197265,-0.008027344
2.2719727,11.831973,7.801973,6.2119727,6.0219727,6.2619724,6.2119727,5.3319726,5.281973,4.4619727,3.3219726,3.0319726,1.8219726,1.2019726,2.9119728,2.9319727,1.4119726,0.60197264,0.22197266,1.3219726,0.7519727,1.4919727,0.9419727,0.57197267,1.9019727,0.64197266,1.3819727,0.97197264,3.7019727,3.8219726,2.3619726,1.6519727,0.41197264,0.051972657,-0.12802735,0.0019726562,-1.5580274,-0.29802734,0.6219727,0.041972656,0.09197266,0.34197265,0.76197267,-0.44802734,1.1219727,-0.42802733,-0.18802734,0.8819727,1.4819727,0.6219727,2.0919726,2.1319726,1.6419727,0.8719727,1.9319726,2.4719727,0.40197265,0.17197266,2.1419725
6.2619724,7.8919725,7.4319725,7.3519726,6.9919724,5.6819725,5.4319725,4.9619727,5.321973,4.9519725,3.8619726,2.2219727,1.5019727,0.59197265,3.4119728,1.5519726,-0.84802735,0.20197266,1.5219727,0.60197264,-0.058027342,0.42197266,-0.6280273,1.9519726,0.30197266,0.17197266,0.76197267,3.5519726,4.1019726,3.4619727,2.3719726,1.2319727,0.20197266,0.021972656,-0.34802735,0.14197266,-1.0880274,1.8319726,-0.028027344,-0.26802734,0.37197265,-0.21802734,0.0119726565,0.08197266,-0.33802736,0.6319727,1.1019727,0.86197263,1.5419726,1.6319727,1.9519726,1.0919727,0.51197267,0.20197266,1.4919727,2.2019727,2.0519726,2.1019726,2.5019727
7.2019725,7.5819726,8.251972,7.6819725,6.9219728,6.4719725,5.4619727,4.7519727,4.4719725,4.4119725,3.3819726,2.1619728,0.89197266,2.0319726,3.0519726,0.95197266,-1.8480273,-0.31802735,-1.6980274,0.67197263,-0.14802735,-0.5080273,1.1119727,1.1119727,0.26197267,0.13197266,1.4119726,2.2119727,4.4819727,4.3319726,2.2819726,0.8719727,-0.028027344,-2.6380274,-0.9380273,-1.1280273,3.7019727,3.6019726,0.65197265,-0.42802733,-0.10802735,-0.58802736,0.6919727,-0.13802734,0.40197265,0.32197267,0.98197263,2.0419726,0.051972657,3.8819726,3.2619727,2.4119728,4.051973,3.4019728,3.2919726,2.9119728,2.9319727,2.9419727,2.4919727
8.301972,8.201973,8.501972,7.5419726,6.4119725,6.0019727,5.901973,4.401973,4.9219728,4.131973,3.0319726,1.9419726,0.7419727,0.8019726,1.0419726,-0.15802735,-0.42802733,-1.1480273,-1.4880273,0.16197266,-0.25802734,1.3419727,0.7419727,0.96197265,1.2419727,1.2419727,0.79197264,2.5619726,4.111973,2.8219726,2.0919726,0.58197266,-0.63802737,-2.2680273,-2.5580273,-0.08802734,1.5219727,1.7619727,-0.71802735,0.71197265,-0.40802735,0.5519726,0.6219727,0.20197266,0.33197266,0.15197265,0.57197267,2.2919726,5.9619727,5.1719728,0.59197265,2.8219726,3.5619726,3.3819726,2.5019727,2.3519726,2.7719727,1.6919726,1.6019727
9.321973,9.271973,8.131972,7.151973,6.2419724,6.2019725,5.3119726,4.7619724,3.6219726,3.0219727,1.8019726,0.07197265,-0.42802733,-0.08802734,0.29197267,-0.5080273,-2.1080275,-1.5080273,-1.3780273,0.51197267,0.22197266,0.73197263,0.35197267,1.1219727,0.64197266,1.2619727,4.651973,3.6619728,2.4219728,2.2619727,1.4819727,1.0919727,0.16197266,-0.96802735,-2.4280274,-1.0780274,0.0019726562,0.5019727,0.7519727,0.40197265,-0.37802735,1.2319727,-0.06802735,-0.58802736,0.061972655,-0.63802737,-0.29802734,4.5119724,5.281973,6.151973,0.8019726,1.0219727,3.6019726,2.2219727,1.6319727,1.2119727,1.1119727,-0.37802735,1.0919727
10.141973,8.671972,8.061973,7.0219727,6.5119724,5.9119725,5.3319726,4.781973,4.091973,2.6219726,1.0719726,-0.63802737,-1.2080274,-1.6080273,-2.1980274,-0.45802733,-2.0480273,-1.2680273,-0.28802735,-0.38802734,1.1219727,1.5719726,1.1919726,1.2119727,0.32197267,3.1319726,2.6219726,2.2919726,3.0419726,1.7119727,1.5719726,0.5019727,0.07197265,-0.88802737,-2.1480274,-4.0680275,-0.44802734,0.38197267,-0.19802734,0.52197266,0.41197264,0.6219727,0.35197267,-0.18802734,-0.32802734,0.14197266,-0.26802734,0.78197265,5.3919725,5.591973,4.2319727,3.0219727,2.9219728,1.1319727,0.5519726,-0.24802734,-1.5080273,-1.1080273,-1.0580274
10.251972,9.041973,7.841973,6.5619726,5.9819727,5.4819727,5.321973,4.2219725,3.1919727,1.8119726,0.6819727,-0.6980274,-2.2780273,-3.4880273,-5.2780275,0.15197265,-0.79802734,1.5419726,-0.32802734,1.6319727,1.0619726,2.4719727,1.6919726,0.101972654,1.4119726,2.0819726,2.2719727,1.8519727,1.7019726,2.0019727,1.0719726,0.23197265,-0.08802734,-0.53802735,-1.7780273,-3.0880272,0.14197266,1.4619727,2.7119727,-0.08802734,0.061972655,2.1119726,0.78197265,0.0119726565,2.2319727,1.2719727,0.51197267,-0.27802736,0.38197267,6.9219728,6.0219727,4.4319725,2.7119727,0.25197265,-0.6980274,-1.0980273,-1.3580273,-0.8180273,-0.92802733
10.291973,9.091972,8.4319725,6.801973,6.1919727,5.4819727,4.8319726,4.071973,2.2419727,1.4619727,-0.38802734,-1.8180274,-2.8080273,-4.868027,-7.5380273,-0.66802734,-1.9280274,0.66197264,-0.97802734,0.54197264,0.82197267,2.0419726,1.4719727,2.3719726,2.0619726,1.1719726,1.3819727,1.7219727,1.3019726,1.5519726,1.3719727,0.8819727,0.66197264,0.17197266,-1.0380273,-1.9980273,-0.6980274,-0.91802734,2.3719726,0.0019726562,-0.43802735,1.8719727,-0.51802737,-0.048027344,3.5419726,2.8519726,2.5019727,0.72197264,0.20197266,0.031972658,5.821973,5.0119724,3.3419726,0.48197266,-0.84802735,-1.1380273,-1.3680273,-1.1780274,-0.24802734
9.501972,8.761972,7.8119726,7.0119724,6.3919725,5.7319727,4.0819726,2.6219726,1.1819726,0.0019726562,-1.0080273,-2.7480273,-4.718027,-5.1480274,-5.658027,-2.9380274,0.24197266,1.3519727,-0.45802733,1.0719726,0.11197266,2.8419726,3.9119728,2.7419727,2.1619728,1.2919726,0.98197263,1.6419727,2.2519727,2.6519728,1.9819727,1.6319727,1.2919726,0.49197266,-0.23802735,-0.8180273,-1.5480274,0.57197267,1.3919727,0.28197265,-0.64802736,3.7419727,2.3019726,3.1519728,2.5719726,2.4319727,2.7319727,0.12197266,-0.52802736,0.6219727,2.8819726,4.9619727,3.7419727,2.0219727,-0.26802734,-1.1480273,-0.66802734,0.41197264,0.76197267
9.781973,8.801972,7.5119724,6.8119726,5.9219728,4.6919727,2.8919725,2.0719726,0.46197265,-0.59802735,-2.4580274,-4.3180275,-4.218027,-5.5380273,-6.388027,-4.8180275,-0.06802735,0.27197266,1.6719726,0.73197263,1.6019727,2.1919727,3.2719727,2.2919726,1.7419727,1.3419727,0.98197263,1.7519727,2.1319726,1.6719726,1.0319726,0.61197263,1.2219727,0.12197266,-0.34802735,-0.39802733,-0.26802734,-0.13802734,0.061972655,0.13197266,0.08197266,2.7919726,1.3619727,-0.54802734,1.7019726,0.6919727,0.021972656,0.61197263,-0.10802735,-0.13802734,0.23197265,4.3719726,2.7319727,1.4019727,0.08197266,-0.40802735,0.91197264,1.2819726,1.8519727
9.111973,8.161973,7.4419727,6.301973,5.3119726,3.7019727,2.6519728,1.2919726,-0.18802734,-1.3180274,-3.1480274,-4.6480274,-5.5380273,-5.7680273,-6.0580273,-5.5280275,-0.73802733,0.36197266,1.6819726,1.5319726,0.84197265,1.2319727,2.4219728,2.2919726,1.5419726,0.57197267,2.2419727,2.3719726,2.1219726,2.0219727,1.7719727,1.0419726,1.2819726,-0.63802737,0.33197266,-0.64802736,-1.2380273,-1.7680273,-1.7580273,-1.0180273,0.26197267,3.2019727,2.2819726,0.71197265,-0.038027342,1.9819727,0.9919727,1.5619726,1.4119726,0.7419727,0.60197264,4.5219727,3.2819726,1.5919727,-0.6880273,-0.79802734,0.47197264,0.42197266,0.79197264
