json-data/2022072518.json
{"header": {"discipline":0,"disciplineName":"Meteorological products","gribEdition":2,"gribLength":79941,"center":7,"centerName":"US National Weather Service - NCEP(WMC)","subcenter":0,"refTime":"2022-07-25T18:00:00.000Z","significanceOfRT":1,"significanceOfRTName":"Start of forecast","productStatus":0,"productStatusName":"Operational products","productType":1,"productTypeName":"Forecast products","productDefinitionTemplate":0,"productDefinitionTemplateName":"Analysis/forecast at horizontal level/layer at a point in time","parameterCategory":2,"parameterCategoryName":"Momentum","parameterNumber":3,"parameterNumberName":"V-component_of_wind","parameterUnit":"m.s-1","genProcessType":2,"genProcessTypeName":"Forecast","forecastTime":0,"surface1Type":103,"surface1TypeName":"Specified height level above ground","surface1Value":10.0,"surface2Type":255,"surface2TypeName":"Missing","surface2Value":0.0,"gridDefinitionTemplate":0,"gridDefinitionTemplateName":"Latitude_Longitude","numberPoints":65160,"shape":6,"shapeName":"Earth spherical with radius of 6,371,229.0 m","gridUnits":"degrees","resolution":48,"winds":"true","scanMode":0,"nx":360,"ny":181,"basicAngle":0,"lo1":0.0,"la1":90.0,"lo2":359.0,"la2":-90.0,"dx":1.0,"dy":1.0}, "data":
[rows 78 to 103 of 181, columns 174 to 231 of 360]
-2.6540344,-2.8440344,-3.3940344,-4.0040345,-2.3140345,0.045965575,1.4259655,1.4059656,-0.34403443,-0.44403443,-0.44403443,-0.32403442,-0.9240344,-1.0040344,0.115965575,1.7059655,0.42596558,0.18596558,0.53596556,-0.13403443,0.32596558,-0.90403444,-1.0040344,-1.3040345,-2.2040343,-3.8540344,-4.6440344,-4.5840344,-4.2140346,-3.7540345,-3.7340345,-3.6440344,-3.5340345,-3.9440343,-3.9840345,-3.7240343,-3.8740344,-3.4940345,-4.1840343,-3.7140343,-3.7140343,-3.3940344,-5.7040343,-4.304034,-3.6540344,-4.8340344,-5.844034,-3.4440343,-4.5040345,-2.9940345,-2.6340344,-1.6940345,-1.2840344,-1.1640344,-1.6240344,-1.3940344,-1.6740345,-1.6940345
-2.9740343,-3.3440344,-3.8340344,-4.1340346,-1.2640344,-0.024034424,1.0759655,1.1759655,0.85596555,0.5259656,0.13596557,0.34596556,0.5659656,0.4759656,0.8759656,0.8259656,0.5559656,1.4559655,1.4659656,2.0659657,1.0659655,0.8959656,-0.0040344237,-0.8540344,-1.8540344,-2.1440344,-3.2740345,-4.3640347,-3.6540344,-4.074034,-4.1540346,-4.4540343,-4.0340343,-3.6440344,-4.1140347,-4.2240343,-4.344034,-4.574034,-4.1740346,-3.8240345,-4.0240345,-4.4440346,-6.5640345,-5.824034,-4.7340345,-5.054034,-2.4840345,-3.1640344,-2.4140344,-2.6840343,-3.2440345,-2.1240344,-1.4540344,-0.78403443,-1.0540345,-1.1640344,0.18596558,0.33596557
-2.1940343,-3.1440344,-3.8340344,-2.4040344,-0.0040344237,1.3559656,1.6459656,0.96596557,0.35596558,0.035965577,0.015965575,0.36596557,1.0159656,1.2059655,1.1159656,1.4359655,2.5459657,2.9059656,2.5359657,1.6359656,2.1059656,1.7659656,1.0959656,1.2559656,0.45596558,-0.64403445,-0.9740344,-1.6540344,-3.6040344,-4.0240345,-4.3840346,-4.8740344,-6.0840344,-6.4140344,-6.074034,-6.2240343,-5.5040345,-5.1540346,-5.2740345,-4.8740344,-5.7340345,-5.4440346,-5.6640344,-4.7140346,-3.6440344,-2.9440343,0.2559656,-0.6740344,-2.1740344,-3.1340344,-3.2840345,-3.3440344,-1.8940344,-0.2740344,-0.094034426,0.35596558,0.7659656,1.1459656
-2.9940345,-2.4240344,-2.2040343,-0.9240344,1.0359656,2.2759657,2.9959655,2.0459657,1.5459656,1.5259656,2.2559655,3.0159655,3.1159656,2.3759656,2.7659655,2.7259655,3.8859656,2.9959655,3.1959655,2.9559655,2.5459657,1.7659656,1.3159655,0.73596555,-0.094034426,-0.24403442,-1.2040344,-1.0240344,-1.9640344,-2.1440344,-2.9740343,-3.5940344,-4.0040345,-4.1740346,-4.6340346,-4.804034,-4.7440343,-5.6640344,-5.2240343,-5.2340345,-6.1640344,-5.574034,-3.1540344,-2.2940345,-2.3140345,-0.71403444,1.4159656,-0.13403443,-1.8340344,-1.3840344,-2.0540345,-1.7640344,-0.64403445,1.9659656,2.6159656,1.8559656,1.0059656,1.1959655
-1.2340344,-1.6440344,-1.3740344,0.035965577,1.5059656,2.6259656,2.9159656,2.3859656,2.2459655,2.8859656,3.6359656,3.5859656,2.9859655,2.6759655,3.6959655,4.3359656,3.9259655,3.5659657,2.2959657,2.4659655,1.9959656,2.2259655,1.2659656,0.46596557,0.13596557,-0.5040344,-0.8640344,-0.6940344,-1.0340344,-0.9440344,-1.0640345,-1.4340345,-1.8840344,-2.4140344,-1.8640344,-2.0640345,-2.5840344,-2.5640345,-2.8840344,-3.6840343,-2.5440345,-0.8140344,-0.31403443,-0.57403445,-0.3040344,0.17596558,0.8659656,0.005965576,-1.8640344,-2.3040345,-2.2040343,-0.6840344,1.4059656,2.3059657,3.0159655,3.0859656,3.2759657,3.7359655
1.5159656,2.1859655,2.0259657,3.7659655,2.2059655,2.2859657,2.4359655,3.0359657,1.5559655,1.9559655,2.9859655,3.0259657,3.4559655,3.6459656,4.1159654,4.4659657,3.0259657,3.1059656,2.9959655,2.4159656,1.8659656,1.4759656,0.8659656,0.6259656,0.8959656,-0.17403442,-0.48403442,-0.78403443,-1.0140344,-0.65403444,-1.0440345,-0.8640344,-0.8840344,-1.0040344,-0.7240344,-0.9840344,-0.3040344,-0.21403442,-0.20403442,0.085965574,-0.044034425,0.26596558,0.73596555,0.79596555,1.5759655,2.0159655,1.6659656,1.0759655,0.39596558,-1.0340344,-1.1440344,1.9759656,2.7959657,3.8259656,5.0359654,5.7159657,6.9959655,7.6259656
3.4359655,4.2959657,4.2859654,5.0059657,4.6259656,4.3259654,4.0359654,4.5259657,3.0559657,3.7259655,3.7559655,2.3159657,3.1559656,3.5259657,3.7659655,3.3159657,3.2359655,2.6259656,2.0159655,1.9959656,1.3759656,0.91596556,0.73596555,0.4759656,0.43596557,0.26596558,-0.08403442,-0.6240344,-0.8740344,-1.2740344,-0.9840344,-0.3640344,0.055965576,0.79596555,0.8159656,0.37596557,0.43596557,0.13596557,-0.20403442,0.16596557,0.60596555,1.2459656,2.2559655,2.7659655,2.9059656,3.6159656,3.5859656,2.6359656,2.5059655,2.4859655,3.3259656,4.155966,5.5359654,6.4659657,6.945966,7.5459657,8.105966,7.9759655
4.2559657,4.5959654,3.8659656,4.0459657,4.2659655,3.9559655,3.5759656,4.0459657,4.4559655,4.0459657,3.3159657,3.2759657,3.5259657,3.4259655,3.0559657,3.3459656,2.7959657,2.3759656,2.0259657,1.3059655,1.1159656,0.65596557,0.37596557,0.26596558,0.78596556,0.7659656,0.26596558,0.5559656,0.06596558,0.29596558,0.7659656,1.1259656,1.2459656,1.3959656,1.3859656,0.9559656,0.84596556,0.7659656,1.0859656,1.3659656,2.0259657,2.5759656,2.7259655,3.2859657,3.6259656,4.2359657,3.9459655,3.4959655,3.3259656,3.5459657,3.8859656,5.445966,6.9759655,7.3459654,7.4159656,7.1059656,6.8159657,7.5059657
4.0959654,3.5459657,3.4359655,3.5059655,3.7659655,4.0459657,3.4059656,3.3259656,4.4959655,3.6859655,3.5859656,4.3859653,3.0359657,2.4059656,2.1359656,2.3359656,2.1359656,2.1059656,2.0959656,1.1759655,0.7459656,0.42596558,0.005965576,0.025965577,-0.064034425,-0.054034423,0.7759656,0.40596557,0.30596557,0.29596558,0.97596556,1.1559656,1.3259655,1.4359655,1.6059656,2.1059656,1.9659656,1.7359656,2.5759656,3.3759656,3.3059657,3.9159656,4.1259656,5.2159657,5.4759655,5.7559657,5.5259657,4.7259655,4.445966,5.0559654,5.5259657,6.5359654,6.925966,6.0259657,6.6459656,6.2659655,6.4859657,7.2959657
2.6859655,3.1059656,2.7259655,2.9359655,3.3359656,3.7059655,3.8359656,4.0459657,3.7559655,3.5359657,2.6159656,2.1759655,2.1759655,2.5759656,2.5759656,2.9059656,1.9359655,1.3959656,1.2159656,1.8959656,1.2859656,0.65596557,0.6159656,0.24596557,0.8659656,0.3859656,0.35596558,1.2859656,0.9959656,0.5159656,0.4759656,0.5159656,1.0159656,0.90596557,1.6559656,1.5659655,2.1859655,2.3259656,3.2359655,2.8959656,4.0959654,4.0159655,3.9359655,3.9259655,4.0259657,4.3859653,4.6059656,5.1159654,4.8159657,4.7559657,5.3159657,5.4659657,4.5359654,4.445966,5.6659656,5.0259657,6.0059657,6.3059654
3.3459656,3.5959656,3.0859656,3.3059657,2.8759656,3.5359657,3.6359656,3.2559655,3.0759656,2.9759655,3.1259656,2.6459656,2.2359655,1.1659656,2.1159656,2.5759656,2.0159655,2.0259657,2.4759655,2.0659657,1.5259656,1.5459656,0.49596557,0.67596555,1.2359656,0.6359656,1.1359656,0.16596557,1.0059656,0.31596556,0.6859656,1.0759655,1.0859656,1.4359655,1.9659656,1.2759656,1.9459655,2.0059655,3.0059655,2.4859655,2.1059656,2.2159655,2.3859656,2.7359655,3.4059656,3.5059655,4.0359654,4.0259657,4.655966,4.405966,4.5059657,5.0859656,5.2459655,4.2359657,4.2159657,5.1659656,4.905966,5.3959656
3.4059656,3.2559655,2.7059655,3.0759656,2.6159656,1.3159655,1.1959655,3.5359657,2.8059657,2.9859655,2.6359656,1.1759655,0.8159656,2.5559657,1.8859656,1.6659656,2.4659655,2.3259656,2.3959656,2.3359656,1.8459656,1.3459656,0.8959656,0.4759656,-0.31403443,-0.32403442,0.035965577,-0.82403445,-0.7440344,0.5259656,1.2859656,1.9459655,2.0659657,1.9259655,1.5659655,2.0259657,3.0459657,2.9059656,1.8859656,1.8559656,2.1159656,2.3259656,2.5359657,2.5259657,2.3659656,3.0059655,3.6559656,3.7459655,3.8659656,3.8059657,3.5059655,3.9859655,5.1359653,5.4759655,4.2859654,3.8359656,3.5259657,4.1259656
2.5759656,3.0459657,3.3559656,2.0659657,2.9359655,2.2659655,0.5059656,0.78596556,1.4659656,0.8859656,0.4459656,0.8259656,1.2859656,0.8159656,0.43596557,0.7459656,1.0659655,2.0259657,1.9259655,2.2859657,1.8359656,1.3759656,0.66596556,0.075965576,-0.6140344,-1.2740344,-1.0640345,0.31596556,-0.13403443,-0.47403443,-0.094034426,0.7759656,1.9559655,1.1059656,1.3359656,1.8359656,1.8559656,1.1459656,1.2959656,0.7759656,1.2659656,2.0559657,2.3959656,2.1959655,2.3959656,3.3359656,3.5259657,3.4959655,2.8659656,2.7859657,3.4459655,4.2059655,4.195966,4.4759655,3.9259655,3.4759655,1.8659656,3.3559656
-0.044034425,1.4559655,2.5059655,3.7259655,3.7359655,2.6959655,3.0059655,2.0659657,1.1959655,0.29596558,2.1759655,1.7059655,1.2159656,0.43596557,0.67596555,0.6959656,0.79596555,1.4259655,1.5959656,2.0859656,2.2259655,1.8659656,0.96596557,0.42596558,-0.26403442,-0.8040344,-1.5540345,-2.1540344,-1.5040344,-0.78403443,-0.5440344,-0.40403444,0.34596556,1.0259656,0.90596557,0.8259656,0.90596557,0.9959656,0.5659656,1.4759656,0.20596558,1.4159656,1.4959656,1.8059655,1.5659655,3.3259656,3.1159656,2.8859656,3.2759657,1.8659656,2.4659655,3.5659657,3.6459656,3.8659656,3.8559656,3.9759655,3.9459655,4.425966
1.6959655,1.6559656,0.4159656,1.2059655,1.6059656,2.2159655,2.7159655,0.85596555,0.005965576,2.1259656,0.45596558,1.8859656,1.5459656,0.72596556,1.1259656,1.6559656,1.4459655,0.32596558,1.1959655,1.5359656,2.8459656,2.5659657,2.7359655,1.3459656,0.49596557,-0.3040344,-0.37403443,-0.7340344,-1.3240345,-0.9740344,-0.23403442,-0.0040344237,0.5059656,0.14596558,0.2559656,0.045965575,-0.0040344237,0.8759656,0.43596557,0.90596557,1.7859656,1.2159656,1.5059656,4.3459654,3.0959656,3.0959656,2.7059655,2.7959657,3.2159655,1.7559656,2.9959655,3.5759656,3.8459656,3.6959655,3.9359655,3.9459655,4.2459655,4.1159654
-0.37403443,1.2759656,1.8259655,0.96596557,-0.95403445,0.9459656,2.3859656,2.4959655,2.8859656,-0.054034423,2.6559656,2.9259655,3.6959655,3.2159655,2.0359657,1.0959656,2.4959655,2.7959657,1.4859656,1.8559656,2.7459655,3.4959655,3.0559657,3.0559657,2.5059655,1.7859656,0.6259656,0.65596557,0.9359656,0.98596555,1.0559655,0.7559656,1.5459656,0.9959656,1.3059655,0.43596557,1.1859655,0.8059656,0.8659656,0.53596556,1.9359655,0.5659656,2.0059655,1.7059655,1.9759656,2.4259655,2.6859655,2.8659656,3.2459655,2.3559656,2.6559656,3.1659656,2.5459657,2.9459655,3.4859655,3.7959657,3.2359655,4.155966
-1.1040344,0.5559656,0.40596557,0.37596557,0.4159656,0.35596558,0.60596555,0.4459656,0.18596558,0.28596556,-0.6340344,0.9359656,0.71596557,0.97596556,2.9559655,2.6359656,2.2459655,3.0459657,3.5059655,3.0259657,2.2559655,2.7159655,2.9059656,2.6659656,2.3759656,2.4759655,2.4359655,1.5059656,1.7859656,0.8359656,0.5059656,0.085965574,0.34596556,0.5159656,-0.2740344,-0.35403442,-0.28403443,0.6459656,1.3159655,1.4759656,0.19596557,0.66596556,0.5159656,1.7259656,1.4359655,1.7959656,2.6459656,1.8459656,2.1359656,1.6859655,2.1859655,1.9359655,2.7559655,2.0059655,3.1459656,3.5759656,3.6859655,3.2959657
-1.8140345,-1.0540345,-1.1440344,-1.8940344,-0.51403445,-0.6040344,-1.1140344,-0.6740344,0.9559656,1.0859656,-1.2340344,-1.5340344,-1.3640344,1.0859656,0.7059656,0.8259656,1.6559656,2.0959656,1.5259656,1.9359655,1.6759655,1.2859656,0.98596555,2.0659657,2.5759656,3.0159655,2.2459655,1.2859656,1.5259656,0.6359656,0.45596558,0.59596556,0.7459656,-0.14403443,0.32596558,-0.59403443,0.3859656,-0.3040344,-0.0040344237,1.1559656,0.19596557,0.79596555,1.1859655,0.31596556,0.9359656,2.4659655,2.2759657,2.5659657,2.7159655,2.1559656,1.2859656,2.2559655,2.5059655,2.3259656,2.0859656,2.9359655,3.4859655,3.4559655
-1.6740345,-2.3640344,-2.3240345,-2.9040344,-2.3540344,-1.9540344,-2.0740345,-2.2740345,-1.4540344,-0.48403442,0.90596557,0.17596558,0.34596556,0.31596556,1.1159656,-0.08403442,-0.25403443,0.40596557,0.8159656,1.1459656,0.5259656,0.22596557,-0.054034423,0.35596558,1.0159656,-0.07403442,0.8259656,0.36596557,-0.57403445,1.0859656,1.5159656,-0.14403443,0.6359656,-0.57403445,-0.044034425,0.9959656,-0.24403442,-0.8540344,-0.5440344,0.28596556,0.015965575,1.4959656,1.4259655,1.6459656,0.14596558,2.6859655,2.8459656,2.3759656,0.48596558,1.2659656,0.10596558,0.48596558,1.6159656,3.2559655,2.2859657,2.3459656,2.5559657,3.3059657
-1.6240344,-1.8240345,-3.2340345,-4.2440343,-3.2540345,-3.7240343,-2.8140345,-2.4140344,-2.2540345,-1.9340345,-1.9140344,-0.45403442,-0.8740344,-0.58403444,-0.83403444,0.5859656,1.8159655,1.4459655,0.6159656,0.24596557,0.6259656,-0.31403443,-0.21403442,-0.78403443,-0.9140344,-0.26403442,-0.6740344,-0.21403442,-0.014034424,-0.6740344,-0.20403442,1.1259656,0.15596558,-0.0040344237,0.015965575,1.2459656,1.5259656,-1.1340344,-0.094034426,-0.17403442,-0.6640344,0.71596557,-0.29403442,1.3959656,0.6859656,-0.48403442,0.24596557,1.5159656,0.5159656,0.34596556,1.8059655,-0.23403442,0.3859656,1.9259655,1.5359656,1.8559656,1.9759656,2.5459657
-3.0040345,-2.0140345,-1.5240344,-2.9440343,-3.8540344,-3.5440345,-4.1240344,-3.5940344,-2.6040344,-1.4640344,-0.95403445,-0.46403444,-1.2540344,-1.4040344,-0.6840344,-0.12403443,-0.35403442,0.6859656,1.5659655,0.26596558,0.16596557,-0.34403443,0.16596557,-0.094034426,0.025965577,-1.3240345,-0.8740344,-0.64403445,-1.1540344,-0.7440344,-0.6940344,-0.6940344,-0.6240344,-0.4940344,0.115965575,1.0759655,0.015965575,0.4159656,0.7659656,0.15596558,0.5659656,0.14596558,0.5159656,-0.24403442,1.7659656,-0.7340344,-1.1440344,-1.0440345,-0.95403445,-0.5440344,0.6459656,1.3659656,2.0059655,0.6859656,1.0959656,1.2759656,1.2459656,1.9559655
-1.6940345,-1.1140344,-1.2140344,-2.0140345,-1.7540344,-3.0240345,-2.7540345,-2.9240344,-2.6940343,-2.4140344,-1.8740344,-1.5740345,-1.5140344,-1.0840344,-0.7340344,-1.1940345,1.0559655,0.40596557,0.075965576,-0.054034423,-0.35403442,-0.22403443,-0.83403444,-0.9740344,-0.6640344,-0.8740344,-1.5040344,-0.95403445,-1.1940345,-1.3240345,-1.1640344,-1.2840344,-1.1640344,-1.5340344,-0.44403443,0.34596556,2.4559655,1.2459656,0.42596558,0.9359656,-0.3340344,-0.2740344,-0.5440344,-0.034034424,1.2759656,1.4559655,-0.25403443,0.45596558,-0.8140344,-0.5640344,-0.18403442,-0.6240344,-0.34403443,0.45596558,0.71596557,-0.52403444,1.2059655,1.6259656
-1.7240344,-0.9740344,-0.5040344,-1.2840344,-1.9140344,-1.9640344,-2.2540345,-2.2140343,-2.5240345,-2.3840344,-1.9940344,-1.3740344,-1.7640344,-1.5340344,-0.89403445,-0.9140344,-0.83403444,-1.5240344,-1.1640344,-0.76403445,-1.2840344,-0.6740344,-0.90403444,-0.3040344,-1.1840345,-1.5640345,-1.7940345,-2.0140345,-1.6640344,-1.4040344,-1.6740345,-1.6540344,-1.9340345,-1.7040344,-1.1140344,-0.16403443,1.3659656,0.8359656,1.0859656,0.53596556,-0.3340344,1.8059655,1.3859656,1.2359656,-0.89403445,-0.24403442,0.19596557,-0.35403442,-1.7840344,-1.1040344,-1.2540344,-0.6740344,-0.65403444,0.23596558,1.2959656,1.2859656,0.8159656,1.4559655
-1.6540344,-1.1740345,-0.37403443,-0.3640344,-0.39403442,-0.57403445,-0.59403443,-0.6240344,-0.89403445,-1.0140344,-1.1440344,-0.95403445,-0.25403443,-0.71403444,0.13596557,-1.3440344,-1.7140344,-0.2740344,0.23596558,0.5659656,1.7659656,-0.78403443,-0.9740344,-1.3440344,-1.5840344,-1.9940344,-2.5240345,-2.4840345,-2.0840344,-1.4040344,-1.8240345,-2.2340345,-2.3540344,-2.7540345,-2.2540345,-0.5640344,-0.70403445,-2.3740344,-0.39403442,0.085965574,-0.18403442,-0.8540344,0.45596558,0.34596556,-0.48403442,-0.064034425,-1.0640345,-1.0440345,-1.2840344,-1.4640344,-2.1340344,-1.0140344,-0.19403443,-0.044034425,-0.2740344,0.8659656,0.73596555,1.5459656
-1.8940344,-1.8040345,-0.5440344,-0.034034424,-0.8740344,-0.52403444,-1.3240345,-1.1540344,0.34596556,-0.5540344,1.2759656,0.21596557,0.4459656,0.90596557,1.8159655,-0.26403442,-0.07403442,0.055965576,-0.13403443,-1.2940345,-0.044034425,0.48596558,0.8159656,0.84596556,-0.41403443,-2.1140344,-2.9440343,-3.3540344,-2.5140345,-2.4940345,-2.3040345,-2.3040345,-2.6040344,-2.5740345,-2.5940344,-2.6740344,-1.8840344,-2.0840344,-2.6840343,-1.4940344,-1.4840344,-1.0240344,0.115965575,0.09596558,-0.8540344,-2.1540344,-1.5640345,-2.4840345,-1.9740344,-2.9540343,-2.3540344,-2.1240344,-2.1740344,-0.76403445,-2.4240344,-1.0240344,0.13596557,0.96596557
-2.7640345,-3.0540345,-1.7640344,-1.5540345,-0.9440344,-0.83403444,-0.3340344,-0.17403442,0.2559656,0.49596557,0.8259656,1.2359656,2.5459657,1.2459656,3.1059656,3.8859656,2.0759656,1.3759656,0.43596557,-0.5540344,0.055965576,0.18596558,0.5059656,1.4359655,2.2359655,0.9959656,-2.3940344,-4.2840343,-4.304034,-3.6240344,-3.5240345,-3.3040345,-3.4340343,-3.2640345,-3.0440345,-3.0440345,-3.4040344,-2.9940345,-2.2140343,-3.4240344,-2.9840345,-1.8540344,-1.3340344,-1.1340344,-1.0140344,-0.5540344,-0.96403444,-2.4440343,-0.6840344,-2.7840345,-1.6940345,-2.2840345,-1.8340344,-1.8540344,-1.8440344,-2.1640344,-0.7440344,0.36596557
