json-data/2022072706.json
{"header": {"discipline":0,"disciplineName":"Meteorological products","gribEdition":2,"gribLength":79552,"center":7,"centerName":"US National Weather Service - NCEP(WMC)","subcenter":0,"refTime":"2022-07-27T06:00:00.000Z","significanceOfRT":1,"significanceOfRTName":"Start of forecast","productStatus":0,"productStatusName":"Operational products","productType":1,"productTypeName":"Forecast products","productDefinitionTemplate":0,"productDefinitionTemplateName":"Analysis/forecast at horizontal level/layer at a point in time","parameterCategory":2,"parameterCategoryName":"Momentum","parameterNumber":3,"parameterNumberName":"V-component_of_wind","parameterUnit":"m.s-1","genProcessType":2,"genProcessTypeName":"Forecast","forecastTime":0,"surface1Type":103,"surface1TypeName":"Specified height level above ground","surface1Value":10.0,"surface2Type":255,"surface2TypeName":"Missing","surface2Value":0.0,"gridDefinitionTemplate":0,"gridDefinitionTemplateName":"Latitude_Longitude","numberPoints":65160,"shape":6,"shapeName":"Earth spherical with radius of 6,371,229.0 m","gridUnits":"degrees","resolution":48,"winds":"true","scanMode":0,"nx":360,"ny":181,"basicAngle":0,"lo1":0.0,"la1":90.0,"lo2":359.0,"la2":-90.0,"dx":1.0,"dy":1.0}, "data":
[rows 52 to 77 of 181, columns 58 to 115 of 360]
-2.2371435,0.012856445,-1.9571435,-4.3571434,-5.3971434,-6.6971436,-9.557143,-7.5071435,-3.2871435,2.1028564,5.3928566,2.8228564,0.90285647,-2.1071436,-0.7271435,-1.6771436,-0.9271436,1.3528564,-0.27714357,-0.89714354,-1.4571435,-0.5471436,-0.52714354,-0.51714355,-1.1771436,-1.6871436,-1.8371435,-3.3671436,-4.5771437,-4.7471437,-3.7471435,-3.4471436,-1.7571435,-1.8971436,-3.6771436,-1.8871436,-2.8171434,-0.74714357,-0.7271435,-1.2271435,-4.3871436,-1.8071436,-3.1671436,-3.7671435,-4.7971435,-1.8471435,-0.9271436,-0.81714356,-2.5371435,2.4928565,2.8728564,2.8728564,1.6828564,-4.0671434,-2.0671434,0.65285647,-1.3471435,-3.5171435
-1.3471435,1.8528564,-2.7071435,-3.1771436,-5.2671437,-6.2471437,-6.3271437,-4.6471434,-0.44714355,1.9528564,-1.4371436,-1.4671435,-0.58714354,0.37285644,-1.8771435,-1.0971435,-1.6771436,-1.2571435,-2.2771435,-3.0971437,-3.3271437,-4.7471437,-2.4571435,-2.8871436,-2.2071435,-3.2671435,-4.3071437,-3.8871436,-2.9971435,-3.8471437,-1.2871436,-1.0371436,-4.6471434,-3.3271437,-4.6071434,-1.2271435,-1.6871436,-2.5871437,-1.2371435,-2.1971436,-2.0271435,1.1928564,3.2228565,0.48285645,-0.6071436,-5.1271434,-2.4971435,-2.5071435,-2.9971435,1.8028564,1.8928565,0.19285645,-3.4871435,-4.1771436,-0.5371435,-1.6971436,-0.7271435,1.7328564
1.6728565,2.0728564,-0.82714355,-6.2671437,-6.227144,-4.6771436,-3.3271437,-2.1371436,-3.7471435,-2.9871435,-3.2071435,-3.0371435,-3.7471435,-0.6771436,1.1928564,-1.3171436,0.21285644,-1.6571436,-2.8371437,-0.32714355,-0.9771435,-3.7171435,-3.2171435,-4.2771435,-1.4671435,-3.2271435,-4.6871433,-3.6471436,-2.2971435,-0.82714355,0.8828564,-1.6571436,-3.4971435,-0.50714356,-3.3171434,-6.1071434,-4.7471437,-4.4271436,-6.2471437,-6.1471434,-3.9671435,-3.5171435,-8.547144,-1.6871436,-1.4971435,-0.6071436,-2.5371435,-4.1871433,-4.6871433,0.5728564,-2.7971435,-2.6671436,-4.8371434,-1.3571435,0.33285645,4.8528566,0.46285644,0.8328564
3.0828564,1.4928565,-1.5571436,-9.0271435,-5.1071434,-3.2571435,-1.1971436,-2.7871435,-1.9671435,-4.4371433,-4.1371436,1.0128565,3.8328564,3.4128563,2.9028563,1.8228564,2.1728563,1.8328564,-1.1871436,-2.2971435,0.86285645,-0.23714356,-1.3471435,0.19285645,0.44285643,-3.4371436,-3.9571435,-3.3771436,-2.9671435,-2.7671435,-0.65714353,-0.75714356,-3.3771436,-2.6071436,-1.6171435,-4.9271436,-5.3371434,-0.69714355,-4.0371437,-3.9371436,-0.30714357,-5.1271434,-7.5271435,-5.4671435,-4.1771436,-1.6771436,-3.7071435,-2.4971435,-1.2271435,1.6628565,-4.1271434,-3.2871435,-4.8871436,1.7528565,-0.047143556,-0.047143556,0.49285644,-0.10714355
-0.44714355,2.0228565,-2.3871436,-10.137143,-4.7871437,-2.2671435,-2.0571434,-1.3171436,-0.37714356,0.40285644,-1.4171436,-0.6171436,1.9828564,-0.42714354,1.2428565,1.9828564,1.8128564,0.9528564,1.7028564,0.8928564,-0.10714355,0.87285644,-0.24714355,1.4828564,-0.6171436,-3.5771437,-3.6871436,-2.2971435,3.6128564,4.4428563,1.8728565,-1.6271435,-0.7971436,-2.8871436,-2.1371436,-2.8471437,-4.3171434,-3.4671435,-1.4471436,-1.6671436,-5.1871433,-4.3071437,-2.6571436,-6.3871436,-7.3571434,-4.3271437,-0.38714355,1.0428565,0.122856446,-0.9871436,-2.9171436,-2.6771436,0.15285644,1.4828564,-1.2771436,3.1528563,1.4628564,0.94285643
0.39285645,0.5828564,0.08285645,-6.8871436,2.4528565,2.1428564,-0.26714355,2.0928564,0.25285643,-0.57714355,2.3928564,-1.7171435,1.5128565,3.2328565,1.9128565,3.2128565,2.4528565,1.1228565,1.9128565,-0.28714356,0.93285644,3.1028564,0.11285645,0.65285647,-2.4271436,1.9128565,-4.7871437,0.08285645,-2.4071436,-2.7971435,2.9628565,0.65285647,-3.4971435,-4.2371435,-3.7571435,-4.4071436,-4.7871437,-0.10714355,-3.6271436,-2.1171436,-1.0371436,-0.07714356,-3.7071435,-0.68714356,-4.1671433,-6.0271435,-1.4471436,-1.6571436,-1.4371436,-0.45714355,-0.25714356,1.4428564,0.06285644,-0.93714356,-0.7371436,0.93285644,1.8728565,1.1028564
3.8628564,3.2928565,0.25285643,-9.517143,3.8428564,1.4928565,-0.017143555,1.9828564,2.0428565,1.7728565,0.9528564,0.49285644,0.97285646,1.8828565,2.0728564,-0.6071436,-1.2371435,-0.51714355,-1.1571436,1.3728565,0.61285645,-0.16714355,-0.8571436,-1.2271435,-4.0971437,-1.2371435,-2.7571435,-4.6671433,-0.70714355,2.6928566,3.1528563,1.5228565,-0.44714355,-0.33714354,-2.1971436,0.18285644,0.99285644,-3.6971436,-3.3871436,-3.3471437,-3.2971435,-3.2371435,-3.2271435,-2.6371436,-3.6371436,-1.1771436,0.47285643,-0.017143555,-2.2371435,-1.2071435,-1.9871435,-0.47714356,-0.12714356,0.7628564,1.5628564,1.3428564,-0.39714354,0.93285644
4.0828567,2.4828565,-1.3971436,-4.5971437,5.8428564,2.4428566,0.9528564,0.67285645,1.6828564,-0.93714356,1.8228564,1.4228565,0.22285645,1.6128564,1.7828565,1.5728564,2.5028565,2.9828565,4.3228564,0.73285645,0.20285645,0.7728565,-0.76714355,1.2028564,-0.83714354,-1.9471436,-2.7771435,-1.8971436,-1.7371435,-0.58714354,-2.7571435,-4.7371435,-1.4371436,-1.9171436,-3.2571435,-3.7371435,-1.1171435,-0.43714356,-0.89714354,-1.7171435,-2.6771436,-2.1271436,-1.4971435,-2.3671436,-0.55714357,0.93285644,-2.3871436,-2.4071436,-1.9771435,0.14285645,0.75285643,0.72285646,-1.4771435,1.8728565,2.7828565,2.6828566,2.9428566,2.2328565
0.27285644,4.0728564,-0.27714357,-5.6071434,6.1928563,3.7128565,-0.90714353,4.542856,0.47285643,1.8528564,2.2728565,0.56285644,1.0128565,0.8828564,0.8828564,1.1228565,2.6328564,2.2828565,2.5228565,3.1628563,3.7728565,0.49285644,0.90285647,1.2028564,1.8728565,1.1128564,0.91285646,-0.20714356,-2.9171436,-1.6771436,-1.8871436,0.39285645,1.9928565,2.0328565,0.40285644,-0.15714355,-0.5371435,0.50285643,0.97285646,-1.3871436,-0.90714353,1.2828565,-1.4571435,-2.1371436,1.1228565,-0.75714356,-0.99714357,5.3428564,4.2828565,1.9928565,-0.36714354,2.8228564,2.1028564,3.1128564,2.5528564,2.1928566,2.2728565,-0.51714355
-1.8271435,3.8928564,3.1028564,-0.63714355,5.5828567,3.7928565,3.7928565,-1.3871436,-0.94714355,1.1628565,0.27285644,-0.47714356,-4.9971437,0.78285646,1.5328565,0.122856446,-0.6771436,2.9728565,4.522856,3.0928564,2.6028564,2.3228564,2.0028565,1.6628565,1.4328564,1.4028565,2.1528563,-0.07714356,-0.50714356,-0.39714354,-0.34714356,1.4628564,3.0128565,0.35285646,-1.0171436,-0.65714353,2.5728564,2.3828564,0.90285647,2.2828565,1.4028565,0.032856446,0.46285644,1.5328565,-0.6671436,-1.6871436,-0.49714357,1.4728564,0.052856445,2.0228565,-0.82714355,1.1728565,1.9728564,2.2528565,0.85285646,1.9128565,1.3528564,0.67285645
4.9028563,5.2628565,5.0828567,3.1528563,1.3128564,3.6828566,3.7128565,-0.47714356,1.2328564,-0.44714355,0.48285645,0.22285645,2.0128565,0.32285646,1.8828565,1.9528564,-2.5971437,4.8428564,5.7528563,4.6028566,3.4328566,0.79285645,1.3528564,1.8128564,1.2728565,0.8928564,-0.50714356,0.37285644,2.6528563,-0.5471436,1.1128564,4.6028566,3.0328565,3.7428565,3.8828564,1.5328565,0.6328564,1.2528565,0.8828564,1.6528565,2.0228565,1.5828564,1.0628564,2.0628564,1.4828564,1.7728565,-1.6871436,-2.4371436,-2.3471437,0.8928564,0.25285643,2.3728564,3.3128564,-0.30714357,2.7428565,2.2728565,1.9028565,1.5728564
2.7728565,6.1528563,6.3328567,6.7228565,5.6228566,3.1928566,3.9428566,2.7528565,1.5028565,0.06285644,0.66285646,1.3028564,1.5128565,1.1728565,1.7128564,3.5228565,3.6428564,3.3128564,3.7428565,3.9728565,3.0928564,3.7828565,2.5228565,1.6628565,3.0428565,0.8328564,3.1428564,1.7528565,0.87285644,0.56285644,0.85285646,2.3628564,2.1628563,1.5528564,1.0228565,1.0028565,4.3328567,0.85285646,-0.94714355,1.1528565,0.21285644,0.56285644,-0.5471436,2.1328564,1.9128565,0.48285645,1.2528565,3.7228565,5.5628567,4.1228566,4.272856,3.1128564,3.9728565,1.3228564,3.2728565,1.9428564,1.1528565,1.4328564
-0.12714356,3.2528565,4.5028563,3.1728563,3.1128564,3.2228565,1.8028564,2.6528563,1.1428565,1.0128565,1.4628564,4.1728563,4.1228566,3.0028565,2.0028565,2.9128563,4.8828564,2.3028564,2.9728565,3.5328565,1.6428565,2.9928565,4.6728563,1.7828565,1.9928565,2.3128564,0.7728565,1.2928565,0.6328564,-0.37714356,1.3428564,1.5628564,3.7128565,1.2328564,-0.76714355,-0.75714356,0.8228564,-0.26714355,0.14285645,-0.30714357,0.23285645,0.012856445,1.6128564,1.2728565,0.81285644,1.3128564,5.7528563,3.6828566,5.3428564,4.3728566,4.0928564,2.7028565,3.5628564,3.9928565,2.8728564,0.012856445,-0.34714356,0.93285644
5.7828565,6.9728565,7.4428563,6.6828566,5.2328563,4.0928564,3.4628565,3.0328565,2.1428564,2.8828564,3.1428564,3.4628565,3.4328566,2.4628565,3.3528564,3.8928564,2.3928564,3.8828564,2.4828565,2.9428566,2.4828565,2.4128563,0.81285644,0.45285645,1.7028564,2.5128565,0.9628565,0.24285644,1.7728565,2.4228563,1.8728565,2.7528565,2.1228564,0.60285646,0.68285644,2.3428564,3.1828566,1.9328564,0.042856444,0.60285646,0.10285644,1.0228565,0.55285645,1.5728564,1.7728565,2.9828565,3.7928565,3.7828565,3.3228564,3.5128565,3.7828565,2.9528565,3.7828565,1.2428565,1.5428565,-2.0171435,0.33285645,0.31285644
2.6828566,1.9228565,9.152857,6.9628563,5.8028564,5.2228565,4.3328567,3.2028565,1.9828564,2.4628565,2.2328565,2.7828565,1.6628565,1.8228564,2.0128565,0.25285643,2.3628564,1.9628564,1.2328564,0.44285643,1.5328565,1.7128564,1.7028564,1.1828564,-0.11714356,0.59285647,1.4328564,3.5628564,3.9528565,2.8528564,2.9728565,2.9528565,1.7028564,0.33285645,-0.47714356,-0.7371436,-0.40714356,0.87285644,2.1628563,-0.5371435,-0.13714355,2.2128565,-0.19714355,0.45285645,1.9528564,3.8428564,2.7228565,4.0928564,-0.75714356,3.1528563,5.2528563,4.3628564,0.29285645,1.0228565,1.5628564,-0.17714356,-1.8271435,-0.7971436
2.7728565,0.7028564,10.932857,7.0628567,5.3228564,5.7228565,5.6828566,4.4928565,3.9928565,4.3928566,3.2828565,3.1428564,3.4928565,1.9028565,1.9328564,0.33285645,2.1928566,0.122856446,-0.35714355,0.48285645,1.4928565,1.4628564,-0.10714355,2.0728564,3.5928564,1.9028565,2.2128565,2.7628565,2.7928565,2.0028565,2.9428566,1.9828564,1.1228565,0.86285645,-1.0071435,-0.0071435547,0.31285644,1.2228564,2.2928565,-0.06714355,1.2628565,0.46285644,1.2828565,1.4628564,2.2328565,2.5628564,2.5828564,2.9828565,3.0028565,5.1428566,2.7328565,4.3128567,3.3828564,-0.28714356,2.1728563,0.37285644,-0.22714356,2.5628564
3.3328564,4.022856,7.3028564,7.4028563,6.9528565,6.7828565,7.0828567,6.0828567,4.792856,3.4828565,2.6428564,3.0728564,2.5028565,1.6928564,1.8428564,2.2728565,0.46285644,-1.5971435,-1.5171436,-0.027143555,-2.3671436,-0.64714354,-0.11714356,1.1128564,1.9328564,1.4228565,2.6028564,2.1228564,3.2828565,3.0028565,4.2828565,2.6928566,2.7528565,0.012856445,-1.2071435,0.21285644,-0.19714355,2.9828565,3.0928564,0.15285644,0.81285644,-0.59714353,1.3728565,1.8428564,1.2728565,-1.2671436,0.50285643,1.9528564,2.4828565,2.7328565,2.4028563,5.0528564,2.7628565,-0.7371436,1.1228565,4.7628565,2.8328564,1.4528564
5.9528565,6.6228566,7.7028565,8.172856,8.452856,7.9928565,6.9028563,4.522856,4.3628564,4.042856,3.7228565,2.2128565,1.7128564,1.2028564,2.1728563,1.9128565,0.9528564,-1.1671436,-0.33714354,0.26285645,-0.20714356,0.13285644,2.4728565,1.8328564,1.5128565,0.9628565,1.4628564,1.0128565,2.4728565,2.7828565,2.8428564,2.0828564,0.8928564,-0.7371436,-1.3271435,0.59285647,1.5128565,4.0028563,3.4228563,0.06285644,0.5128564,1.1228565,1.1628565,1.2328564,1.3028564,0.7628564,-0.12714356,-0.9271436,3.1228564,3.6028564,3.6428564,2.3928564,0.34285644,1.3328564,0.78285646,0.08285645,-0.22714356,0.032856446
8.192857,8.182857,9.2628565,9.232857,8.492856,7.8928566,7.3728566,6.1528563,5.1828566,3.6928566,2.7228565,1.2228564,2.7328565,-0.5371435,-0.23714356,0.92285645,-0.14714356,-0.74714357,-1.6771436,-1.8671435,-1.5371436,-0.16714355,1.4928565,0.47285643,1.9628564,1.2628565,0.49285644,1.9228565,4.6628566,2.8428564,1.9528564,1.8628564,0.31285644,0.16285644,-0.94714355,0.33285645,1.1628565,3.0728564,3.1028564,1.0328565,-1.0971435,0.62285644,1.4328564,0.62285644,1.3428564,-0.41714355,1.0028565,0.35285646,4.1528563,4.6728563,4.3228564,-0.23714356,-2.6771436,-0.38714355,0.0028564453,-0.7971436,-1.1371436,-1.7271435
9.332856,9.892857,10.102857,8.7628565,8.342856,8.122856,6.8428564,6.772856,4.6628566,3.9028563,2.8928564,1.1928564,1.5128565,-0.87714356,1.8128564,2.8028564,-0.55714357,-0.80714357,-1.9571435,-1.5071435,0.78285646,-0.06714355,1.1128564,1.0228565,2.2128565,0.84285647,1.9228565,3.0628564,3.5728564,2.8528564,2.3628564,1.9628564,0.80285645,0.18285644,-0.07714356,-0.77714354,1.3628564,0.97285646,0.99285644,-0.017143555,-0.16714355,1.5228565,1.9128565,0.6428564,0.90285647,0.72285646,2.2528565,0.08285645,1.7328564,4.4428563,4.522856,-1.8871436,-2.2271435,2.3628564,0.23285645,-0.7371436,-1.6071435,-2.9471436
11.2628565,11.182857,10.332856,9.452856,8.562857,8.112857,7.1028566,5.8528566,4.1828566,2.6928566,1.1328565,0.99285644,0.15285644,-0.62714356,1.2628565,0.97285646,1.3028564,-1.0371436,-0.89714354,-0.6071436,-1.1871436,-1.5371436,-0.84714353,1.1228565,-0.5371435,0.48285645,1.1428565,1.5028565,2.0328565,1.8028564,2.5428565,1.9928565,0.87285644,0.38285646,-0.52714354,-1.6071435,-2.7871435,-0.15714355,0.8828564,0.45285645,0.56285644,1.4028565,-0.29714355,1.4228565,1.5228565,0.5128564,0.56285644,1.3428564,-1.4571435,2.2628565,3.7828565,2.3228564,1.1028564,1.3928565,0.012856445,-0.48714355,-2.3271437,-3.3071434
12.112857,11.5128565,10.422856,9.672856,8.852857,7.8928566,7.0828567,6.0528564,4.1828566,2.4528565,2.2428565,0.8828564,-0.65714353,-1.7871436,-0.89714354,0.72285646,0.032856446,-0.6171436,-1.4771435,-1.0471436,-2.0571434,-1.3971436,-0.90714353,0.84285647,-0.07714356,-0.037143555,0.93285644,0.78285646,1.0128565,1.0728564,1.6828564,1.4728564,0.86285645,0.052856445,-0.76714355,-1.9471436,-3.0671434,-0.89714354,-0.13714355,0.72285646,0.31285644,0.5228565,1.2328564,-0.21714355,-0.16714355,1.4528564,1.3928565,0.24285644,0.20285645,-3.4371436,2.4028563,2.9528565,2.1728563,0.69285643,-0.46714357,-1.9371436,-2.0571434,-2.3971436
12.282856,10.862857,10.442857,9.692857,8.812857,7.6328564,6.6328564,5.5128565,4.8928566,2.7928565,2.1328564,0.32285646,-0.19714355,-2.2271435,-2.8271437,-1.1271435,0.22285645,-1.0071435,-0.47714356,-1.2871436,-1.5671436,-0.94714355,-1.0271436,0.68285644,0.61285645,0.86285645,0.6328564,-0.71714354,0.50285643,-0.037143555,0.65285647,1.6528565,0.78285646,0.65285647,-0.23714356,-1.6071435,-2.2471435,-0.94714355,1.0428565,-1.7671436,-1.5271436,-0.26714355,1.9728564,0.55285645,1.2028564,1.8528564,1.1828564,1.2828565,-0.93714356,0.55285645,-0.64714354,2.4528565,2.2128565,0.86285645,-1.1771436,-2.5971437,-2.7871435,-1.6471436
11.322857,11.2628565,10.242856,9.682857,8.642857,7.3328567,6.292856,5.022856,3.5328565,2.6828566,1.0528564,0.15285644,-0.047143556,-1.5871435,-3.0871437,-2.2471435,0.62285644,-0.23714356,-1.0271436,-1.4071436,-1.3071436,-0.18714355,-2.6271436,-1.1071435,0.40285644,-0.0071435547,-0.31714356,-0.49714357,0.85285646,1.3128564,1.1628565,1.7128564,0.8228564,0.27285644,-0.36714354,-0.9271436,-1.1771436,-1.4271436,-1.9071436,-2.5771437,0.21285644,0.91285646,2.3028564,1.0028565,0.66285646,1.1928564,0.29285645,0.43285644,-1.2071435,1.6728565,-0.27714357,0.74285644,1.7428565,0.10285644,-1.1171435,-1.1971436,-1.1371436,0.012856445
11.322857,10.4728565,9.872856,9.092856,8.532856,7.272856,6.3928566,4.6228566,3.7628565,1.4428564,1.5628564,0.48285645,-1.2871436,-2.1471436,-2.9971435,-3.1571436,-2.0771437,-0.62714356,-1.6871436,-1.5671436,-2.5471435,-2.4871435,-2.3971436,-2.4771435,0.092856444,-0.59714353,-1.3171436,-0.46714357,0.37285644,1.4028565,1.1928564,1.0628564,0.97285646,-0.17714356,0.21285644,-0.7271435,-1.8171436,-2.1671436,-2.8171434,-2.9771435,-1.0971435,-0.20714356,2.3828564,0.32285646,1.3128564,1.0728564,-0.43714356,-0.51714355,0.39285645,-0.6071436,0.7628564,-0.44714355,1.9328564,1.1528565,-0.31714356,-0.51714355,-0.42714354,0.45285645
10.592856,9.752856,9.302856,8.742856,7.5028563,6.5728564,5.3228564,3.9128563,2.1228564,0.90285647,-0.38714355,-1.4371436,-1.7471435,-3.0671434,-3.8371437,-3.4371436,-3.7971435,-0.9771435,-1.2071435,-2.1471436,-2.4071436,-2.1971436,-2.4771435,-2.9271436,-0.7971436,-0.89714354,-0.75714356,-1.0871435,-0.09714355,1.7128564,0.99285644,0.9628565,0.7728565,-0.56714356,0.13285644,0.5228565,-1.2871436,-2.1971436,-3.0171435,-3.2271435,-2.3471437,-0.6771436,2.7328565,1.3828565,0.28285643,-0.59714353,1.9228565,1.8528564,0.74285644,-1.0171436,-1.0071435,-1.0671436,3.3728564,0.53285646,0.052856445,-0.71714354,0.30285645,1.2728565
