json-data/2022072406.json
{"header": {"discipline":0,"disciplineName":"Meteorological products","gribEdition":2,"gribLength":47813,"center":7,"centerName":"US National Weather Service - NCEP(WMC)","subcenter":0,"refTime":"2022-07-24T06:00:00.000Z","significanceOfRT":1,"significanceOfRTName":"Start of forecast","productStatus":0,"productStatusName":"Operational products","productType":1,"productTypeName":"Forecast products","productDefinitionTemplate":0,"productDefinitionTemplateName":"Analysis/forecast at horizontal level/layer at a point in time","parameterCategory":0,"parameterCategoryName":"Temperature","parameterNumber":0,"parameterNumberName":"Temperature","parameterUnit":"K","genProcessType":2,"genProcessTypeName":"Forecast","forecastTime":0,"surface1Type":1,"surface1TypeName":"Ground or water surface","surface1Value":0.0,"surface2Type":255,"surface2TypeName":"Missing","surface2Value":0.0,"gridDefinitionTemplate":0,"gridDefinitionTemplateName":"Latitude_Longitude","numberPoints":65160,"shape":6,"shapeName":"Earth spherical with radius of 6,371,229.0 m","gridUnits":"degrees","resolution":48,"winds":"true","scanMode":0,"nx":360,"ny":181,"basicAngle":0,"lo1":0.0,"la1":90.0,"lo2":359.0,"la2":-90.0,"dx":1.0,"dy":1.0}, "data":
[rows 56 to 83 of 181, columns 0 to 61 of 360]
296.18768,295.7877,295.68768,298.8877,300.0877,301.2877,301.68768,301.9877,301.2877,299.8877,301.3877,301.0877,300.5877,300.8877,301.18768,301.0877,300.7877,300.3877,299.9877,299.8877,299.7877,299.3877,298.4877,297.3877,297.68768,298.0877,298.3877,297.7877,297.4877,298.3877,299.0877,299.9877,300.4877,300.4877,300.7877,301.2877,309.9877,311.7877,309.5877,308.3877,309.7877,310.8877,312.9877,317.0877,321.68768,322.8877,319.2877,318.8877,317.2877,316.7877,319.0877,319.7877,326.2877,324.4877,326.0877,323.4877,329.9877,322.4877,326.68768,317.3877,322.18768,317.9877
295.8877,297.5877,299.2877,299.68768,300.68768,301.9877,301.3877,299.68768,298.5877,297.2877,297.2877,300.9877,301.2877,299.7877,300.5877,300.9877,300.68768,300.2877,300.18768,300.0877,299.5877,299.4877,299.3877,298.4877,298.5877,298.9877,299.0877,298.7877,298.2877,298.3877,299.3877,299.9877,300.3877,300.8877,301.0877,301.2877,308.0877,316.9877,308.68768,310.0877,310.7877,313.8877,315.3877,317.5877,319.3877,322.5877,321.3877,322.9877,321.9877,323.0877,315.0877,323.2877,318.3877,323.68768,324.7877,327.7877,330.7877,327.4877,327.18768,327.7877,321.68768,322.2877
298.5877,299.68768,300.3877,300.7877,301.18768,302.0877,301.5877,300.0877,297.9877,297.2877,298.2877,299.0877,299.3877,297.7877,300.4877,302.7877,300.68768,300.2877,300.0877,299.68768,302.3877,301.68768,304.3877,302.0877,302.9877,300.3877,299.2877,299.2877,298.8877,298.7877,299.3877,299.8877,300.18768,300.7877,300.9877,309.7877,307.7877,314.4877,312.2877,311.0877,312.68768,315.18768,316.4877,317.7877,319.0877,321.4877,321.2877,321.68768,325.2877,324.8877,322.9877,318.4877,325.0877,320.0877,324.2877,327.7877,324.18768,329.2877,330.2877,330.0877,326.0877,320.2877
298.5877,299.4877,299.3877,300.18768,301.5877,301.7877,300.3877,298.7877,298.0877,298.68768,298.68768,297.2877,297.0877,296.3877,300.3877,301.4877,302.2877,302.9877,300.18768,299.5877,298.8877,303.2877,303.5877,304.8877,303.7877,303.18768,303.0877,302.5877,304.9877,299.18768,306.68768,307.5877,309.9877,309.4877,307.9877,306.0877,305.18768,308.4877,314.2877,316.18768,314.5877,316.18768,319.3877,318.9877,319.68768,320.68768,321.4877,324.0877,321.9877,322.4877,324.8877,320.4877,317.3877,321.9877,322.4877,325.8877,324.5877,326.0877,332.3877,332.2877,327.5877,324.2877
299.4877,300.3877,301.68768,301.18768,300.9877,300.18768,298.8877,298.4877,299.0877,300.18768,300.5877,298.5877,297.9877,297.4877,297.8877,299.18768,299.5877,300.18768,299.5877,302.18768,302.18768,302.4877,303.18768,305.3877,302.9877,302.3877,303.2877,305.8877,307.8877,304.5877,305.3877,307.3877,306.4877,305.7877,307.3877,308.5877,307.3877,308.8877,309.2877,312.18768,316.4877,314.8877,318.0877,320.8877,320.8877,320.9877,321.8877,323.5877,322.7877,304.7877,305.0877,326.18768,318.7877,323.4877,322.2877,323.5877,323.9877,326.7877,330.5877,332.9877,328.68768,328.9877
302.4877,302.68768,301.5877,300.2877,300.18768,298.2877,298.3877,299.0877,301.4877,300.7877,299.5877,298.4877,298.18768,298.2877,298.9877,300.2877,301.7877,300.2877,299.7877,301.9877,302.2877,302.68768,304.18768,304.18768,304.2877,304.68768,304.3877,304.7877,304.0877,305.2877,304.9877,307.2877,308.18768,299.18768,303.0877,309.18768,310.7877,315.68768,315.18768,313.5877,314.18768,316.0877,320.5877,320.4877,321.68768,322.4877,325.7877,322.8877,326.7877,305.0877,305.18768,324.18768,323.8877,324.2877,323.5877,327.0877,324.7877,328.0877,327.68768,329.7877,329.68768,326.9877
303.0877,302.3877,301.7877,301.18768,299.4877,298.18768,299.8877,298.8877,299.9877,299.68768,299.4877,298.4877,298.5877,300.3877,299.5877,299.8877,298.7877,301.3877,301.68768,300.3877,300.4877,303.7877,304.9877,303.8877,305.0877,305.9877,305.2877,303.68768,304.2877,303.8877,305.7877,304.9877,303.7877,308.2877,312.68768,301.7877,310.18768,316.9877,315.5877,311.7877,313.8877,317.8877,323.68768,319.7877,320.8877,322.3877,325.18768,325.4877,324.4877,305.3877,305.3877,306.18768,324.8877,328.4877,325.8877,327.7877,322.8877,316.9877,326.5877,329.8877,329.18768,329.8877
303.5877,302.68768,301.18768,301.8877,300.68768,299.8877,300.18768,301.0877,300.0877,301.5877,301.3877,300.2877,298.8877,298.4877,299.2877,300.4877,301.2877,303.18768,302.7877,300.7877,300.2877,304.0877,304.4877,302.8877,304.3877,305.4877,304.68768,305.8877,306.8877,304.9877,304.18768,305.3877,305.5877,311.2877,300.7877,300.8877,320.3877,317.3877,312.3877,312.8877,316.4877,320.3877,322.68768,321.4877,322.0877,320.2877,323.68768,323.8877,323.68768,320.68768,305.4877,305.9877,306.18768,306.0877,327.3877,326.9877,306.18768,312.7877,329.18768,327.3877,321.9877,317.3877
302.7877,302.18768,302.8877,303.18768,301.18768,300.18768,299.5877,300.18768,300.0877,300.8877,300.7877,300.8877,300.0877,299.9877,301.3877,300.4877,301.4877,302.4877,301.3877,300.68768,301.3877,302.68768,302.4877,303.2877,307.3877,306.5877,304.68768,306.0877,307.18768,304.4877,304.4877,304.3877,308.4877,311.18768,317.4877,300.8877,301.8877,318.7877,320.7877,325.0877,323.8877,323.68768,326.9877,326.68768,322.4877,323.3877,324.5877,324.5877,326.7877,319.4877,321.3877,308.18768,306.0877,305.9877,306.0877,306.18768,306.4877,305.0877,323.7877,324.4877,321.2877,310.4877
303.0877,302.7877,303.18768,304.7877,302.8877,300.4877,300.9877,298.3877,297.3877,298.68768,299.9877,298.68768,297.3877,297.4877,299.2877,301.8877,302.5877,301.7877,302.0877,301.2877,300.8877,301.5877,302.3877,305.4877,306.2877,307.5877,304.18768,304.5877,306.4877,308.18768,309.2877,306.68768,306.4877,313.2877,313.18768,301.7877,302.18768,302.2877,324.4877,326.4877,325.5877,323.7877,324.68768,323.5877,324.3877,323.4877,322.9877,323.5877,327.9877,320.5877,326.18768,326.4877,307.18768,306.2877,306.2877,309.5877,328.8877,305.0877,304.18768,303.2877,302.5877,302.18768
303.18768,303.4877,303.0877,303.5877,302.18768,298.9877,298.3877,297.18768,297.9877,300.0877,298.9877,299.3877,296.18768,298.0877,300.9877,302.3877,299.9877,300.68768,301.8877,303.3877,301.4877,303.2877,301.5877,304.2877,304.2877,307.7877,303.18768,305.0877,306.18768,307.0877,309.18768,307.7877,306.9877,309.2877,313.3877,318.3877,302.2877,302.4877,303.4877,318.3877,319.5877,325.4877,324.18768,321.2877,322.9877,323.68768,326.8877,320.18768,326.5877,328.0877,324.9877,329.0877,309.0877,328.68768,325.0877,323.5877,324.2877,324.5877,304.18768,303.2877,302.4877,301.3877
302.68768,302.3877,304.3877,303.7877,302.5877,301.0877,299.9877,300.4877,298.2877,300.4877,299.8877,299.5877,298.68768,299.5877,301.4877,302.0877,299.8877,300.8877,303.5877,304.8877,304.7877,301.2877,304.4877,303.2877,305.18768,303.5877,305.18768,306.18768,306.7877,307.8877,310.2877,310.9877,310.5877,307.68768,313.18768,317.5877,302.68768,302.7877,302.68768,317.0877,314.68768,321.8877,324.7877,321.18768,321.4877,322.8877,325.68768,325.3877,325.3877,324.68768,325.8877,322.4877,324.18768,323.5877,325.0877,322.4877,321.4877,318.68768,318.4877,313.3877,301.8877,300.5877
302.3877,304.7877,304.18768,303.2877,303.8877,300.3877,300.7877,301.18768,300.7877,300.8877,301.7877,301.68768,301.8877,301.9877,302.8877,304.18768,300.18768,301.2877,304.0877,301.0877,302.68768,303.8877,302.68768,303.68768,304.2877,308.18768,306.0877,306.18768,306.68768,307.5877,309.18768,309.68768,310.2877,312.3877,314.4877,319.18768,317.7877,302.7877,303.18768,310.4877,317.8877,316.9877,321.9877,325.3877,318.9877,322.3877,320.9877,323.18768,322.0877,322.3877,325.4877,324.8877,327.18768,322.5877,324.5877,321.5877,321.9877,322.8877,318.4877,312.68768,298.9877,299.8877
304.2877,303.18768,301.7877,301.5877,301.3877,301.4877,301.9877,302.2877,301.9877,301.68768,301.68768,303.7877,304.4877,302.9877,304.0877,305.4877,307.5877,299.5877,302.3877,302.5877,301.5877,303.4877,303.4877,303.8877,304.4877,306.4877,306.7877,306.2877,307.0877,307.7877,310.18768,311.5877,310.18768,314.2877,316.9877,316.7877,318.0877,318.4877,303.5877,303.3877,318.18768,319.18768,319.68768,325.2877,325.3877,320.8877,321.0877,322.4877,324.5877,323.7877,324.0877,323.8877,322.7877,321.8877,322.8877,320.68768,318.9877,321.18768,316.7877,298.18768,298.68768,299.7877
301.8877,301.7877,298.4877,300.5877,301.68768,302.4877,303.9877,304.2877,303.0877,299.9877,302.0877,303.9877,304.7877,303.7877,305.0877,305.8877,305.18768,307.68768,307.4877,305.18768,302.2877,302.7877,303.8877,303.8877,305.18768,306.4877,306.2877,306.4877,308.3877,308.68768,310.0877,310.9877,311.3877,314.18768,315.2877,315.68768,320.0877,320.4877,303.3877,303.4877,302.8877,322.7877,314.18768,318.4877,319.0877,316.0877,316.4877,319.0877,324.5877,321.8877,322.9877,320.2877,320.3877,319.2877,319.2877,317.3877,318.4877,315.4877,297.5877,298.18768,299.0877,299.5877
299.7877,303.0877,298.8877,300.3877,302.4877,303.3877,304.0877,305.18768,305.4877,301.3877,303.0877,304.2877,304.18768,304.4877,303.9877,304.2877,306.4877,305.4877,306.7877,305.8877,304.0877,304.4877,305.8877,306.18768,305.4877,306.3877,306.9877,307.4877,308.3877,309.18768,311.7877,312.5877,312.9877,313.8877,314.2877,316.5877,314.18768,317.0877,303.0877,303.3877,303.5877,303.4877,317.2877,311.3877,313.4877,313.4877,315.0877,317.2877,318.0877,320.9877,320.9877,319.3877,318.68768,318.2877,316.8877,315.5877,316.7877,310.3877,297.3877,299.0877,299.18768,299.18768
298.7877,299.3877,297.7877,300.0877,302.18768,302.9877,303.5877,304.4877,303.2877,301.18768,303.18768,303.4877,303.2877,303.4877,304.2877,304.8877,304.9877,306.3877,306.0877,305.8877,305.18768,304.9877,305.5877,305.2877,305.3877,305.8877,307.7877,308.68768,308.8877,309.4877,310.9877,313.18768,313.2877,312.5877,310.9877,314.18768,311.68768,308.18768,315.8877,303.7877,304.2877,304.18768,309.7877,302.0877,306.8877,314.18768,317.0877,316.68768,317.2877,320.3877,320.4877,315.8877,315.0877,316.8877,311.9877,313.3877,307.8877,296.3877,298.3877,299.0877,298.7877,298.8877
298.8877,299.0877,299.9877,300.7877,303.0877,302.5877,302.9877,303.8877,304.0877,303.0877,303.18768,303.7877,303.5877,303.0877,303.7877,304.7877,305.7877,308.2877,307.18768,306.9877,304.8877,307.2877,304.68768,304.68768,305.3877,306.3877,306.5877,307.4877,308.8877,309.3877,310.8877,308.8877,311.7877,313.2877,315.7877,311.0877,311.9877,308.7877,310.68768,308.3877,304.8877,304.8877,304.0877,311.68768,306.5877,315.8877,316.68768,317.3877,317.8877,316.4877,312.4877,309.8877,305.8877,309.8877,302.9877,304.18768,296.4877,297.68768,298.2877,298.5877,298.68768,298.7877
304.4877,302.4877,301.8877,302.3877,302.18768,301.0877,301.68768,302.2877,302.7877,302.2877,302.9877,303.0877,302.5877,303.3877,303.18768,304.18768,305.18768,306.2877,306.3877,305.3877,305.2877,305.8877,304.5877,304.4877,305.18768,305.3877,304.9877,306.18768,307.0877,309.4877,310.0877,308.4877,308.4877,307.4877,305.18768,306.0877,307.2877,303.8877,297.3877,305.8877,304.9877,305.18768,304.8877,315.68768,301.9877,306.68768,314.3877,316.4877,313.9877,313.8877,322.8877,314.18768,317.0877,298.0877,298.18768,297.7877,297.7877,298.0877,297.9877,298.0877,298.2877,298.68768
302.8877,302.68768,302.4877,301.8877,301.18768,300.4877,300.3877,301.7877,302.18768,301.9877,301.8877,301.7877,301.3877,301.5877,302.0877,302.9877,304.68768,304.8877,305.4877,305.3877,305.3877,303.8877,300.8877,303.18768,303.0877,304.18768,305.7877,305.7877,307.18768,308.3877,308.8877,307.8877,307.18768,307.4877,304.8877,301.3877,303.18768,296.5877,294.7877,292.2877,311.68768,305.18768,305.18768,315.3877,303.9877,307.0877,314.68768,313.2877,305.7877,309.4877,314.68768,300.18768,298.3877,297.8877,297.8877,298.2877,298.4877,297.8877,297.7877,297.8877,297.9877,298.2877
300.3877,300.68768,301.3877,301.3877,300.8877,299.9877,300.4877,300.5877,301.18768,300.4877,300.5877,300.3877,300.7877,302.0877,298.18768,302.2877,302.5877,303.18768,303.18768,302.3877,302.7877,301.18768,299.8877,302.8877,301.68768,305.2877,304.9877,304.68768,305.7877,305.0877,306.9877,307.7877,306.5877,303.7877,303.68768,299.18768,298.3877,293.7877,292.7877,291.9877,305.4877,313.8877,304.7877,303.68768,307.68768,311.9877,310.18768,312.3877,306.9877,301.4877,302.0877,301.0877,298.8877,297.4877,297.8877,298.3877,297.9877,297.4877,297.4877,297.68768,297.8877,297.9877
297.3877,296.7877,298.68768,298.9877,299.68768,298.3877,297.8877,297.68768,298.68768,299.18768,299.3877,299.68768,299.9877,300.0877,298.3877,300.2877,300.4877,301.3877,301.4877,302.4877,302.2877,301.2877,301.4877,301.68768,299.5877,305.3877,303.5877,305.0877,304.7877,304.18768,303.5877,305.0877,302.2877,300.5877,298.7877,296.9877,293.8877,291.68768,287.68768,297.0877,305.0877,318.68768,313.9877,303.18768,318.68768,322.18768,300.18768,301.68768,301.7877,302.18768,303.0877,301.68768,298.18768,296.7877,297.3877,297.5877,297.4877,297.3877,297.3877,297.4877,297.8877,298.2877
295.9877,296.0877,295.4877,296.8877,297.0877,296.2877,295.2877,295.7877,296.0877,297.2877,297.2877,297.9877,297.9877,299.7877,298.8877,299.4877,299.18768,300.2877,300.0877,299.9877,298.8877,300.0877,300.4877,300.68768,300.7877,302.2877,303.0877,303.18768,303.5877,302.4877,300.9877,296.9877,297.4877,295.9877,294.7877,294.8877,293.68768,300.4877,288.0877,294.2877,301.3877,310.4877,309.4877,317.2877,300.68768,299.7877,300.0877,301.4877,302.4877,302.18768,302.5877,303.18768,297.68768,295.9877,296.4877,296.9877,297.2877,297.5877,297.68768,297.7877,298.18768,298.8877
295.2877,294.5877,294.5877,294.68768,294.68768,295.2877,294.0877,293.0877,293.18768,293.4877,296.3877,295.8877,295.2877,296.5877,297.9877,298.4877,297.68768,297.3877,297.18768,297.4877,297.5877,296.7877,298.5877,299.7877,300.4877,298.7877,299.8877,300.68768,300.8877,299.0877,295.3877,296.4877,295.3877,296.68768,294.5877,293.2877,293.18768,286.68768,291.18768,286.8877,296.4877,311.4877,314.4877,314.7877,301.3877,300.2877,300.8877,312.18768,307.2877,313.0877,306.7877,314.4877,295.5877,295.68768,296.5877,296.9877,297.0877,297.7877,298.18768,298.2877,298.8877,299.3877
293.5877,293.7877,293.5877,293.68768,294.4877,294.4877,294.8877,293.7877,292.18768,291.9877,294.68768,295.9877,296.68768,294.68768,296.3877,296.3877,295.8877,296.18768,296.5877,296.5877,296.8877,296.7877,297.4877,297.7877,297.68768,298.18768,298.2877,297.2877,296.2877,295.4877,294.9877,296.0877,295.2877,295.9877,294.5877,290.8877,292.0877,286.68768,291.9877,293.0877,305.4877,301.18768,303.2877,304.18768,309.0877,309.4877,304.2877,307.9877,305.7877,307.0877,310.2877,295.9877,295.7877,296.3877,296.5877,296.7877,296.8877,297.68768,298.0877,298.3877,298.7877,299.4877
293.3877,292.68768,293.3877,293.7877,294.3877,294.7877,295.3877,294.7877,293.8877,293.68768,294.4877,296.0877,295.18768,295.3877,296.18768,294.9877,295.2877,296.0877,296.7877,296.68768,295.9877,296.3877,296.4877,295.3877,294.0877,293.7877,296.18768,297.8877,297.5877,295.5877,294.9877,295.4877,296.18768,295.68768,294.5877,289.2877,288.8877,288.7877,286.2877,287.7877,305.5877,295.5877,297.18768,300.18768,303.0877,308.0877,306.7877,308.9877,308.7877,306.3877,309.9877,296.7877,297.4877,297.4877,297.18768,296.9877,297.4877,298.5877,298.8877,298.68768,298.7877,299.5877
295.0877,293.7877,294.18768,293.9877,294.0877,293.18768,294.0877,295.18768,295.2877,295.3877,295.68768,294.7877,293.2877,294.5877,293.2877,293.8877,294.68768,295.0877,295.3877,295.5877,295.5877,294.7877,293.5877,293.0877,292.9877,293.4877,296.0877,295.4877,296.7877,299.0877,297.3877,295.8877,298.0877,295.5877,296.5877,287.8877,286.68768,287.7877,286.9877,298.0877,293.8877,297.7877,307.3877,303.8877,300.3877,305.68768,298.7877,308.9877,308.5877,308.8877,296.9877,298.18768,298.3877,298.2877,297.8877,297.5877,298.3877,299.3877,299.4877,298.9877,298.9877,299.7877
294.7877,293.68768,294.7877,295.18768,295.2877,294.5877,294.68768,295.18768,294.5877,294.8877,293.68768,289.7877,290.7877,290.5877,291.2877,291.4877,293.4877,294.5877,295.0877,295.18768,294.8877,295.18768,294.0877,294.4877,294.0877,294.7877,295.4877,295.68768,296.5877,297.2877,299.3877,299.0877,297.68768,297.4877,298.2877,294.7877,293.0877,289.3877,294.7877,289.68768,289.7877,303.8877,310.18768,305.68768,303.7877,307.18768,309.0877,310.0877,310.2877,311.4877,297.8877,298.4877,298.5877,298.4877,298.18768,298.18768,298.7877,299.2877,299.4877,299.3877,299.4877,300.18768
