json-data/2022072806.json
{"header": {"discipline":0,"disciplineName":"Meteorological products","gribEdition":2,"gribLength":79421,"center":7,"centerName":"US National Weather Service - NCEP(WMC)","subcenter":0,"refTime":"2022-07-28T06:00:00.000Z","significanceOfRT":1,"significanceOfRTName":"Start of forecast","productStatus":0,"productStatusName":"Operational products","productType":1,"productTypeName":"Forecast products","productDefinitionTemplate":0,"productDefinitionTemplateName":"Analysis/forecast at horizontal level/layer at a point in time","parameterCategory":2,"parameterCategoryName":"Momentum","parameterNumber":3,"parameterNumberName":"V-component_of_wind","parameterUnit":"m.s-1","genProcessType":2,"genProcessTypeName":"Forecast","forecastTime":0,"surface1Type":103,"surface1TypeName":"Specified height level above ground","surface1Value":10.0,"surface2Type":255,"surface2TypeName":"Missing","surface2Value":0.0,"gridDefinitionTemplate":0,"gridDefinitionTemplateName":"Latitude_Longitude","numberPoints":65160,"shape":6,"shapeName":"Earth spherical with radius of 6,371,229.0 m","gridUnits":"degrees","resolution":48,"winds":"true","scanMode":0,"nx":360,"ny":181,"basicAngle":0,"lo1":0.0,"la1":90.0,"lo2":359.0,"la2":-90.0,"dx":1.0,"dy":1.0}, "data":
[rows 0 to 26 of 181, columns 59 to 117 of 360]
-0.7019922,-0.6119922,-0.5219922,-0.43199217,-0.33199218,-0.24199219,-0.15199219,-0.061992187,0.03800781,0.12800781,0.21800782,0.3080078,0.3980078,0.4980078,0.5880078,0.67800784,0.7680078,0.8580078,0.9480078,1.0480078,1.1380078,1.2280078,1.3180078,1.3980079,1.4880078,1.5780078,1.6680079,1.7580078,1.8380078,1.9280078,2.0180078,2.098008,2.1880078,2.2680078,2.348008,2.4380078,2.5180078,2.598008,2.6780078,2.7580078,2.838008,2.9080079,2.9880078,3.0680077,3.1380079,3.2080078,3.2880077,3.358008,3.4280078,3.4980078,3.5680077,3.6380079,3.6980078,3.7680078,3.8280077,3.8980079,3.9580078,4.0180078,4.0780077
-1.1219922,-1.0119922,-0.8919922,-0.7819922,-0.6719922,-0.57199216,-0.4719922,-0.36199218,-0.27199218,-0.16199219,-0.07199219,0.018007813,0.10800781,0.18800782,0.28800783,0.3680078,0.44800782,0.5380078,0.61800784,0.6980078,0.7780078,0.8580078,0.92800784,1.0080078,1.0880078,1.1580079,1.2280078,1.2980078,1.3680078,1.4380078,1.5080078,1.5780078,1.6380078,1.7180078,1.7880079,1.8580078,1.9380078,2.0180078,2.088008,2.1680079,2.2480078,2.3280077,2.4080079,2.4880078,2.5680077,2.6580079,2.7380078,2.8180077,2.9080079,2.9780078,3.0580077,3.1480079,3.2280078,3.2980077,3.3880079,3.4580078,3.5380077,3.608008,3.6680079
-1.1119922,-1.0119922,-0.9119922,-0.81199217,-0.7119922,-0.6119922,-0.5219922,-0.43199217,-0.3519922,-0.2619922,-0.17199218,-0.08199219,0.008007812,0.10800781,0.20800781,0.3080078,0.4080078,0.5080078,0.61800784,0.7080078,0.7980078,0.8780078,0.9480078,1.0280079,1.0880078,1.1480079,1.2080078,1.2580078,1.3280078,1.3880078,1.4580078,1.5380079,1.6180078,1.7080078,1.7880079,1.8780078,1.9780078,2.0580077,2.1380079,2.2180078,2.3180077,2.4180079,2.5080078,2.608008,2.7180078,2.8280077,2.9280078,3.0180078,3.098008,3.1780078,3.2680078,3.358008,3.4380078,3.5080078,3.588008,3.6580079,3.7380078,3.8180077,3.878008
-1.6919922,-1.6319922,-1.5819921,-1.5019922,-1.4119922,-1.3119922,-1.1819922,-1.0519922,-0.9019922,-0.75199217,-0.5819922,-0.4119922,-0.24199219,-0.08199219,0.058007814,0.17800781,0.2680078,0.35800782,0.4080078,0.4680078,0.5080078,0.5280078,0.5480078,0.5780078,0.61800784,0.67800784,0.7780078,0.86800784,0.9880078,1.0980078,1.2080078,1.2880079,1.3680078,1.4180079,1.4680078,1.5280079,1.6080078,1.6880078,1.8180078,1.9680078,2.118008,2.3080077,2.5180078,2.7280078,2.9180079,3.098008,3.2480078,3.3880079,3.5180078,3.618008,3.6580079,3.6680079,3.628008,3.588008,3.5280077,3.4780078,3.4480078,3.4480078,3.4780078
-3.141992,-3.0519922,-2.9619923,-2.881992,-2.7919922,-2.6919923,-2.5519922,-2.391992,-2.2219923,-2.0519922,-1.8919922,-1.7419922,-1.5919921,-1.4419922,-1.2719922,-1.1019921,-0.9319922,-0.7819922,-0.63199216,-0.5119922,-0.3819922,-0.30199218,-0.2219922,-0.18199219,-0.13199219,-0.08199219,-0.011992187,0.06800781,0.1680078,0.2680078,0.3780078,0.4980078,0.5780078,0.6680078,0.74800783,0.8380078,0.93800783,1.0480078,1.1480079,1.2380078,1.3280078,1.3980079,1.4780078,1.5580078,1.6480079,1.7280078,1.8480078,1.9980078,2.1580079,2.2980077,2.4280078,2.598008,2.7680078,2.9380078,3.098008,3.2980077,3.5180078,3.858008,4.228008
-3.2819922,-3.1719923,-3.0919921,-3.0119922,-2.9319923,-2.8619921,-2.8019922,-2.7319922,-2.621992,-2.4719923,-2.3119922,-2.1919923,-2.0919921,-2.0119922,-1.9419922,-1.8319921,-1.7019922,-1.5119922,-1.3119922,-1.1119922,-0.9119922,-0.8319922,-0.82199216,-0.9519922,-1.0519922,-1.1219922,-1.1419922,-1.0319922,-0.8319922,-0.5519922,-0.24199219,0.03800781,0.2680078,0.4380078,0.5780078,0.6980078,0.8480078,0.9780078,1.0980078,1.2080078,1.2980078,1.4380078,1.5980078,1.7780079,1.9680078,2.1780078,2.378008,2.5680077,2.7580078,2.9180079,3.0380077,3.128008,3.1480079,3.1680079,3.1980078,3.1980078,3.2080078,3.2480078,3.2980077
-3.4719923,-3.401992,-3.3219922,-3.2019923,-2.9919922,-2.7319922,-2.4919922,-2.3019922,-2.131992,-2.0219922,-1.9519922,-1.9119922,-1.9419922,-1.9819922,-1.9619921,-1.8619922,-1.7219921,-1.5519922,-1.3419921,-1.1019921,-0.88199216,-0.6819922,-0.4719922,-0.23199219,0.06800781,0.3480078,0.6080078,0.8980078,1.2480078,1.4980078,1.6680079,1.8380078,1.9780078,2.088008,2.2780077,2.4880078,2.6780078,2.858008,3.0580077,3.2180078,3.2880077,3.2880077,3.2580078,3.1980078,3.1680079,3.1980078,3.2880077,3.4280078,3.6380079,3.8280077,3.9380078,3.9880078,3.9980078,4.008008,4.048008,4.108008,4.208008,4.2880077,4.3480077
-3.3319921,-3.3019922,-3.2719922,-3.2019923,-3.0919921,-2.9919922,-2.911992,-2.8319921,-2.6919923,-2.5119922,-2.2819922,-2.0219922,-1.7319922,-1.4819922,-1.2419922,-0.9519922,-0.6619922,-0.46199217,-0.4019922,-0.4719922,-0.57199216,-0.6019922,-0.49199218,-0.2819922,-0.05199219,0.13800782,0.2680078,0.3980078,0.5680078,0.74800783,0.8980078,1.0080078,1.2280078,1.5880078,1.9780078,2.358008,2.7180078,3.0480077,3.378008,3.598008,3.628008,3.6780078,3.7880077,3.8880079,3.838008,3.8280077,4.0580077,4.278008,4.498008,4.5380077,4.528008,4.5180078,4.5580077,4.6780076,4.818008,4.818008,4.858008,4.8680077,4.958008
-3.7119923,-3.9919922,-3.9919922,-3.9419923,-3.8219922,-3.3419921,-2.9519923,-2.7919922,-2.6019921,-2.4719923,-2.4419923,-2.5319922,-2.651992,-2.661992,-2.5819921,-2.3219922,-1.9319922,-1.4919922,-1.2219921,-1.2519922,-1.5119922,-1.5619922,-1.0319922,-0.21199219,0.3480078,0.5380078,0.6280078,0.6980078,0.9680078,1.4480078,1.9080079,2.1580079,2.5280077,3.108008,3.6780078,4.028008,3.848008,3.5080078,3.2380078,3.2280078,3.4680078,3.7780077,3.9880078,4.1180077,4.238008,4.378008,4.5580077,4.628008,4.758008,5.0980077,5.378008,5.3280077,5.318008,5.378008,5.338008,5.398008,5.4480076,5.4280076,5.4080076
-1.1919922,-2.5519922,-1.6819922,-2.381992,-2.0219922,-1.2319922,-2.5719922,-4.3419924,-4.1519923,-3.3119922,-3.5119922,-3.9619923,-3.7519922,-3.2619922,-2.5919921,-2.0219922,-1.6919922,-1.0919921,-0.2919922,0.3380078,0.7080078,1.4980078,2.2080078,2.6680079,2.9080079,3.1580079,3.5580077,4.028008,4.3280077,4.648008,5.1180077,4.968008,3.858008,3.2780077,3.1480079,2.7680078,3.5680077,3.7280078,4.668008,5.278008,3.9680078,3.618008,3.6580079,3.5480077,3.5180078,4.1180077,4.9280076,5.648008,5.738008,5.188008,4.648008,4.338008,4.628008,4.668008,4.738008,5.048008,5.1980076,5.0780077,4.5380077
-0.6619922,-2.9219923,-1.5419922,0.4680078,0.17800781,-0.6719922,-1.9619921,-0.8619922,-1.6019921,-3.0019922,-3.1719923,-2.891992,-2.2419922,-1.6619922,-1.0719922,-0.81199217,-0.8719922,-0.88199216,-0.63199216,0.088007815,1.2480078,1.8580078,2.3180077,2.608008,2.878008,3.2380078,3.6880078,4.108008,4.758008,5.4080076,6.0380077,6.8680077,8.428008,7.718008,5.998008,4.358008,2.3880079,6.6380076,7.248008,5.238008,2.1880078,2.0580077,5.3480077,7.5380077,6.5380077,4.248008,3.098008,3.4480078,3.5580077,3.6380079,4.218008,4.778008,4.998008,4.968008,4.748008,4.3280077,3.7080078,3.2380078,2.848008
1.1380078,1.1480079,1.8780078,2.4080079,2.4380078,2.1780078,0.9480078,-1.4619921,-2.2219923,-1.7019922,-1.2319922,-1.3819922,-1.2819922,-0.9219922,-0.6519922,-0.2619922,0.22800781,0.7080078,1.0580078,1.3380078,1.5280079,1.8080078,2.2780077,3.0280077,3.8180077,4.338008,4.6980076,4.6580076,5.958008,6.958008,7.6380076,7.2880077,6.108008,5.8680077,5.5780077,4.3680077,2.7480078,2.0680077,4.358008,5.488008,3.9880078,4.758008,6.238008,4.9280076,5.8880076,3.0280077,-0.091992185,2.5480077,4.5980077,5.528008,5.6180077,5.028008,4.5780077,4.1380076,3.7080078,3.358008,2.9380078,2.4880078,2.128008
1.2680078,1.1680079,1.0480078,0.9880078,0.8580078,0.7580078,0.7180078,0.6280078,0.4980078,0.4280078,0.5880078,0.8480078,1.2480078,1.8680078,2.358008,2.7180078,2.9480078,3.0180078,3.088008,3.2480078,3.3080077,3.5480077,3.7880077,3.7280078,3.9880078,5.008008,5.8080077,6.4080076,6.988008,7.088008,7.3080077,7.6580076,7.458008,7.148008,6.6580076,6.318008,6.258008,5.918008,5.318008,4.488008,4.0180078,3.7480078,2.9280078,3.2080078,2.7680078,2.9380078,2.2280078,0.8180078,-0.07199219,-0.36199218,1.6080078,3.598008,4.6980076,5.068008,5.228008,4.918008,3.9780078,2.5080078,2.0780077
0.9680078,0.5880078,0.47800782,0.61800784,0.8980078,1.2380078,1.9580078,2.0680077,1.4380078,-0.7019922,-0.8719922,-2.651992,-2.2019923,-0.5919922,0.74800783,1.8480078,2.3980079,2.588008,2.6980078,2.9080079,3.098008,3.348008,3.4080079,3.5380077,3.9880078,4.3280077,4.378008,3.8280077,4.258008,5.478008,5.3080077,3.5080078,3.618008,4.6980076,5.148008,5.208008,4.6780076,3.7180078,3.1480079,3.7580078,3.7580078,3.628008,2.9180079,1.6180078,0.03800781,-1.3919922,-2.1719923,-1.4819922,-2.3019922,-3.661992,-4.141992,-1.9119922,3.2580078,3.868008,4.0780077,3.2380078,2.108008,0.92800784,-0.13199219
-1.8519921,-0.6019922,2.5580077,3.9980078,4.188008,2.2480078,-0.15199219,1.9480078,2.4680078,3.1480079,3.108008,3.348008,3.9180079,4.498008,4.8880076,4.9080076,5.238008,5.4280076,5.2880077,4.898008,4.5380077,4.218008,3.8280077,3.2280078,2.848008,3.3880079,4.148008,4.458008,4.458008,4.568008,4.6780076,5.0780077,4.9280076,3.5780077,2.0180078,2.3980079,0.99800783,-0.7119922,-1.8719922,-0.27199218,-1.0019922,-1.6119922,-1.5719922,-3.121992,-1.5319922,1.4480078,2.1880078,0.9080078,0.4980078,-0.121992186,-1.1419922,-2.2019923,-3.2319922,-2.3419921,0.61800784,0.7080078,-1.0419922,-2.911992,-3.7219923
1.4280078,-0.43199217,-1.3219922,-1.7819922,-0.3719922,1.7780079,2.9980078,3.7580078,4.088008,4.3080077,4.548008,4.3680077,4.418008,4.918008,5.1780076,5.2880077,5.5180078,5.358008,5.0780077,4.988008,4.9080076,5.228008,5.238008,4.6380076,3.838008,3.2880077,3.7180078,4.508008,4.358008,2.6680079,1.9880078,2.5180078,3.3080077,2.8280077,1.9880078,2.118008,1.5880078,1.1480079,0.14800781,-0.4719922,2.4580078,2.588008,1.5680078,0.3480078,0.5080078,1.2980078,3.4680078,2.108008,0.9880078,-0.6619922,-1.9619921,-2.411992,-1.4119922,2.9680078,2.7680078,-0.5319922,-2.1719923,-4.021992,-5.141992
-1.3419921,-0.2619922,2.378008,3.5780077,4.3080077,4.9480076,5.028008,4.938008,4.9480076,4.938008,5.5980077,6.5980077,6.5980077,5.608008,5.218008,5.8480077,6.248008,6.818008,6.508008,6.3880076,6.088008,5.508008,5.0180078,3.9180079,2.588008,2.0780077,1.1080078,0.7380078,-0.0019921875,0.5080078,-0.11199219,-0.041992188,0.18800782,0.47800782,0.048007812,0.47800782,2.3080077,1.8080078,1.3480078,2.1980078,0.7580078,-0.021992188,0.8880078,0.8180078,0.8580078,0.2780078,-0.36199218,-1.3419921,-2.5219922,-2.411992,-0.6619922,0.3780078,-0.3719922,1.9580078,1.1080078,0.7280078,-0.27199218,-1.5119922,-2.5719922
3.7680078,3.4880078,3.8180077,4.068008,4.228008,4.568008,4.7680078,4.6580076,5.028008,5.398008,6.458008,5.5780077,5.5380077,6.068008,5.668008,5.8680077,5.918008,4.8680077,5.528008,5.228008,4.028008,4.6580076,4.048008,2.098008,0.7880078,1.0180078,1.8880078,1.6080078,0.7680078,-0.16199219,0.20800781,0.35800782,-0.24199219,-1.2419922,-0.6819922,-0.3119922,-0.9119922,-2.7119923,-0.2919922,0.5180078,2.0080078,2.6380079,2.838008,2.598008,1.7180078,-0.10199219,-0.9019922,0.47800782,-1.4919922,-2.6919923,-3.3319921,-3.7719922,-3.7019923,-3.1819923,-2.911992,-3.391992,-4.031992,-4.531992,-4.621992
5.938008,6.1380076,6.1580076,5.478008,5.2880077,5.088008,5.0980077,5.318008,5.998008,6.568008,5.0980077,4.398008,5.1780076,6.088008,7.418008,6.148008,3.7380078,5.338008,4.1180077,3.8280077,2.378008,1.6580079,0.4380078,1.2680078,0.4580078,0.008007812,-0.5319922,-0.39199218,-1.5419922,-1.5919921,-1.6719922,-1.8319921,-0.9119922,-0.9519922,-2.2919922,-2.901992,0.9480078,0.5180078,-0.3219922,-1.5719922,-2.0919921,-1.7919922,0.4080078,-0.091992185,-2.0919921,-2.3019922,-2.1019921,-1.6819922,-1.2519922,-1.5619922,-1.9319922,-2.3419921,-2.8219922,-3.2319922,-3.2519922,-3.2919922,-3.4419923,-3.4519923,-3.5019922
5.208008,5.3080077,5.878008,6.0380077,5.718008,5.5380077,5.3480077,5.3680077,4.9280076,4.6980076,4.8880076,4.548008,4.8880076,5.398008,5.498008,4.508008,2.9280078,1.6780078,1.6480079,0.4980078,0.80800784,-0.5319922,-0.2619922,-0.13199219,1.9980078,-1.8019922,-2.2419922,-2.3319921,-2.0819921,-2.0919921,-2.2419922,-1.8519921,-2.4919922,-3.371992,-0.9219922,-2.401992,-3.7819922,-4.8619924,0.7580078,0.088007815,-1.7119921,-1.7519922,-1.4219922,-1.1819922,-0.9119922,-0.1919922,-0.18199219,0.1680078,0.9580078,1.9480078,2.868008,2.4780078,0.7780078,-1.7119921,-2.1919923,-2.401992,-3.0519922,-3.4419923,-3.911992
3.2480078,4.298008,6.9480076,5.128008,3.8280077,3.2480078,5.608008,6.148008,5.318008,3.098008,4.1380076,3.6780078,3.3080077,3.5080078,5.088008,4.1580076,1.5080078,1.0580078,0.7780078,-0.27199218,-0.57199216,-1.2619922,-1.1019921,-2.3019922,-2.2819922,-3.1919923,-3.2519922,-2.651992,-2.4619923,-1.2019922,-2.1819923,-3.2119923,-4.9419923,-4.8419924,-5.101992,-2.9419923,-1.7719922,-2.2019923,-0.45199218,-0.2819922,-0.39199218,-1.7519922,-2.2719922,-1.8819922,-2.7019923,0.1680078,2.3980079,3.7780077,3.5280077,3.0380077,2.0180078,0.058007814,-1.1419922,-1.9219922,-2.401992,-2.5519922,-3.2219923,-2.871992,-1.3019922
4.968008,5.9280076,4.938008,4.4280076,4.6380076,4.478008,5.048008,6.488008,6.0780077,4.6580076,2.6380079,1.3080078,1.9080079,1.5680078,-0.011992187,4.358008,1.5880078,-0.4019922,-0.7119922,-0.30199218,-1.3119922,-2.631992,-2.881992,-3.5819921,-3.911992,-3.9719923,-3.661992,-3.621992,-3.9519923,-4.891992,-5.3019924,-1.5819921,-1.8919922,-0.011992187,-0.45199218,-1.2419922,-0.88199216,1.5980078,0.6580078,0.5880078,-0.5519922,-1.0519922,-0.50199217,-1.5619922,1.2380078,3.8080077,6.068008,6.508008,5.0980077,4.238008,3.0580077,1.4780078,1.0880078,1.0580078,-0.15199219,-2.0519922,-1.3819922,-0.6519922,1.6180078
5.6780076,5.0980077,4.338008,4.0980077,4.9480076,5.1180077,5.718008,2.588008,1.5180078,2.5180078,2.6380079,0.7780078,-1.1219922,-1.3619922,-2.2019923,4.898008,1.6280078,-0.36199218,-1.5819921,-2.621992,-2.9719923,-3.641992,-4.701992,-4.971992,-4.681992,-4.491992,-4.741992,-3.5619922,-5.081992,-4.5919924,-4.1519923,-1.7219921,-2.4819922,-1.6319922,-0.5119922,-0.56199217,0.80800784,0.8180078,0.3080078,-0.3419922,0.6980078,-0.23199219,-1.2219921,-1.0719922,-0.14199218,3.3980079,3.9780078,4.438008,3.8080077,1.5180078,1.6680079,3.378008,2.7480078,1.8780078,2.2580078,2.2780077,1.9080079,2.0780077,1.6480079
5.5780077,4.588008,4.278008,3.4780078,3.4980078,3.2580078,-0.05199219,-0.3819922,0.21800782,-0.13199219,-0.2519922,0.29800782,-0.7819922,0.8980078,2.8980079,0.3680078,-1.3719922,-3.401992,-3.7419922,-4.0919924,-5.471992,-5.451992,-5.001992,-4.771992,-4.771992,-5.7119923,-5.871992,-6.471992,-5.1319923,-4.7319922,-1.7919922,-1.4819922,-2.2119923,-0.15199219,-0.6019922,-0.46199217,-1.0519922,-0.8419922,-0.2619922,-0.69199216,0.41800782,-0.39199218,-0.43199217,-0.9919922,0.2680078,2.2680078,2.2380078,1.7780079,1.2780079,-0.17199218,0.9780078,2.608008,3.378008,2.848008,2.8880079,2.838008,2.5480077,2.348008,2.9880078
2.9180079,3.8980079,1.2280078,1.1280078,0.23800781,0.8780078,0.3480078,0.3680078,-0.08199219,-0.7419922,-0.8519922,-0.8519922,-1.4519922,-1.9319922,-2.7919922,-3.5819921,-4.741992,-5.751992,-5.471992,-6.1519923,-6.3419924,-6.1719923,-5.9419923,-6.391992,-7.8619924,-7.911992,-8.071992,-7.471992,-4.081992,-1.4019922,-1.6219922,-1.0219922,-2.4719923,-1.7219921,-1.1919922,-2.5219922,-1.0519922,-1.9619921,-2.0319922,-0.091992185,0.3080078,0.14800781,-0.6419922,-1.2019922,0.048007812,0.29800782,-0.5219922,-1.1919922,0.15800782,4.5580077,4.3280077,4.628008,3.5780077,3.368008,2.848008,2.1380079,2.0680077,2.358008,3.0180078
2.4380078,1.0180078,1.5180078,2.0780077,3.9380078,1.6280078,0.2780078,-0.30199218,-0.7619922,-1.4219922,-1.5719922,-2.2519922,-3.1719923,-3.5219922,-4.2319922,-5.541992,-6.701992,-7.3619924,-6.8019924,-7.3019924,-6.8619924,-6.451992,-6.601992,-7.681992,-9.201992,-8.671992,-7.4819922,-1.5719922,3.1980078,3.6980078,0.6980078,0.7280078,-0.14199218,-2.2419922,-2.2619922,-2.9419923,-2.6719923,-1.9619921,-0.2819922,-0.6219922,0.4280078,0.008007812,-1.7319922,-1.8919922,-1.5719922,-1.3819922,-2.0319922,-2.631992,0.6080078,1.8680078,3.8180077,4.458008,2.838008,2.3880079,2.1980078,1.2280078,1.1780078,1.6980078,1.5880078
0.74800783,1.7180078,1.9180079,1.1680079,0.17800781,-0.30199218,-0.24199219,-1.6419922,-1.6219922,-2.3419921,-2.4619923,-2.9919922,-2.4719923,-2.891992,-4.451992,-5.971992,-7.061992,-7.411992,-7.8819923,-7.5519924,-6.971992,-7.031992,-6.531992,-5.1719923,-5.281992,-5.561992,-4.351992,-0.8519922,-0.5419922,-0.33199218,-0.9019922,-1.1519922,-1.8719922,-3.1819923,-2.7219923,-2.391992,-1.8119922,-0.94199216,-0.9719922,-1.2419922,-0.50199217,-1.7119921,-1.4719921,-1.4819922,-1.6219922,-2.2419922,-2.7819922,-2.2619922,0.7580078,3.1880078,1.7680078,2.9380078,2.3280077,1.8580078,2.608008,1.9280078,1.1380078,0.93800783,1.3180078
