json-data/2022072600.json
{"header": {"discipline":0,"disciplineName":"Meteorological products","gribEdition":2,"gribLength":79238,"center":7,"centerName":"US National Weather Service - NCEP(WMC)","subcenter":0,"refTime":"2022-07-26T00:00:00.000Z","significanceOfRT":1,"significanceOfRTName":"Start of forecast","productStatus":0,"productStatusName":"Operational products","productType":1,"productTypeName":"Forecast products","productDefinitionTemplate":0,"productDefinitionTemplateName":"Analysis/forecast at horizontal level/layer at a point in time","parameterCategory":2,"parameterCategoryName":"Momentum","parameterNumber":2,"parameterNumberName":"U-component_of_wind","parameterUnit":"m.s-1","genProcessType":2,"genProcessTypeName":"Forecast","forecastTime":0,"surface1Type":103,"surface1TypeName":"Specified height level above ground","surface1Value":10.0,"surface2Type":255,"surface2TypeName":"Missing","surface2Value":0.0,"gridDefinitionTemplate":0,"gridDefinitionTemplateName":"Latitude_Longitude","numberPoints":65160,"shape":6,"shapeName":"Earth spherical with radius of 6,371,229.0 m","gridUnits":"degrees","resolution":48,"winds":"true","scanMode":0,"nx":360,"ny":181,"basicAngle":0,"lo1":0.0,"la1":90.0,"lo2":359.0,"la2":-90.0,"dx":1.0,"dy":1.0}, "data":
[rows 125 to 149 of 181, columns 228 to 284 of 360]
8.854312,9.864311,7.9543114,5.9243116,7.8443117,2.4243116,0.9943115,2.8143115,1.7843115,-0.42568848,1.6143116,2.2643116,3.7843115,0.9243115,-3.8756886,-4.1156883,-5.3356886,-8.975689,-9.895688,-10.325688,-11.675689,-11.955688,-9.755689,-9.035688,-8.895688,-9.555689,-8.225689,-8.585689,-7.5656886,-8.625689,-7.8456883,-6.6656885,-5.5056887,-5.2056885,-5.5256886,-5.2056885,-4.8856883,-3.5156884,-4.1056886,-3.2556884,-3.4756885,-0.91568846,-0.78568846,0.9343115,1.7443116,1.8843116,2.2043116,6.0143113,8.174312,9.5843115,10.5843115,14.774311,16.26431,15.934312,14.374311,9.854312,8.324311
9.824311,10.574311,9.264312,7.4243116,6.3543115,2.6543114,1.6143116,3.3043115,0.51431155,-0.18568848,0.21431153,2.7643116,2.0643115,-2.8456886,-5.3756886,-6.5956883,-8.115688,-9.435688,-10.085689,-11.005689,-10.625689,-10.785688,-9.485688,-8.945688,-8.785688,-8.385689,-6.9856887,-7.3856883,-7.3556886,-7.2456884,-6.7556887,-6.1956882,-5.5756884,-5.6556883,-6.1956882,-5.4956884,-3.7856884,-4.3156886,-3.4556885,-2.8156884,-2.1456885,-1.7256885,-0.54568845,-1.0056884,0.71431154,0.5043115,1.8243115,4.3343115,6.3643117,9.944311,13.844312,15.164311,17.404312,14.114311,9.744311,8.544312,6.1343117
10.624311,9.794312,11.184312,8.314312,7.5543118,4.5543118,2.1043115,2.0643115,-0.045688476,-0.035688475,0.59431154,1.4243115,-3.3456886,-4.2556887,-6.1056886,-7.7356887,-8.175689,-8.905688,-9.925689,-9.425689,-9.075688,-8.985688,-7.8256884,-7.8456883,-7.6356883,-7.1556883,-6.7256885,-6.6056886,-6.7956886,-6.2556887,-5.8756886,-5.6456885,-6.2356887,-5.7756886,-5.4556885,-4.3656883,-3.8856885,-3.2756884,-2.9356885,-2.5256884,-1.8356885,-1.1456885,-2.1356885,-0.9456885,-0.79568845,-0.065688476,0.26431152,2.3043115,3.3743114,9.814312,10.764312,11.804312,8.684312,8.364311,8.604312,6.0743117,2.7843115
11.004312,9.344312,11.754312,8.454311,6.6643114,2.8943114,1.1343116,0.9243115,-1.0456885,0.4343115,0.52431154,-1.0456885,-4.1756883,-5.0856886,-6.0356884,-7.1556883,-7.3956885,-7.8256884,-8.465689,-7.5256886,-7.6356883,-7.5956883,-7.3456883,-6.7956886,-6.5356884,-6.8956885,-6.3456883,-6.0256886,-6.2856884,-5.1356883,-4.9456882,-5.6956882,-5.1656885,-5.1056886,-4.4156885,-3.7456884,-2.8856885,-1.6456885,-2.0256884,-2.1056886,-1.9256885,-1.5756885,-1.0756885,-2.5756884,-1.0456885,-1.4556885,-0.4756885,0.7943115,2.1543114,3.9343116,2.5143116,1.5243115,-3.6356885,0.36431152,4.4343114,-3.8056884,-2.5656884
8.894312,10.024311,12.414311,9.324311,5.0143113,4.4543114,1.7243115,1.2143115,-0.66568846,-1.0656885,0.5743115,-4.1856885,-4.6156883,-4.5156884,-5.3856883,-7.2656884,-7.4456882,-7.2156887,-7.1856885,-6.1156883,-6.5456886,-7.1256886,-7.0256886,-5.5656886,-4.9356885,-5.7356887,-6.4756885,-5.1356883,-4.5156884,-3.8756886,-4.2656884,-4.8456883,-4.4456882,-3.1456885,-1.9056885,-1.7856885,-1.1056885,-0.7656885,-0.9356885,-1.1156884,-1.2356884,-0.73568845,-0.66568846,-1.5956885,-1.7356884,-2.7356884,-1.9456885,-0.5056885,-0.91568846,-0.8756885,-3.7556884,-6.3356886,-7.6056886,-7.9556885,-8.845689,-8.355688,-7.6256886
9.534311,8.154311,13.254312,8.114311,5.4143114,4.0143113,2.7443116,-0.11568847,-1.7356884,-0.9356885,-0.4756885,-3.5256884,-5.1356883,-4.0356884,-5.1756883,-6.1156883,-6.9656887,-5.9856887,-5.3856883,-5.7956886,-5.2256885,-5.6956882,-4.8956885,-4.5356884,-4.2556887,-4.9856887,-4.6556883,-4.5656886,-4.8956885,-2.8856885,-4.0756884,-2.9056885,-2.2656884,-1.1356884,-1.3356885,-1.0156884,-0.90568846,-0.5156885,0.0043115234,-0.72568846,-1.3956885,-1.1756885,-0.73568845,-1.6756885,-1.7256885,-2.3856885,-3.4256885,-2.0556884,-2.3856885,-3.9756885,-6.4556885,-4.9756885,-10.125689,-10.965689,-10.315688,-10.815688,-10.345689
6.2943115,8.234311,9.554312,4.4643116,4.2643113,2.4643116,2.1043115,-0.025688477,-0.91568846,-0.72568846,-1.5456885,-1.5956885,-4.5956883,-3.7856884,-5.2756886,-5.7156887,-5.2356887,-4.4156885,-4.1356883,-4.0956883,-4.2856884,-4.2956886,-4.9056883,-2.7756884,-2.5456884,-2.6656885,-3.0856886,-4.2456884,-4.2556887,-3.4956884,-2.1056886,-0.7556885,0.24431153,-0.48568848,-0.5556885,-0.22568847,-0.20568848,-0.39568847,-0.4756885,-0.7656885,-0.9956885,-1.1756885,-1.6256884,-1.6456885,-2.8356886,-2.3856885,-3.8156884,-3.7556884,-4.3356886,-5.6456885,-6.9656887,-11.045689,-8.345689,-8.115688,-7.6356883,-8.715689,-6.4756885
4.9143114,10.074311,10.684312,1.7443116,1.8843116,1.0843115,2.9243116,0.40431154,-1.0556885,-0.8856885,-1.7856885,-1.4656885,-2.5356884,-3.1856885,-3.8056884,-5.0456886,-4.8556886,-3.3656886,-2.7556884,-3.6756885,-3.2656884,-2.5556884,-3.3956885,-2.6656885,-1.1056885,-0.9456885,-1.2056885,-1.6056885,-2.7456884,-1.7556884,-1.6256884,-0.85568845,0.9143115,0.96431154,0.37431154,-0.065688476,-0.9356885,-1.5556885,-1.3856884,-1.3356885,-1.8856884,-1.8556885,-2.8156884,-3.1956885,-2.4856884,-4.1156883,-3.7356884,-4.9656887,-5.5456886,-6.5056887,-8.305689,-10.375689,-12.275688,-13.245688,-15.355688,-11.815688,-8.305689
4.7343116,6.1543117,7.0243115,1.9043115,1.0243115,0.76431155,1.6643115,1.7343116,-0.41568848,-1.0356885,-0.72568846,-0.79568845,-1.2456884,-3.3256884,-2.4656885,-4.1956882,-3.2456884,-2.6656885,-1.8256885,-1.7656884,-1.5156884,-1.7456884,-1.2256885,-0.5056885,-0.6856885,-0.5656885,0.18431152,0.044311523,-0.77568847,0.0043115234,-0.0056884764,1.2643116,1.1943115,0.42431152,0.8243115,-0.075688474,-0.72568846,-1.5356885,-1.7356884,-2.1656885,-1.8556885,-2.1656885,-2.6856885,-3.6456885,-3.6956885,-3.5356884,-5.0456886,-4.5256886,-6.3956885,-6.9756885,-8.005689,-9.205688,-10.255689,-11.315688,-11.495688,-10.585689,-10.475689
4.1443114,2.4843116,4.1043115,5.6343117,1.0743115,-0.3156885,0.13431153,0.2743115,1.1743115,-0.71568847,0.28431153,-1.7456884,-1.1656885,-2.2656884,-1.5856885,-2.9856884,-2.4656885,-1.5556885,-1.1156884,-0.43568847,-0.5556885,-0.48568848,0.15431152,0.8743115,0.25431153,0.9243115,1.5343115,1.5243115,1.3343115,0.8743115,1.5943115,0.48431152,1.0343115,1.6443115,0.5643115,0.42431152,-0.8756885,-1.4056885,-2.0856886,-2.8956885,-3.2556884,-3.8456886,-4.2256885,-5.1756883,-5.0256886,-5.0556884,-4.8856883,-5.7656884,-5.8656883,-6.6256886,-7.5756884,-8.095689,-8.435688,-9.065688,-8.175689,-7.9056883,-7.1356883
3.3443115,1.4743115,2.5943115,2.7543116,1.9843116,0.20431152,0.13431153,1.1343116,2.0243115,1.3843116,0.4643115,-0.15568848,-0.27568847,-0.59568846,-0.9956885,-1.2456884,-2.6856885,-0.6256885,-0.84568846,-0.8356885,-0.0056884764,0.6143115,1.4243115,1.9743115,3.3843114,2.7543116,1.4443115,1.1443115,2.7043116,3.5943115,2.4143114,2.4743116,1.0943115,0.72431153,1.3843116,0.44431153,-0.8256885,-1.1256884,-1.8856884,-1.5956885,-1.7356884,-1.1956885,-1.6356884,-2.2556884,-3.7056885,-5.8156886,-6.1756883,-5.6256886,-5.7656884,-6.2356887,-6.6856885,-7.1756883,-8.105688,-7.8956885,-7.1456885,-6.1756883,-5.7956886
0.7543115,1.0643115,0.96431154,2.3443115,1.0143116,1.7743115,1.9243115,1.8843116,1.9743115,0.8843115,0.32431152,0.9843115,-1.0356885,0.19431153,-0.19568847,-0.015688477,-0.5856885,-0.9456885,0.25431153,0.31431153,0.9443115,1.4143115,2.5443115,2.3243115,1.8343115,2.8543115,2.2943115,3.0143116,2.1443114,2.9143114,3.9743116,2.4543116,2.2643116,1.3243115,0.72431153,1.3643116,0.25431153,0.39431152,0.8643115,0.6143115,0.77431154,-0.015688477,0.70431155,-0.065688476,-0.8056885,-2.8356886,-4.4456882,-5.3856883,-5.2356887,-6.7856884,-7.4556885,-7.0656886,-7.1256886,-6.6956882,-6.2056885,-5.1256886,-3.2156885
2.6643114,2.1743116,2.3143115,3.8043115,2.6243114,0.9343115,2.3843114,3.0643115,2.6043115,2.6243114,2.2643116,1.7743115,-0.33568847,0.52431154,0.14431152,0.18431152,0.2743115,0.6843115,-0.2556885,1.3043115,1.0043116,1.2143115,2.2243116,2.0743115,1.7943115,2.7243116,4.3843117,1.7943115,3.0443115,3.1943116,4.2743115,4.3243117,3.1343114,3.1643114,1.4543115,2.2243116,3.1043115,2.5843115,-0.9256885,-0.96568847,-3.3456886,-5.6056886,-6.7456884,-7.2556887,-6.1056886,-5.4856887,-5.3556886,-5.2656884,-5.9156885,-6.4356885,-6.7256885,-7.3056884,-6.1856885,-6.1056886,-4.5156884,-4.0656886,-3.5556884
3.2343116,3.4343116,3.8043115,3.5343115,3.0343115,1.9743115,2.7543116,3.8343115,4.1743116,3.7743115,3.4143114,2.3943114,2.1843116,1.3243115,1.5643115,1.3243115,1.3143115,0.76431155,0.71431154,1.5143116,1.7243115,2.9543116,2.5743115,3.0043116,2.7343116,1.5443115,0.36431152,3.5643115,4.1643114,4.9343114,5.8043118,5.6043115,4.4243116,3.3043115,4.7943115,4.0443115,3.7243116,-0.54568845,-0.105688475,-3.9256885,-3.3256884,-3.1456885,-4.7856884,-5.8656883,-5.9256883,-6.2056885,-6.1556883,-6.0256886,-6.3956885,-6.3956885,-6.6256886,-6.5156884,-6.3556886,-5.7156887,-5.5856886,-4.7056885,-1.9056885
4.9643116,4.0143113,3.9643116,4.6243114,4.4543114,4.3543115,4.7143116,4.8543115,5.9143114,6.0843115,5.2643113,4.6143117,4.3143115,4.3843117,1.8843116,1.4943116,1.3643116,1.0743115,1.2543116,1.8643116,2.9643116,2.9343116,3.3243115,3.4643116,2.3943114,2.8243115,3.4643116,2.0243115,4.9743114,5.5843115,5.7443113,6.2743115,6.0043116,6.1543117,4.6043115,4.6243114,2.8643115,1.2643116,0.28431153,1.2243115,-1.5856885,-2.8856885,-3.0356884,-5.0056887,-4.4456882,-4.7456884,-5.0456886,-5.3056884,-5.5156884,-5.7156887,-5.8056884,-5.9956884,-6.2756886,-6.1956882,-5.8556886,-5.3656883,-3.8356886
4.5843115,5.1943116,4.7443113,4.5843115,5.3343115,5.6343117,6.3143115,6.0143113,7.3043118,7.3943114,7.5643115,6.4743114,5.0643115,4.3243117,3.1343114,1.6843115,1.6043115,1.5443115,2.2243116,2.2643116,3.2343116,3.6443114,4.2443113,3.6243114,3.7543116,3.9543116,4.0743117,4.1543117,4.6643114,7.3143115,5.9443116,6.2043114,6.6243114,5.6543117,5.1543117,5.9543114,4.1043115,-1.2256885,2.4843116,3.3243115,2.7243116,0.90431154,-0.48568848,-1.2556884,-1.5656885,-1.8156885,-2.3856885,-2.9156885,-3.6256886,-3.7856884,-4.3056884,-4.5356884,-4.8656883,-5.1156883,-5.2056885,-5.3856883,-5.7856884
5.7143116,6.4243116,6.5843115,6.2343116,6.1143117,6.1343117,6.0443115,7.3443117,8.514312,7.3743114,7.9043117,7.3843117,6.4843116,4.2443113,3.9243116,2.9343116,2.7243116,2.5943115,3.1343114,3.5343115,4.4243116,4.1243114,5.4143114,4.1443114,4.9143114,4.6343117,4.5143113,5.4143114,5.8743114,7.1243114,6.7443113,7.7643113,7.8443117,6.6143117,6.8143115,6.0843115,4.6943116,3.6743116,4.6643114,5.5043116,4.9843116,3.7543116,3.7843115,3.6843116,2.5643115,2.1743116,0.7543115,0.36431152,-0.20568848,-1.2856885,-1.5756885,-1.8256885,-2.5056884,-3.0456884,-3.6656885,-3.3856885,-4.0956883
6.5443115,7.2843113,8.354312,9.504312,10.144312,10.0843115,8.294312,8.184312,7.9443116,7.4843116,8.044312,7.6343117,7.2143116,5.4543114,5.4443116,5.8943114,4.2043114,3.9343116,3.8343115,4.4343114,5.6443114,5.7543116,5.7843113,5.4343114,5.5743117,6.3543115,5.8643117,5.7143116,6.5343113,8.274311,7.5343113,8.204311,8.514312,7.7943115,7.4743114,6.8043118,6.9443116,6.1743116,4.9243116,7.0643115,7.7643113,7.5543118,7.5743117,7.1843114,6.1743116,5.6543117,4.9543114,4.2143116,4.1343117,3.2243116,2.4843116,1.9743115,1.7443116,1.2943115,0.5643115,0.14431152,-0.08568848
8.774311,10.924312,9.384312,11.064312,11.194311,11.414311,9.924312,9.364311,9.294312,7.8943114,7.9843116,7.6543117,6.5843115,6.5943117,5.7543116,5.4443116,5.1043115,4.6143117,4.5543118,5.0743117,5.6843114,6.3843117,6.2643113,6.3643117,6.2243114,7.0243115,6.5043116,7.6243114,7.1143117,8.244311,8.314312,9.174312,9.124311,8.534311,8.594312,8.414311,8.074311,7.0143113,6.9243116,7.6043115,8.064312,9.134312,8.934312,9.064312,8.754312,8.134312,7.7243114,7.5143113,6.8343115,6.4843116,6.3543115,5.6943116,5.4843116,4.7443113,4.4443116,4.5143113,4.2243114
9.184312,9.864311,9.664311,8.924312,10.764312,10.944311,10.344312,9.444311,9.444311,8.774311,8.3343115,8.214312,8.094312,7.9243116,6.9743114,7.3643117,6.2743115,5.9643116,5.3543115,5.5643115,6.5343113,6.8443117,6.7743115,6.4943113,6.9743114,7.7143116,8.364311,7.8843117,8.314312,9.714312,9.824311,9.304312,9.664311,9.424312,9.324311,8.8343115,9.104312,8.974312,8.3343115,8.5843115,9.384312,9.294312,10.104312,10.284311,10.594312,10.134312,9.744311,9.044312,8.824311,8.914311,8.524311,8.424312,8.174312,7.9343114,7.3543115,7.1143117,7.1943116
9.8343115,9.174312,9.744311,9.694311,9.794312,11.194311,10.904311,10.674312,10.164311,9.784311,8.714312,7.9843116,8.214312,7.9043117,7.5143113,7.3743114,7.6343117,7.3143115,6.8043118,5.5943117,6.9843116,7.6943116,8.004312,7.6243114,7.3243117,8.164311,9.034311,9.264312,9.494311,10.954311,10.564312,11.414311,10.744311,10.194311,10.344312,10.244311,10.054312,10.144312,10.234311,10.194311,10.414311,10.844312,11.214312,11.214312,11.244311,11.184312,11.524311,10.444311,10.484311,10.484311,11.034311,10.864311,10.474312,9.754312,10.124311,10.174312,9.784311
7.1343117,8.744311,9.434312,9.594312,9.604312,10.874311,10.404311,10.434312,9.314312,9.824311,9.154311,8.194311,7.8743114,8.414311,8.8343115,8.794312,8.734311,8.454311,8.484311,8.034311,7.1643114,7.1043115,8.654311,8.074311,7.7143116,8.484311,9.234311,10.674312,10.664311,11.514312,11.874311,12.454311,11.974312,11.144312,11.824311,11.234311,12.5843115,12.164311,11.844312,11.904311,11.784311,12.044312,12.424312,12.8343115,12.844312,12.784311,12.754312,12.534311,12.404311,11.514312,12.0843115,12.244311,12.464312,12.274311,12.314312,12.274311,12.384312
0.44431153,0.08431152,10.804312,10.514312,10.664311,10.054312,10.484311,10.204311,9.024311,9.764312,9.344312,9.644312,9.114311,8.874311,9.104312,8.934312,8.754312,8.874311,8.304312,8.474312,8.184312,6.4443116,8.094312,8.404311,8.844312,8.994311,10.034311,10.434312,11.134312,12.484311,12.134312,12.5843115,12.614311,12.644312,12.804312,12.794312,14.504312,14.044312,13.314312,13.484311,13.164311,13.424312,13.664311,14.024311,14.374311,14.564312,14.254312,14.454311,14.234311,13.964312,14.044312,13.964312,14.224312,14.304312,14.214312,14.004312,13.404311
0.5743115,0.33431152,-0.8856885,2.8943114,10.244311,9.664311,8.944311,8.454311,8.754312,8.754312,8.734311,8.614311,8.614311,8.474312,8.534311,8.464312,8.504312,8.154311,8.324311,8.004312,7.5743117,6.9143114,7.9243116,8.414311,8.814312,9.574311,10.414311,11.034311,10.774311,12.104312,12.0843115,12.624311,13.274311,14.044312,14.184312,13.454311,13.974312,14.374311,14.204311,14.314312,14.664311,14.234311,14.474312,15.184312,15.394312,15.454311,15.604312,16.074312,16.274311,16.274311,15.904311,15.914311,16.064312,15.774311,15.714312,15.664311,15.154311
1.5343115,1.7343116,0.37431154,0.06431153,-1.7556884,9.324311,8.904311,8.124311,7.6743116,7.5443115,7.4943113,7.3543115,7.7243114,7.5143113,7.7643113,7.8643117,7.7743115,7.8843117,7.6043115,7.7143116,7.6443114,7.4943113,7.9043117,8.384312,9.114311,9.784311,10.124311,10.874311,11.364311,12.034311,12.434312,12.874311,13.684312,14.644312,15.024311,14.944311,14.974312,15.204311,15.114311,15.954311,16.42431,14.824311,15.044312,15.824311,15.984311,16.564312,16.634312,17.114311,17.524311,17.714312,17.50431,17.454311,17.43431,17.284311,17.044312,16.784311,16.534311
