json-data/2022072418.json
{"header": {"discipline":0,"disciplineName":"Meteorological products","gribEdition":2,"gribLength":78927,"center":7,"centerName":"US National Weather Service - NCEP(WMC)","subcenter":0,"refTime":"2022-07-24T18:00:00.000Z","significanceOfRT":1,"significanceOfRTName":"Start of forecast","productStatus":0,"productStatusName":"Operational products","productType":1,"productTypeName":"Forecast products","productDefinitionTemplate":0,"productDefinitionTemplateName":"Analysis/forecast at horizontal level/layer at a point in time","parameterCategory":2,"parameterCategoryName":"Momentum","parameterNumber":3,"parameterNumberName":"V-component_of_wind","parameterUnit":"m.s-1","genProcessType":2,"genProcessTypeName":"Forecast","forecastTime":0,"surface1Type":103,"surface1TypeName":"Specified height level above ground","surface1Value":10.0,"surface2Type":255,"surface2TypeName":"Missing","surface2Value":0.0,"gridDefinitionTemplate":0,"gridDefinitionTemplateName":"Latitude_Longitude","numberPoints":65160,"shape":6,"shapeName":"Earth spherical with radius of 6,371,229.0 m","gridUnits":"degrees","resolution":48,"winds":"true","scanMode":0,"nx":360,"ny":181,"basicAngle":0,"lo1":0.0,"la1":90.0,"lo2":359.0,"la2":-90.0,"dx":1.0,"dy":1.0}, "data":
[rows 130 to 155 of 181, columns 236 to 294 of 360]
0.18250977,-0.8174902,-0.38749024,-0.40749022,-1.7374902,-2.1974902,-2.9674902,-5.4774904,-4.27749,-4.3674903,-4.00749,-4.3274903,-3.7874901,-2.9674902,-2.8074903,-1.6874902,-2.8774903,-0.96749026,-0.23749024,0.31250978,2.3025098,3.4325097,4.43251,5.4025097,5.9425097,6.0025096,7.39251,8.56251,8.66251,9.61251,9.32251,9.99251,10.09251,10.71251,10.95251,10.02251,10.182509,10.00251,10.53251,9.432509,7.35251,6.33251,4.8125095,3.9025097,3.2025099,2.0025098,2.6025097,2.6425097,3.2425098,2.9625099,-4.3274903,-0.07749023,-0.20749024,1.9325098,-0.79749024,0.112509765,1.5425098,3.0425098,3.4025097
-1.8874903,-1.8574902,-2.2974901,-2.9974902,-3.0074902,-4.3874903,-4.4074903,-4.54749,-5.54749,-4.91749,-4.71749,-4.1374903,-3.5574903,-3.4274902,-2.6774902,-0.79749024,-1.2074902,-0.59749025,-0.19749023,0.48250976,2.1325097,1.9025098,3.6725097,4.66251,6.55251,6.3825097,6.01251,7.6325097,7.2325096,8.08251,8.78251,9.69251,9.70251,9.63251,9.62251,9.15251,9.12251,9.87251,9.83251,8.95251,9.08251,7.49251,6.30251,3.6125097,2.7125099,2.0225098,2.5625098,2.6325097,2.3625097,4.0625095,1.8725097,-0.41749024,0.20250976,-0.0074902344,-0.72749025,0.10250977,-0.38749024,1.8225098,5.37251
-2.5274901,-2.3074903,-2.6074903,-3.7374902,-3.8174903,-4.0974903,-4.9774904,-4.67749,-4.44749,-4.62749,-4.16749,-3.9374902,-3.6874902,-2.8374903,-2.4474902,-1.0374902,-1.4074903,-1.1974902,0.23250976,0.30250975,0.85250974,1.9125098,2.3825097,3.8125098,4.8825097,4.4825096,6.2725096,6.1325097,7.4625096,7.70251,7.57251,7.8425097,8.49251,8.27251,9.08251,9.81251,9.69251,10.03251,10.1025095,9.67251,9.32251,8.8525095,7.5625095,4.89251,1.6425098,2.2525098,2.3625097,2.3825097,1.9125098,2.3025098,0.6225098,0.25250977,0.6225098,0.43250978,3.5425098,-1.9774902,-1.1874902,1.5125098,2.6425097
-4.10749,-3.1874902,-3.5774903,-4.4774904,-3.7074902,-3.6374903,-3.3474903,-3.9974902,-4.5174904,-4.2274904,-3.5574903,-3.1674902,-1.7274902,-2.9274902,-2.2774901,-2.4274902,-0.9374902,0.21250977,0.35250977,-0.77749026,0.30250975,1.0025097,1.8425097,2.8725097,2.9125097,4.51251,4.62251,4.9825096,5.5225096,7.2125096,7.3425097,7.18251,7.5925097,8.83251,7.95251,8.302509,8.88251,9.1025095,9.50251,9.11251,9.48251,8.1025095,7.7725096,6.85251,3.6425097,1.6225097,1.7725098,1.9925097,0.83250976,-0.047490235,-0.45749024,1.4825097,0.66250974,1.5525098,0.64250976,2.2325099,1.3025098,1.4525098,2.8725097
-5.67749,-4.98749,-5.2274904,-4.12749,-4.7474904,-4.2474904,-3.9274902,-3.9574902,-3.8774903,-2.7674901,-1.7974902,-1.6974902,-2.5674903,-2.4974902,-1.4574902,-1.6274903,-1.6174903,-0.5674902,-0.11749023,1.7225097,-0.71749026,0.08250976,-0.0074902344,0.7525098,1.7225097,3.0225098,4.5625095,4.4025097,5.4025097,6.89251,6.39251,7.0425096,7.45251,7.18251,7.1125097,7.4825096,7.57251,8.222509,8.84251,8.87251,9.802509,8.75251,7.5025096,6.55251,4.87251,4.93251,4.5925097,3.2025099,1.9925097,1.4225098,5.72251,0.41250977,1.6825098,2.0425098,-1.0074903,2.2925098,1.8925098,0.52250975,1.8825097
-5.6874905,-5.1874905,-5.66749,-6.52749,-5.1374903,-5.0574903,-4.48749,-4.27749,-4.5974903,-4.04749,-3.2874901,-3.6874902,-2.1874902,-2.0474901,-1.3174902,-0.6974902,-0.43749022,-0.22749023,-1.0674902,0.24250977,2.0225098,1.3125098,-1.1874902,-0.6874902,0.052509766,1.4525098,3.4525099,3.8925097,4.76251,4.9825096,5.3425097,6.5425096,5.6925097,6.07251,5.5225096,6.2525096,6.3425097,7.80251,7.60251,9.142509,9.54251,9.552509,8.36251,6.39251,5.4025097,4.91251,3.3425097,1.3525097,2.2225099,1.1125097,0.36250976,0.5625098,1.4025098,1.3725097,0.20250976,-0.91749024,-0.61749023,2.4725099,2.8425097
-5.81749,-4.44749,-5.4574904,-5.19749,-5.77749,-6.73749,-5.67749,-4.8474903,-3.7074902,-2.5274901,-1.8574902,-0.98749024,0.042509764,-0.13749023,-0.30749023,-0.24749023,-0.35749024,0.47250977,1.3625097,0.34250978,0.27250975,0.8125098,1.0925097,1.1825098,-0.13749023,0.15250976,0.70250976,2.6425097,2.1525097,3.4425097,5.3125095,4.8125095,4.9025097,4.9625096,5.28251,5.1125097,5.0425096,6.26251,7.1325097,7.7925096,8.32251,8.23251,9.04251,9.06251,7.2925096,5.8125095,5.12251,2.8125098,1.9425098,0.43250978,0.49250975,0.7325098,-0.96749026,0.29250976,-0.49749023,-0.20749024,0.5025098,2.0125098,3.5425098
-7.2474904,-6.81749,-6.3674903,-5.6174903,-5.37749,-5.1174903,-5.2474904,-5.10749,-4.4774904,-3.8374903,-3.6974902,-3.0674903,-2.3674903,-2.0474901,-1.3574902,0.072509766,0.13250977,-0.60749024,-0.89749026,-0.37749022,0.27250975,0.32250977,0.71250975,1.0725098,1.8325098,1.9725097,1.2125098,1.4525098,0.8625098,1.7125098,1.8125098,2.4225097,3.4625099,3.7525098,4.1725097,3.9125097,4.5925097,4.70251,5.6125097,6.1325097,6.9625096,7.70251,8.37251,8.75251,8.892509,7.70251,5.72251,4.6125097,4.6325097,1.9525098,0.19250977,-0.017490234,-1.4674902,-1.3374902,-1.2574903,-1.3374902,-1.6774902,1.1525098,2.6525097
-8.33749,-7.52749,-8.07749,-7.42749,-6.1174903,-5.1174903,-3.7974901,-4.64749,-5.41749,-5.04749,-4.1574903,-2.4274902,-0.65749025,-1.0474902,-0.8774902,-0.08749023,0.072509766,0.34250978,0.16250977,0.12250976,-1.3274902,-0.9974902,-0.6274902,-0.21749024,0.8125098,1.2825098,0.6225098,0.9225098,-0.47749025,1.2625098,0.65250975,-0.29749024,0.45250976,0.7425098,2.1225097,2.2725098,3.0325098,3.3725097,3.8125098,4.5925097,5.6925097,6.4425097,6.9625096,7.57251,8.012509,8.972509,8.642509,6.24251,1.8325098,1.1425098,-0.38749024,-0.14749023,-0.11749023,-0.9374902,-1.5474902,-0.77749026,-0.8174902,1.6925098,2.5325098
-7.7274904,-8.09749,-7.67749,-8.75749,-7.5174904,-5.77749,-5.8874903,-4.69749,-3.3374903,-2.7474902,-2.5374901,-2.5974903,-2.5374901,-1.6074902,-0.6874902,-0.58749026,-0.61749023,-0.97749025,-0.097490236,-0.6274902,-0.36749023,-0.46749023,-0.66749024,-1.2974902,-0.8874902,-1.3574902,-0.21749024,-0.07749023,-0.29749024,-0.83749026,-0.7674902,-1.9174902,-2.2974901,-1.5374902,-1.1574903,0.30250975,1.0725098,1.1525098,1.8725097,2.7225099,2.7625098,3.7525098,4.78251,5.5225096,6.2725096,7.3825097,8.28251,8.642509,4.9025097,-0.28749025,0.90250975,0.10250977,-2.3774903,-2.2074902,-2.7874901,-2.5074902,-0.42749023,0.5425098,2.6225097
-7.6174903,-8.07749,-6.9774904,-6.2274904,-5.06749,-5.9774904,-5.35749,-4.69749,-4.91749,-4.5374904,-4.48749,-3.1274903,-1.7074902,-0.5574902,0.19250977,-0.13749023,-0.5074902,-0.46749023,-0.5174902,-0.78749025,-0.6374902,-0.52749026,-1.2174902,-0.86749023,-1.0874902,-1.7274902,-1.2074902,-1.9274902,-1.9074903,-1.6474903,-2.0574903,-1.9874902,-2.9074903,-3.7874901,-3.0574903,-2.3674903,-2.3674903,-1.1274903,-0.14749023,0.46250975,1.8525097,2.4425097,2.6825097,3.2025099,3.5825098,4.0425096,4.7525096,5.99251,5.80251,2.7525098,0.25250977,-3.0474901,-2.4174902,-2.0774903,-1.8674903,-2.5174901,-3.1874902,-0.48749024,3.3825097
-8.107491,-7.71749,-7.7874904,-7.14749,-7.41749,-6.19749,-6.27749,-5.6174903,-4.7674904,-4.0574903,-3.5674903,-3.5274901,-3.0774903,-3.0074902,-2.8574903,-1.9574902,-1.0274903,-0.58749026,-0.22749023,0.022509765,-0.27749023,-0.98749024,-0.11749023,-0.057490233,-0.65749025,-1.2774903,-1.8474902,-2.3074903,-2.1874902,-2.2474902,-3.1174903,-3.2274902,-3.5074902,-3.6074903,-4.42749,-4.73749,-4.2074904,-3.6874902,-2.7074902,-2.2374902,-1.7674903,-1.1874902,-0.11749023,0.76250976,1.4425098,2.2325099,2.4825099,2.7625098,3.2825098,0.60250974,-0.34749022,0.29250976,-0.23749024,-0.5174902,-1.2874902,-2.1374903,-3.9774902,-2.1874902,0.7525098
-8.487491,-8.03749,-7.58749,-7.29749,-7.10749,-6.7674904,-6.29749,-5.8874903,-5.6874905,-5.4074903,-5.23749,-4.7074904,-4.27749,-3.7574902,-3.2174902,-3.1874902,-3.2574902,-3.1374903,-2.3374903,-1.5174903,-1.3874903,-1.3374902,-0.9474902,-1.0874902,-0.71749026,-0.9374902,-1.5874902,-2.4074903,-2.4874902,-3.0574903,-3.4874902,-4.08749,-4.19749,-4.41749,-4.3874903,-4.7074904,-4.96749,-5.04749,-4.4774904,-4.2874904,-4.17749,-3.7474902,-3.2274902,-2.5174901,-1.9674902,-1.9274902,-2.1074903,-1.4074903,-1.0874902,-1.3174902,-1.0574902,1.9625098,-0.46749023,-1.1874902,-1.1974902,-1.7774903,-2.8274903,-2.1874902,-1.6974902
-8.34749,-7.77749,-7.4574904,-6.7074904,-6.31749,-6.02749,-5.10749,-4.87749,-4.6574903,-4.2474904,-4.1374903,-3.7174902,-3.4974902,-2.9274902,-3.0174901,-3.0274901,-3.1174903,-3.7574902,-4.0974903,-4.3274903,-4.71749,-4.46749,-2.3474903,-2.2574902,-2.3374903,-2.2974901,-2.2174902,-2.6974902,-3.0874903,-3.4074903,-3.4674902,-4.52749,-5.52749,-5.54749,-5.7474904,-5.69749,-5.8674903,-4.8874903,-4.29749,-3.9274902,-3.6374903,-3.2274902,-3.0174901,-2.8974903,-3.6474903,-4.39749,-4.6574903,-4.67749,-4.62749,-5.52749,-5.0974903,-2.0774903,0.06250977,-0.40749022,-0.6274902,-1.6474903,-3.7174902,-1.1874902,-1.5374902
-9.08749,-7.83749,-7.1574903,-6.6174903,-5.0374904,-1.8674903,-0.46749023,0.112509765,2.1725097,3.0025098,4.28251,5.10251,5.45251,4.7725096,1.9225098,-1.8174902,-3.2574902,-3.4474902,-3.3074903,-3.5274901,-4.23749,-4.9774904,-5.9074903,-7.0974903,-4.92749,-3.2474902,-3.5474901,-3.8374903,-3.9774902,-4.0974903,-3.9974902,-4.5974903,-5.56749,-5.7474904,-6.0974903,-6.1874905,-6.02749,-6.0974903,-6.02749,-5.41749,-4.8274903,-4.7674904,-4.37749,-3.3674903,-3.4574902,-3.4374902,-3.4274902,-3.8574903,-4.8874903,-6.14749,-8.51749,-9.75749,-1.5974902,-0.8174902,-1.7374902,0.57250977,0.072509766,-1.9874902,-6.42749
-9.357491,-8.697491,-7.60749,-6.35749,-5.5574903,-5.0174904,-3.4574902,-1.3074902,1.2325097,2.6925097,4.0925097,5.18251,6.03251,6.7125096,7.39251,7.7525096,9.052509,6.2325096,8.92251,6.1725097,-3.6074903,-5.0374904,-5.33749,-5.64749,-6.7874904,-8.24749,-7.35749,-5.52749,-5.14749,-5.44749,-5.79749,-5.5374904,-5.37749,-5.2674904,-5.60749,-6.21749,-5.85749,-6.17749,-5.77749,-5.39749,-5.6174903,-5.6374903,-5.60749,-5.44749,-5.4574904,-5.52749,-5.3074903,-5.42749,-5.7074904,-6.37749,-7.10749,-8.12749,-8.04749,-8.08749,-3.7074902,-1.0574902,-2.2774901,-2.5574903,-3.5874903
-10.357491,-9.607491,-8.96749,-7.7874904,-6.5174904,-5.66749,-4.3274903,-2.5974903,-0.30749023,1.8825097,4.12251,5.2925096,5.7125096,6.5925097,7.45251,7.41251,8.17251,9.802509,10.17251,8.94251,9.81251,5.16251,6.6925097,-5.75749,-6.5774903,-7.5774903,-8.05749,-9.067491,-8.96749,-7.1574903,-6.62749,-6.9574904,-7.0774903,-6.7074904,-6.73749,-6.27749,-5.94749,-5.66749,-5.67749,-5.75749,-6.06749,-5.8274903,-5.7274904,-5.3674903,-5.1874905,-5.2674904,-5.25749,-5.23749,-5.42749,-5.89749,-6.21749,-6.83749,-7.6874905,-8.30749,-9.03749,-8.90749,-6.54749,-4.41749,-4.92749
-10.54749,-9.86749,-9.08749,-8.61749,-7.58749,-6.08749,-4.54749,-2.4274902,-0.07749023,2.6125097,4.57251,5.99251,6.5225096,5.8825097,6.32251,7.1925097,7.4025097,8.052509,8.74251,9.70251,9.31251,12.23251,8.50251,7.28251,9.56251,-7.0174904,-8.30749,-9.3974905,-9.49749,-9.95749,-10.62749,-9.70749,-9.17749,-8.68749,-7.9574904,-7.12749,-6.6374903,-6.41749,-6.04749,-5.7874904,-5.75749,-5.96749,-5.8674903,-5.94749,-5.73749,-5.3674903,-5.25749,-5.02749,-4.7874904,-4.77749,-5.10749,-5.5774903,-5.91749,-6.54749,-6.91749,-6.7074904,-5.8874903,-5.4074903,-5.1374903
-10.57749,-10.25749,-9.75749,-8.96749,-7.81749,-6.23749,-4.69749,-2.5074902,-0.60749024,1.4425098,3.6425097,5.70251,6.4225097,6.76251,6.89251,7.37251,7.78251,7.97251,8.31251,8.34251,8.52251,9.19251,12.392509,13.44251,10.472509,10.19251,6.76251,-7.87749,-9.197491,-10.027491,-10.34749,-10.01749,-9.42749,-9.55749,-9.86749,-10.01749,-9.34749,-8.46749,-7.9974904,-7.77749,-7.2874904,-6.7074904,-6.4074903,-6.0774903,-5.8874903,-5.5174904,-5.19749,-4.98749,-4.67749,-4.5974903,-4.4074903,-4.29749,-4.5174904,-4.8274903,-5.02749,-5.00749,-4.91749,-5.10749,-5.25749
-10.28749,-9.857491,-9.30749,-8.12749,-7.31749,-6.2674904,-4.73749,-2.8174903,-1.5574902,0.13250977,2.6325097,4.91251,5.78251,6.51251,7.1325097,6.9825096,6.83251,6.80251,6.0425096,6.1525097,6.80251,8.15251,9.722509,9.722509,11.81251,12.65251,9.75251,8.31251,7.7725096,-7.3274903,-8.67749,-8.817491,-9.28749,-9.62749,-9.62749,-9.357491,-8.67749,-8.63749,-8.607491,-8.57749,-8.29749,-7.46749,-6.7674904,-6.2474904,-6.0174904,-5.42749,-5.3074903,-4.7674904,-4.06749,-3.6274903,-3.9174902,-3.8774903,-3.9374902,-3.7274902,-3.5774903,-3.4174902,-3.6574903,-3.9474902,-4.7474904
-11.21749,-10.697491,-9.96749,-9.13749,-8.37749,-7.25749,-5.5374904,-3.6774902,-2.8974903,-1.0674902,1.7225097,3.8225098,5.35251,6.18251,6.85251,7.28251,7.7725096,7.93251,7.1125097,6.66251,6.8425097,7.0625095,8.42251,9.08251,9.69251,9.81251,9.82251,9.88251,10.61251,6.4625096,5.85251,5.9025097,2.5025098,-4.3074903,-6.92749,-7.89749,-8.107491,-8.29749,-8.487491,-8.68749,-8.317491,-7.98749,-7.60749,-7.02749,-6.85749,-6.3074903,-5.62749,-3.8974903,-2.7374902,-3.9974902,-3.6174903,-3.4174902,-2.3274903,-2.7074902,-1.3374902,-1.4974903,-1.9274902,-2.7174902,-3.9674902
-11.78749,-11.17749,-10.6474905,-10.067491,-9.20749,-8.29749,-7.2874904,-5.4374905,-4.4374905,-2.5374901,0.97250974,3.4825099,4.99251,5.35251,5.93251,7.47251,7.5625095,8.03251,8.08251,7.51251,7.22251,8.50251,8.21251,8.552509,8.71251,8.73251,9.21251,8.57251,8.182509,6.93251,5.91251,4.78251,5.93251,4.60251,2.4025097,0.6225098,-2.8574903,-1.1274903,-1.2274902,-1.7574903,-4.4574904,-3.7874901,-4.98749,-4.7074904,-3.8274903,-3.8874903,-2.7374902,-1.5874902,0.8625098,-0.59749025,-1.7374902,-1.3974903,-1.1074902,-0.07749023,-0.6274902,0.5425098,3.6925097,0.6825098,-0.8174902
-11.83749,-11.107491,-10.46749,-10.067491,-9.62749,-8.54749,-8.58749,-7.41749,-6.3874903,-3.8174903,0.072509766,2.7525098,3.9825099,4.01251,5.3125095,5.9025097,6.47251,7.24251,7.70251,7.78251,7.43251,7.0425096,7.51251,7.70251,7.9625096,6.8625097,6.2125096,6.57251,7.14251,6.05251,5.33251,4.7925096,3.5925097,3.4925098,3.1825097,1.1425098,0.9225098,1.0025097,-0.23749024,-1.2274902,-2.0174901,-3.0074902,-3.7274902,-3.5974903,-3.4574902,-2.6774902,-1.6974902,-1.9774902,-1.9474902,-1.6974902,-1.7674903,-1.3974903,-2.0074902,-1.8474902,-1.7374902,-1.8074902,-1.3274902,-0.27749023,-1.7374902
-11.79749,-11.197491,-10.84749,-10.21749,-9.027491,-9.527491,-9.49749,-7.73749,-7.35749,-3.4974902,-0.64749026,1.9925097,3.0125098,4.01251,4.6925097,4.9425097,5.6525097,6.10251,6.7725096,7.0025096,6.55251,6.93251,7.2925096,7.0425096,6.68251,6.70251,6.6725097,5.72251,4.7925096,4.3425097,3.4225097,2.7825098,2.4925098,1.8825097,1.7425097,1.5525098,1.4325098,0.20250976,-0.8074902,-0.5074902,-1.0574902,-1.6174903,-2.2574902,-2.7374902,-2.9574902,-2.7574902,-2.4174902,-2.4874902,-2.0074902,-2.1274903,-1.2374902,-2.6774902,-1.4274902,-1.9574902,-1.8774903,-2.5774903,-1.4474902,-0.46749023,-0.6274902
-11.30749,-9.95749,-10.11749,-11.237491,-11.03749,-10.20749,-11.21749,-8.47749,-5.5374904,-2.3074903,0.072509766,1.3425097,2.0025098,3.3725097,3.9325097,5.28251,5.7725096,5.66251,6.07251,6.1725097,6.70251,6.14251,6.39251,6.89251,7.0425096,7.0025096,6.4225097,6.14251,5.8825097,5.4825096,4.6125097,3.8625097,2.8225098,1.7525097,1.2725098,0.022509765,-0.64749026,-1.0374902,-1.6774902,-1.8174902,-2.1674902,-2.6274903,-3.1474903,-3.1674902,-2.7474902,-2.8974903,-4.10749,-3.2374902,-3.0174901,-3.6074903,-3.3274903,-3.4374902,-1.9574902,-1.6874902,-2.5174901,-2.2474902,-1.0674902,-0.77749026,0.35250977
-10.34749,-8.857491,-9.40749,-12.04749,-12.20749,-10.46749,-8.11749,-5.52749,-3.2474902,-1.2074902,-0.47749025,0.9325098,2.5825098,3.5525098,4.4025097,5.2325096,5.4825096,5.72251,6.1725097,6.3625097,6.10251,6.0425096,5.8125095,6.41251,6.4425097,6.5225096,6.2525096,6.3125095,6.0025096,5.47251,5.1925097,3.3025098,3.5025098,3.6325097,1.9925097,0.12250976,-0.32749024,-0.34749022,-1.6974902,-3.0574903,-3.4674902,-3.2674901,-3.3274903,-3.4674902,-3.7574902,-3.9874902,-3.5474901,-3.6474903,-3.4674902,-3.2174902,-2.7574902,-2.6574903,-2.1974902,-2.6274903,-2.7874901,-2.3574903,-1.7774903,-1.1674902,-1.2674903
