json-data/2022072500.json
{"header": {"discipline":0,"disciplineName":"Meteorological products","gribEdition":2,"gribLength":79007,"center":7,"centerName":"US National Weather Service - NCEP(WMC)","subcenter":0,"refTime":"2022-07-25T00:00:00.000Z","significanceOfRT":1,"significanceOfRTName":"Start of forecast","productStatus":0,"productStatusName":"Operational products","productType":1,"productTypeName":"Forecast products","productDefinitionTemplate":0,"productDefinitionTemplateName":"Analysis/forecast at horizontal level/layer at a point in time","parameterCategory":2,"parameterCategoryName":"Momentum","parameterNumber":2,"parameterNumberName":"U-component_of_wind","parameterUnit":"m.s-1","genProcessType":2,"genProcessTypeName":"Forecast","forecastTime":0,"surface1Type":103,"surface1TypeName":"Specified height level above ground","surface1Value":10.0,"surface2Type":255,"surface2TypeName":"Missing","surface2Value":0.0,"gridDefinitionTemplate":0,"gridDefinitionTemplateName":"Latitude_Longitude","numberPoints":65160,"shape":6,"shapeName":"Earth spherical with radius of 6,371,229.0 m","gridUnits":"degrees","resolution":48,"winds":"true","scanMode":0,"nx":360,"ny":181,"basicAngle":0,"lo1":0.0,"la1":90.0,"lo2":359.0,"la2":-90.0,"dx":1.0,"dy":1.0}, "data":
[rows 125 to 149 of 181, columns 58 to 115 of 360]
2.8842993,3.2742994,3.8642993,4.334299,4.7242994,5.294299,5.8542995,5.8042994,6.0742993,6.3442993,5.9342995,4.8242993,5.524299,4.774299,4.544299,4.814299,4.8742995,3.8842993,4.4042993,4.5542994,3.7642994,2.0542994,4.584299,3.9642992,3.2142992,6.2842994,8.724299,8.834299,12.204299,12.304299,13.924299,13.994299,14.1943,14.214299,14.414299,14.964299,15.014299,15.044299,15.0643,14.874299,14.344299,13.5243,13.464299,12.7743,12.6143,12.264299,11.994299,12.184299,11.304299,10.304299,10.0643,11.164299,11.9843,11.544299,11.334299,11.4043,11.2743,11.744299
4.3942995,4.814299,5.3242993,5.8442993,6.0942993,6.814299,7.2042994,6.6042995,7.0142994,6.0142994,4.8642993,5.1442995,5.544299,5.024299,5.544299,4.754299,-2.2457006,-3.7757006,-0.99570066,-0.4257007,-1.3457007,1.0142993,0.9742993,2.4142992,2.4042993,3.9842994,6.314299,5.214299,7.524299,8.4043,10.5643,9.954299,13.374299,14.2343,17.3543,16.4543,15.874299,16.4443,16.314299,16.1943,15.6442995,14.784299,14.2743,13.534299,13.044299,12.6442995,12.084299,11.924299,11.5243,10.6543,10.084299,9.954299,11.074299,12.6143,12.824299,11.634299,11.0643,11.054299
6.1742992,6.7642994,6.9742994,7.0342994,7.6442995,8.134299,6.834299,6.9742994,7.4342995,5.8442993,5.3042994,5.544299,5.584299,1.3442993,-4.6057005,-2.6457007,-3.1057007,-0.19570069,1.3542993,0.50429934,1.6442993,1.8442993,3.0142994,3.6042993,4.6342993,5.6342993,6.9242992,8.374299,9.9043,10.184299,11.574299,11.8143,12.244299,14.584299,14.4843,13.574299,9.304299,10.474299,17.3443,16.974298,17.0843,16.4643,15.244299,14.714299,13.424299,12.3643,11.934299,11.704299,11.874299,11.1143,10.424299,10.3543,11.054299,11.8543,11.624299,11.684299,12.414299,11.994299
7.6042995,8.3942995,8.674299,8.8942995,8.9443,8.014299,7.8642993,8.074299,7.2642994,7.5142994,4.6342993,2.4442992,-3.8557007,-3.2757006,-2.3057008,-1.8457007,-0.22570068,0.2942993,1.2342993,1.7842994,2.2742994,2.2442994,2.7142992,3.7242994,5.4342995,6.0342994,7.734299,7.8042994,9.6143,10.374299,11.6143,11.9843,12.7343,10.914299,9.954299,7.524299,8.074299,13.954299,12.634299,13.164299,18.0943,17.3843,16.8443,15.844299,14.5243,12.844299,12.304299,11.4043,11.794299,11.554299,10.784299,10.4043,10.7743,10.344299,10.7743,10.464299,10.874299,10.9843
9.504299,9.964299,10.1543,10.174299,10.294299,8.794299,8.084299,8.1442995,7.3442993,0.034299318,-5.015701,-4.3357005,-3.0257006,-1.0457007,-1.6857007,-1.2657007,-0.06570068,0.8742993,1.4542993,1.9342993,3.2942994,2.9342992,3.6542993,4.584299,5.334299,6.584299,8.494299,8.704299,8.744299,10.254299,8.744299,8.424299,10.174299,10.054299,12.004299,8.624299,9.8143,11.6442995,9.2743,13.014299,13.584299,19.484299,18.724298,17.5043,15.504299,12.994299,12.3643,11.714299,11.464299,11.384299,11.214299,10.834299,9.874299,10.304299,9.514299,10.084299,10.724299,9.884299
11.924299,11.9043,11.2343,10.674299,9.304299,9.204299,8.704299,7.9942994,3.7942994,-2.5457008,-2.7757006,-1.2857007,-2.1157007,-0.035700683,1.0442994,0.16429931,2.4542992,3.0942993,2.5742993,2.6342993,3.3642993,3.3842993,3.4642992,5.1842995,6.3042994,6.2642994,7.444299,6.6642995,8.6543,10.074299,9.724299,10.2743,10.374299,10.004299,10.964299,10.374299,11.014299,10.824299,11.264299,9.554299,10.074299,9.184299,8.374299,7.6442995,14.134299,14.4843,13.0243,11.674299,11.254299,10.9443,10.3643,10.324299,9.964299,9.2343,9.554299,9.594299,10.6543,9.884299
10.834299,11.914299,12.284299,11.594299,10.134299,9.724299,9.704299,8.6143,0.024299316,-2.5157006,-0.8357007,-1.8957007,0.6742993,1.9642993,1.8942993,1.5542994,2.1642992,2.1142993,3.0042994,3.4042993,3.6842992,4.4742994,5.2042994,6.1242995,6.464299,7.4242992,6.774299,7.2042994,8.434299,10.184299,10.434299,10.884299,10.074299,10.874299,10.4843,9.584299,10.684299,11.044299,11.514299,11.954299,11.244299,10.934299,10.164299,7.6742992,10.6143,11.074299,16.0143,11.934299,10.6943,10.4843,9.6143,10.1143,9.704299,9.4843,9.344299,9.584299,9.6543,8.534299
9.534299,11.374299,12.284299,12.954299,12.244299,10.494299,8.844299,0.18429932,-0.21570069,-0.9657007,-1.9457006,-0.21570069,1.0142993,1.3442993,2.9342992,1.4142994,2.6042993,3.7642994,3.1342993,3.6442993,5.0942993,5.3942995,6.254299,6.044299,6.9042993,7.294299,6.7842994,6.3242993,8.784299,8.6543,8.164299,8.624299,9.184299,9.0643,11.4843,11.184299,10.434299,11.0643,12.434299,13.434299,13.794299,12.7343,12.164299,9.934299,8.794299,8.1043,15.204299,10.1442995,9.5243,8.884299,9.004299,9.334299,8.6943,8.3143,8.704299,8.214299,8.054299,7.1342993
9.724299,12.294299,13.0643,14.284299,15.3942995,15.634299,6.8442993,0.064299315,-2.3257008,-2.1257007,-0.7657007,0.20429932,1.0842993,1.2842994,2.1342993,3.5942993,3.6942992,3.8442993,3.4342992,4.4242992,4.6442995,6.8842993,6.3842993,6.254299,6.0742993,5.6742992,6.334299,6.754299,7.3642993,7.6842995,5.2042994,3.5242994,7.1042995,6.9342995,8.8942995,10.6943,11.6543,11.1043,11.0243,12.534299,13.464299,12.804299,11.334299,11.164299,10.9043,9.594299,10.624299,10.9043,6.9042993,7.814299,7.6642995,8.174299,8.344299,6.714299,7.964299,7.734299,6.6442995,6.1742992
8.6543,10.684299,12.764299,14.514299,14.8942995,12.334299,-9.485701,-5.705701,-3.1657007,-1.1657007,0.49429932,0.6742993,1.0442994,1.6242993,3.0542994,4.0942993,4.8842993,4.334299,4.2642994,5.004299,5.1142993,7.044299,6.6342993,7.294299,7.274299,7.6042995,7.3742995,7.524299,6.6642995,6.3942995,6.0942993,6.5542994,6.1142993,7.4342995,7.1142993,9.094299,11.244299,12.464299,12.1143,13.224299,12.744299,13.494299,13.014299,11.504299,11.014299,11.334299,11.824299,7.6042995,11.1043,8.7343,6.9742994,5.834299,6.444299,6.334299,6.254299,7.1642995,6.4742994,5.334299
6.4242992,-2.6157007,-6.6757007,-7.7157006,-6.7357006,-7.2157006,-6.665701,-3.4857006,-2.9357007,0.11429932,1.3042994,0.81429935,1.4742993,1.9842993,4.044299,5.4742994,5.5342994,4.8442993,5.6442995,6.044299,6.6742992,6.6642995,7.964299,8.204299,8.784299,8.3942995,9.5643,9.294299,8.414299,8.674299,9.2343,9.254299,8.824299,9.954299,10.014299,9.4443,9.594299,11.8543,13.8643,12.884299,13.074299,12.964299,12.714299,12.014299,13.2743,11.784299,9.054299,8.824299,6.254299,11.704299,7.6442995,5.734299,5.9542994,5.8842993,6.984299,6.0542994,8.2743,4.7442994
8.664299,3.4142992,0.9742993,-2.0057006,-1.8957007,-2.7257006,-2.0657008,-1.4857007,-0.74570066,1.4442993,2.2042992,2.5442994,2.5642993,3.3542993,4.694299,5.2242994,5.484299,6.4742994,6.0742993,6.8942995,7.7042994,9.414299,9.014299,8.4843,9.474299,9.7743,11.164299,12.6543,12.664299,12.184299,12.754299,12.934299,12.7343,13.014299,12.0643,12.5243,13.014299,12.914299,14.714299,14.3143,13.624299,10.704299,13.374299,13.884299,12.304299,10.7743,9.224299,5.504299,4.7842994,7.0342994,6.444299,5.6442995,6.1342993,5.8042994,6.1642995,5.524299,6.214299,6.4342995
5.6442995,1.4442993,1.2242993,0.5842993,0.6742993,0.9142993,1.2942994,2.8442993,2.6442993,3.9742994,4.444299,4.3242993,4.7842994,5.3042994,6.1242995,5.1442995,7.0942993,6.9542994,6.7242994,7.814299,8.294299,8.504299,8.214299,9.914299,10.264299,10.664299,11.754299,12.584299,13.344299,13.6043,14.6943,14.934299,15.664299,15.634299,13.924299,14.8143,14.384299,12.5643,14.014299,15.464299,14.7743,12.8143,11.914299,12.704299,11.6143,10.8942995,9.994299,7.754299,6.8942995,4.084299,5.4042993,6.694299,6.1042995,6.1342993,5.5142994,6.0542994,6.7642994,6.4242992
2.5442994,2.4142992,1.4342993,1.0342994,2.5642993,3.0642993,5.9042993,6.1542993,6.834299,5.7042994,6.9542994,5.444299,6.1242995,6.964299,6.234299,5.5742993,7.6042995,6.6742992,7.694299,8.3143,8.414299,9.0643,10.464299,10.084299,10.6943,10.514299,10.794299,11.034299,11.664299,12.434299,13.744299,14.554299,14.914299,15.2743,14.884299,15.164299,15.7343,17.0943,17.7143,14.384299,14.014299,12.684299,11.9043,11.9043,10.6943,11.1442995,10.054299,8.424299,5.834299,4.1142993,4.8042994,5.0342994,7.3242993,5.6642995,4.464299,5.004299,5.7242994,7.1742992
5.8542995,3.1442993,3.4542992,3.3042994,4.524299,5.9042993,7.6742992,9.044299,9.424299,9.1043,7.794299,8.6943,7.964299,9.204299,5.9042993,8.044299,7.6142993,7.5542994,8.2343,8.254299,8.344299,8.9043,9.754299,9.804299,10.3143,11.214299,11.4843,12.324299,13.3143,14.224299,15.294299,15.2343,14.954299,15.264299,14.3942995,15.244299,17.0943,14.764299,10.254299,13.4443,10.8643,11.204299,6.734299,11.034299,12.054299,10.834299,9.1543,9.0243,6.3842993,6.2642994,4.6442995,4.7842994,5.214299,5.4142995,2.4942994,4.2642994,7.1242995,9.014299
6.8942995,7.5342994,5.4042993,6.2042994,6.8242993,8.9843,8.744299,9.1043,10.134299,10.214299,9.4843,7.0742993,4.4542994,7.794299,9.504299,8.934299,8.884299,9.1543,8.964299,9.384299,9.1442995,10.504299,10.4443,10.504299,10.674299,11.3942995,11.6143,12.4043,13.6043,14.164299,14.4443,14.824299,14.464299,14.5243,13.634299,14.414299,15.1143,10.2343,11.094299,9.6442995,9.9843,9.214299,7.6242995,8.574299,9.804299,10.304299,10.204299,9.294299,5.964299,5.6842995,5.8042994,3.4442992,4.8242993,1.6942993,2.3342993,6.8042994,9.284299,11.2743
8.994299,8.844299,8.474299,8.464299,9.044299,9.3942995,10.2343,10.344299,10.454299,10.764299,10.9843,10.964299,9.9843,10.2743,10.294299,9.964299,9.9443,9.794299,9.304299,10.214299,10.304299,10.384299,9.724299,10.264299,10.6543,11.384299,11.8543,13.1442995,13.284299,13.004299,12.964299,12.744299,13.434299,13.7343,13.184299,13.424299,13.1442995,9.224299,9.534299,9.014299,8.224299,9.6543,10.434299,11.1043,11.074299,11.324299,10.2343,8.634299,4.5942993,4.7242994,5.754299,2.9642992,4.7242994,3.9542992,6.0142994,8.044299,10.054299,4.274299
10.5643,10.974299,10.584299,10.8143,11.004299,10.994299,11.5243,11.414299,10.874299,11.874299,11.884299,11.054299,10.1442995,10.534299,10.424299,10.514299,10.474299,10.464299,9.504299,9.704299,9.504299,9.804299,10.164299,10.434299,11.004299,11.3543,11.9443,12.6543,12.764299,12.044299,12.384299,12.714299,12.704299,12.684299,13.3942995,13.3543,13.034299,11.344299,9.674299,10.1043,12.214299,13.674299,13.8643,14.4043,14.514299,12.954299,8.374299,6.504299,2.8042994,3.1342993,4.564299,3.9142992,4.214299,3.0242994,2.3142993,-1.4657006,-4.7957006,-7.7157006
11.704299,12.294299,12.964299,13.0243,12.584299,12.834299,12.5243,12.084299,11.594299,11.494299,11.634299,11.4443,10.974299,10.6043,10.164299,10.884299,9.384299,10.2343,10.084299,9.474299,9.634299,9.9843,8.6543,9.9443,10.0643,10.6943,11.834299,11.714299,11.804299,12.344299,12.214299,12.6543,13.4043,13.884299,13.754299,13.624299,13.784299,13.014299,12.284299,13.9843,15.594299,16.6743,16.814299,16.1843,16.5143,10.744299,6.0742993,0.8342993,1.0642993,2.0942993,3.6442993,3.0542994,3.9842994,3.4342992,1.2342993,-2.9757006,-6.4257007,-8.6357
12.684299,13.4843,13.8942995,13.6543,13.664299,13.584299,13.2743,13.184299,12.434299,12.124299,12.044299,11.574299,10.794299,10.664299,10.6442995,10.824299,10.174299,9.794299,9.504299,9.134299,9.6943,8.594299,9.264299,9.4843,9.874299,10.034299,10.204299,10.414299,10.834299,11.434299,12.124299,13.3143,14.744299,15.134299,13.674299,12.884299,11.994299,10.2743,13.1143,16.6343,21.244299,17.3543,15.4843,7.6642995,1.2742993,3.4842994,0.13429932,-0.13570069,0.31429932,1.3142993,3.0942993,3.2942994,3.2742994,2.5342994,-1.9357007,-4.3957005,-7.745701,-7.9857006
13.534299,14.4043,14.704299,14.744299,15.044299,14.574299,13.474299,12.8643,12.824299,12.3543,12.164299,11.6143,10.9443,10.1143,10.344299,9.994299,9.004299,8.464299,8.884299,9.014299,8.494299,8.4443,8.8942995,8.934299,9.164299,8.9843,9.004299,9.6442995,10.044299,10.974299,10.714299,11.834299,13.884299,8.914299,7.7842994,6.6842995,6.044299,8.034299,11.424299,-4.225701,-4.205701,-3.7557006,-4.8557005,-6.2357006,-5.0957007,-4.1257005,-2.4257007,-0.7257007,0.15429932,1.9742993,2.5942993,3.3742993,3.9842994,-1.6557007,-3.1357007,-7.685701,-7.4657006,-7.2557006
14.474299,14.794299,15.1943,15.284299,15.1943,14.924299,14.174299,13.344299,12.294299,11.8942995,11.634299,11.4843,10.754299,10.1543,9.994299,8.2343,6.8742995,7.774299,8.1943,8.014299,8.044299,8.164299,9.124299,8.424299,8.474299,8.084299,8.214299,8.7343,8.684299,7.2242994,7.8642993,4.584299,-2.1457007,-5.015701,-2.4557006,-0.32570067,1.9242994,-0.075700685,-0.7857007,-1.9557006,-3.4857006,-5.1957006,-5.4657006,-4.8157005,-3.4257007,-1.8357006,-0.5157007,0.9842993,2.4042993,2.0242994,4.1542993,4.834299,0.4842993,-3.6057007,-4.8257008,-7.3357005,-7.535701,-6.415701
15.574299,15.924299,15.704299,15.344299,14.8143,13.964299,14.1043,13.374299,12.4043,11.214299,10.6543,10.094299,9.764299,10.5643,9.764299,3.6342993,6.444299,6.7242994,6.794299,8.084299,7.6242995,8.8143,8.634299,8.334299,7.524299,7.9542994,7.5542994,6.794299,6.2842994,6.1642995,6.1842995,1.3742993,-0.8557007,-2.3957007,-3.4257007,-2.6157007,-3.1357007,-3.9957006,-5.5657005,-7.9857006,-12.545701,-7.665701,-7.225701,0.5342993,8.804299,8.554299,8.594299,9.034299,8.3543,8.284299,-0.3357007,-0.7857007,-3.0357008,-3.8057008,-6.685701,-7.245701,-7.0457006,-6.225701
16.0943,16.314299,15.534299,15.264299,14.6043,13.5243,13.034299,13.004299,11.824299,10.4443,9.374299,9.054299,8.6943,8.084299,3.8242993,4.6642995,5.3942995,5.7442994,6.8042994,7.1242995,7.544299,8.174299,8.224299,7.7042994,7.1342993,6.5942993,6.024299,5.274299,4.6142993,4.484299,1.0442994,-1.9157007,-2.4157007,-3.5157006,-4.8557005,-4.9857006,-5.725701,-6.515701,-5.4657006,-7.685701,-9.545701,-10.3857,-11.2657,-11.405701,-10.745701,-12.945701,-9.9357,-10.3457,-10.115701,-8.495701,-5.7957006,-5.0257006,-5.7757006,-7.3457007,-8.205701,-6.7757006,-6.785701,-7.0957007
16.2143,15.7343,15.254299,16.0143,14.0643,13.1442995,11.2743,11.784299,10.6943,8.704299,7.4042993,6.3442993,6.064299,2.6642992,1.7742993,3.6242993,1.7642993,5.584299,5.8742995,6.8742995,6.564299,6.8842993,7.5342994,6.8742995,5.4542994,6.1742992,3.8942993,4.254299,2.6542993,2.1342993,-0.99570066,-3.1557007,-5.3957005,-6.225701,-7.435701,-7.8357005,-7.5257006,-7.8357005,-7.225701,-7.7757006,-6.515701,-7.475701,-9.125701,-10.455701,-11.025701,-11.535701,-12.375701,-14.335701,-12.925701,-9.705701,-7.6357007,-8.0957,-8.5557,-8.755701,-6.975701,-7.205701,-7.0757008,-6.535701
