json-data/2022072918.json
{"header": {"discipline":0,"disciplineName":"Meteorological products","gribEdition":2,"gribLength":79155,"center":7,"centerName":"US National Weather Service - NCEP(WMC)","subcenter":0,"refTime":"2022-07-29T18:00:00.000Z","significanceOfRT":1,"significanceOfRTName":"Start of forecast","productStatus":0,"productStatusName":"Operational products","productType":1,"productTypeName":"Forecast products","productDefinitionTemplate":0,"productDefinitionTemplateName":"Analysis/forecast at horizontal level/layer at a point in time","parameterCategory":2,"parameterCategoryName":"Momentum","parameterNumber":2,"parameterNumberName":"U-component_of_wind","parameterUnit":"m.s-1","genProcessType":2,"genProcessTypeName":"Forecast","forecastTime":0,"surface1Type":103,"surface1TypeName":"Specified height level above ground","surface1Value":10.0,"surface2Type":255,"surface2TypeName":"Missing","surface2Value":0.0,"gridDefinitionTemplate":0,"gridDefinitionTemplateName":"Latitude_Longitude","numberPoints":65160,"shape":6,"shapeName":"Earth spherical with radius of 6,371,229.0 m","gridUnits":"degrees","resolution":48,"winds":"true","scanMode":0,"nx":360,"ny":181,"basicAngle":0,"lo1":0.0,"la1":90.0,"lo2":359.0,"la2":-90.0,"dx":1.0,"dy":1.0}, "data":
[rows 26 to 51 of 181, columns 174 to 231 of 360]
-0.9061841,-1.1461841,-1.5461841,-1.686184,-2.566184,-1.7961841,-1.1061841,-0.19618408,-0.18618408,0.23381592,0.6638159,-1.0361841,-2.4861841,-4.546184,-3.4661841,-4.266184,-4.0561843,-3.646184,-1.7361841,-3.646184,-5.3461843,-5.856184,-5.736184,-8.466184,-6.406184,-1.6161841,-2.396184,-2.4061842,-0.60618407,-1.956184,-2.266184,-1.186184,-0.79618406,-0.6961841,-1.676184,-1.9061841,-1.2161841,-0.73618406,-1.1561841,-1.7961841,-1.956184,-1.0361841,0.08381592,-0.15618408,-0.22618409,0.40381593,0.13381591,0.7938159,1.3338159,3.413816,0.95381594,2.393816,0.70381594,1.5338159,1.8638159,2.733816,2.633816,1.2238159
-0.80618405,-0.8361841,0.06381592,0.37381592,-0.5661841,-0.036184084,-2.1661842,-2.7361841,-3.4261842,-3.056184,-2.4161842,-3.596184,-4.256184,-4.116184,-2.586184,-2.376184,-2.076184,-2.9461842,-6.006184,-7.5961843,-8.946184,-8.636184,-7.916184,-5.616184,-2.006184,-1.696184,-2.506184,-2.7261841,-3.006184,-1.556184,-1.3961841,-1.4661841,-3.146184,-2.366184,-0.43618408,-0.19618408,-1.0261841,-0.67618406,-1.3561841,-0.8961841,-0.61618406,-0.33618408,-1.2661841,-1.4161841,0.2938159,0.52381593,0.7238159,0.5538159,0.44381592,0.9038159,1.8838159,0.82381594,1.8938159,1.683816,1.8638159,2.143816,1.943816,2.973816
-1.436184,-2.366184,-3.796184,-4.196184,-3.9761841,-3.396184,-4.006184,-2.356184,-3.4461842,-3.806184,-3.146184,-3.9061842,-3.896184,-3.496184,-3.326184,-3.776184,-4.756184,-5.2861843,-7.156184,-6.816184,-7.366184,-5.5961843,-5.586184,-7.546184,-5.026184,-2.806184,-3.106184,-1.956184,-0.8461841,-1.0961841,-0.8261841,-0.30618408,-1.576184,-1.6461841,-1.2461841,-0.23618408,0.9638159,0.10381592,-0.73618406,-1.0361841,-0.14618409,1.2338159,-0.46618408,-0.31618407,-0.9361841,-1.2661841,-0.5361841,-0.20618409,0.33381593,-0.13618408,0.16381592,0.8538159,1.2638159,0.63381594,1.793816,1.2138159,0.46381593,1.0238159
-5.546184,-4.916184,-4.986184,-3.9761841,-4.406184,-3.776184,-4.626184,-3.106184,-3.376184,-3.266184,-3.876184,-3.636184,-3.9761841,-4.436184,-3.9661841,-3.756184,-4.436184,-4.7861843,-3.516184,-5.916184,-6.176184,-6.486184,-6.0961843,-6.146184,-4.866184,-4.136184,-2.496184,-5.236184,-0.85618407,0.89381593,0.12381592,-1.4161841,-0.8161841,-1.4861841,-1.0461841,0.24381591,0.64381593,-1.4761841,-0.23618408,-0.19618408,0.16381592,-0.23618408,0.70381594,-1.056184,-0.16618408,-1.1061841,-0.46618408,-0.8261841,0.023815919,-0.6461841,-0.47618407,0.5338159,0.9038159,-0.24618408,0.94381595,0.82381594,1.193816,2.2838159
-7.046184,-6.366184,-5.676184,-4.626184,-4.086184,-4.376184,-3.9361842,-3.2361841,-2.6961842,-2.836184,-3.306184,-4.136184,-3.396184,-3.016184,-2.6561842,-3.026184,-4.746184,-3.4161842,-3.806184,-2.1861842,-2.1561842,-5.776184,-3.4561841,-2.506184,-2.276184,-1.5161841,-1.7661841,-1.0361841,-0.6961841,-4.886184,-4.466184,-1.936184,-2.306184,-0.16618408,1.1038159,0.10381592,0.07381592,-0.7461841,-0.5761841,-0.34618407,-1.3761841,-2.246184,-2.2161841,-1.6661841,-2.566184,-1.7661841,-1.0061841,-2.556184,0.04381592,0.11381592,-0.31618407,-0.5661841,-0.026184082,0.34381592,0.25381592,1.163816,0.69381595,0.9038159
-6.516184,-5.5361843,-5.226184,-4.406184,-3.7261841,-3.316184,-3.2261841,-2.356184,-2.276184,-2.856184,-1.3561841,-3.6661842,-3.9161842,-4.716184,-5.5561843,-4.646184,-3.346184,-5.506184,-4.266184,-4.856184,-4.946184,-6.446184,-6.126184,-7.736184,-7.236184,-5.676184,-5.966184,-5.026184,-3.4361842,-1.576184,-0.66618407,-3.346184,-0.5061841,-5.296184,-4.966184,-3.4161842,-1.5261841,-1.816184,-2.286184,-3.9661841,-4.3061843,-4.856184,-4.5761843,-4.676184,-4.616184,-4.116184,-4.0961843,-4.816184,-0.25618407,1.933816,-0.49618408,-0.79618406,0.3938159,0.22381592,0.16381592,0.9738159,0.8738159,1.0838159
-4.906184,-5.0561843,-4.986184,-4.646184,-4.426184,-2.7261841,-2.326184,-3.096184,-3.1861842,-3.036184,-3.6661842,-4.0761843,-5.026184,-5.236184,-4.986184,-4.5761843,-3.296184,-2.326184,-3.326184,-4.766184,-4.266184,-4.996184,-4.5961843,-3.1861842,-5.516184,-6.406184,-7.316184,-7.316184,-8.046185,-5.356184,-2.536184,-2.016184,-3.9861841,-1.8661841,-2.4461842,-2.536184,-1.8661841,-1.7961841,-2.6561842,-2.506184,-2.4761841,-3.4261842,-3.9761841,-3.7261841,-3.7061841,-3.136184,-1.6061841,-2.1861842,-3.6961842,-4.566184,-0.67618406,-0.056184083,-0.016184082,-1.336184,0.6238159,0.6238159,0.23381592,0.89381593
-3.286184,-2.316184,-2.336184,-2.7261841,-3.306184,-2.556184,-2.9861841,-1.706184,-2.4461842,-2.366184,-2.9061842,-3.536184,-3.526184,-3.386184,-3.9461842,-3.616184,-3.9761841,-3.876184,-4.106184,-3.316184,-3.246184,-3.556184,-6.646184,-5.606184,-4.276184,-4.3461843,-5.5561843,-5.3261843,-2.836184,-2.776184,-7.496184,-8.526184,-4.796184,-4.406184,-3.7361841,-3.596184,-3.4661841,-2.9761841,-1.5061841,-0.5361841,0.3538159,-0.13618408,0.11381592,0.9238159,0.3238159,0.51381594,-0.086184084,0.23381592,0.3238159,-0.2961841,-1.426184,-1.1261841,-0.2961841,-0.7561841,0.04381592,1.2038159,1.6238159,1.5238159
-2.4361842,-1.9861841,-1.1061841,-2.126184,-2.496184,-1.6361841,-1.4661841,-0.016184082,-0.5061841,0.70381594,0.23381592,0.37381592,0.5338159,-0.34618407,-0.5961841,-0.9461841,-0.37618408,0.52381593,0.51381594,0.8638159,-1.196184,0.5638159,-1.1461841,-1.586184,-1.5461841,-2.886184,-2.066184,-0.7661841,-4.0961843,-5.296184,-6.666184,-6.5961843,-6.406184,-5.966184,-5.206184,-4.0361843,-3.036184,-2.4761841,-0.97618407,0.89381593,1.293816,2.2938159,2.953816,2.853816,2.433816,1.3638159,1.1538159,1.443816,1.553816,1.293816,0.6738159,0.47381592,0.10381592,0.76381594,0.3538159,1.043816,0.7938159,0.49381593
-1.9761841,-1.6361841,-1.086184,0.033815917,-1.9161841,-0.80618405,0.8738159,0.7338159,2.113816,1.813816,1.3738159,0.8038159,0.57381594,1.1238159,0.58381593,0.9038159,2.0938158,2.613816,2.473816,2.993816,1.413816,-0.21618408,0.5638159,-2.9461842,-2.316184,-2.9661841,-3.276184,-2.9861841,-4.266184,-5.656184,-5.0361843,-7.276184,-7.266184,-6.216184,-4.726184,-3.7361841,-3.026184,-2.096184,-0.8361841,-0.16618408,0.7538159,0.76381594,0.76381594,1.183816,1.3438159,1.6438159,1.6138159,1.5338159,1.6038159,1.6338159,1.8538159,2.5338159,2.5938158,1.193816,0.2638159,0.7438159,1.9038159,1.5138159
2.0438159,-1.2761841,-0.86618406,0.6738159,0.9738159,0.21381591,0.033815917,1.6238159,1.7038159,3.113816,3.3238158,3.3138158,3.0738158,1.7038159,0.8138159,1.693816,2.193816,3.253816,2.353816,2.613816,2.0138159,2.163816,3.2938159,4.073816,0.5438159,0.8738159,-0.22618409,-1.4061841,-2.256184,-3.776184,-3.356184,-4.196184,-4.886184,-4.896184,-5.216184,-4.126184,-3.076184,-1.0261841,-0.04618408,1.0138159,0.88381594,1.4738159,1.1438159,1.293816,0.57381594,0.9338159,2.703816,2.993816,3.183816,3.613816,3.683816,4.373816,4.263816,1.9038159,3.403816,2.743816,1.443816,0.64381593
2.723816,1.323816,-0.5761841,0.82381594,1.413816,3.103816,1.4938159,2.943816,3.473816,4.633816,5.613816,5.873816,5.503816,4.373816,3.883816,2.753816,2.903816,1.6538159,4.473816,4.233816,4.6938157,4.733816,4.4238157,4.753816,6.363816,4.4038157,3.383816,2.433816,2.853816,3.3038158,3.0638158,1.7838159,-0.3661841,-3.1761842,-3.146184,-3.126184,-3.1761842,-1.7461841,-0.34618407,0.7938159,0.6238159,1.0138159,1.1038159,0.9938159,1.2438159,2.2938159,2.913816,3.2938159,3.5638158,4.473816,4.223816,4.233816,5.163816,2.993816,1.8638159,1.3738159,6.093816,1.823816
2.5338159,2.223816,2.223816,1.0338159,2.5138159,3.143816,5.063816,4.743816,4.843816,5.663816,3.423816,6.9638157,5.1538157,8.173816,6.093816,5.123816,4.533816,4.343816,5.4638157,5.833816,5.353816,5.4038157,5.6738157,5.183816,5.4638157,6.6738157,6.4438157,5.973816,3.403816,3.153816,5.283816,6.103816,3.353816,1.2338159,-0.91618407,-1.456184,-1.6661841,-2.246184,-0.8761841,0.18381591,0.34381592,0.9838159,1.8338159,2.693816,2.853816,3.243816,3.473816,2.963816,3.233816,3.643816,4.1738157,4.483816,4.513816,4.433816,4.933816,1.7038159,3.633816,4.073816
0.9038159,1.7838159,2.613816,3.2638159,2.133816,3.143816,4.703816,5.223816,6.843816,5.383816,7.263816,7.853816,8.973816,9.583816,6.753816,7.233816,8.393816,7.753816,7.2138157,7.553816,6.933816,6.993816,6.863816,6.473816,6.433816,7.433816,8.303816,10.203815,8.973816,7.383816,4.9238157,7.553816,4.833816,3.2638159,0.9838159,-0.28618407,0.003815918,-0.3561841,0.5438159,0.9638159,0.83381593,3.173816,4.143816,3.933816,4.1538157,2.393816,2.663816,2.433816,2.8438158,3.453816,3.363816,3.3438158,3.243816,2.893816,3.2938159,3.003816,3.883816,2.613816
-0.9661841,0.2938159,1.0038159,2.113816,2.5238159,2.683816,3.623816,4.603816,6.2138157,7.473816,6.223816,7.573816,8.633816,9.123816,10.283816,10.733816,10.753816,10.063816,9.543816,8.9138155,8.033816,7.833816,7.283816,6.853816,6.663816,6.573816,7.813816,8.683816,8.553816,8.003816,8.043816,6.293816,4.123816,2.7838159,1.9838159,2.8138158,1.8538159,1.3338159,2.0838158,1.9838159,3.0438159,3.673816,4.453816,4.663816,4.163816,2.633816,1.9938159,2.5638158,2.423816,2.673816,2.453816,2.0238159,1.683816,1.8438159,1.9738159,2.163816,3.7638159,3.3338158
-3.606184,-2.526184,-1.1261841,0.053815916,1.0238159,2.0338159,2.743816,3.913816,4.633816,5.643816,7.363816,6.573816,8.253816,9.493816,10.203815,10.693816,10.773816,10.043816,9.703815,9.253816,8.773816,8.023816,7.223816,6.593816,6.063816,5.973816,5.323816,4.743816,5.233816,5.493816,5.583816,5.083816,3.993816,3.113816,2.8038158,3.3138158,3.873816,3.613816,2.5138159,1.943816,3.223816,4.053816,3.893816,5.083816,4.2138157,1.5038159,2.883816,3.3438158,2.443816,1.9838159,1.1338159,0.4538159,0.69381595,0.7938159,0.9038159,1.3538159,2.8038158,2.703816
-6.216184,-4.316184,-3.596184,-2.346184,-0.86618406,-0.016184082,1.303816,2.863816,3.5938158,4.393816,5.393816,7.013816,7.793816,8.133816,8.393816,8.503816,8.6638155,9.113816,8.303816,7.643816,8.113816,7.863816,7.293816,6.593816,5.633816,5.913816,5.293816,4.6538157,3.693816,4.323816,3.673816,4.793816,5.503816,4.683816,4.4038157,4.083816,5.013816,4.973816,3.873816,3.143816,3.383816,3.963816,2.933816,3.693816,2.5738158,2.463816,3.393816,2.8438158,2.433816,0.5538159,0.2638159,0.2938159,-0.04618408,-0.21618408,-0.27618408,0.33381593,0.9138159,2.413816
-7.736184,-5.836184,-5.626184,-4.626184,-3.256184,-1.2361841,-0.056184083,1.433816,2.5138159,2.7638159,4.493816,6.233816,6.013816,7.343816,7.303816,7.4038157,8.133816,8.993816,8.073816,7.6938157,8.103816,7.313816,7.023816,6.283816,5.493816,5.613816,5.483816,4.883816,4.583816,4.433816,4.883816,5.733816,5.1538157,4.303816,5.073816,4.833816,5.4438157,5.803816,5.833816,4.283816,3.733816,3.8238158,4.4038157,2.7938159,2.403816,3.883816,3.463816,2.373816,1.163816,0.003815918,-0.056184083,0.43381593,-2.376184,-1.196184,0.31381592,0.89381593,2.3038158,3.5838158
-7.276184,-6.746184,-6.186184,-5.146184,-4.366184,-2.9361842,-1.5161841,-0.4261841,0.3538159,3.103816,3.643816,4.323816,4.883816,5.823816,6.4638157,6.7138157,6.9038157,7.303816,7.723816,6.983816,6.803816,6.433816,5.883816,6.233816,5.663816,6.823816,4.993816,5.493816,5.493816,5.453816,4.273816,4.343816,4.543816,4.603816,5.393816,5.613816,5.333816,5.603816,6.393816,5.723816,4.373816,4.623816,4.853816,3.663816,3.403816,3.5538158,2.5738158,2.0138159,0.37381592,0.28381592,-0.7061841,-1.2761841,-0.31618407,-0.5761841,1.5838159,3.503816,4.633816,5.413816
-6.756184,-5.0361843,-3.7161841,-3.9661841,-3.036184,-2.7061841,-2.306184,-0.7561841,-0.16618408,1.543816,2.603816,3.623816,4.973816,4.853816,5.233816,5.113816,5.503816,5.613816,6.093816,5.803816,5.323816,5.413816,5.763816,5.503816,6.753816,4.913816,4.323816,4.9238157,4.513816,3.483816,3.603816,3.933816,3.5838158,4.823816,4.4638157,5.203816,4.773816,4.473816,5.623816,5.123816,5.503816,4.913816,4.573816,3.743816,3.703816,3.713816,2.963816,1.5938159,0.6838159,1.2238159,0.9638159,0.77381593,0.7938159,1.6338159,2.373816,3.5138159,4.253816,4.543816
-8.226184,-6.406184,-4.966184,-3.126184,-3.016184,-2.266184,0.023815919,0.6638159,2.483816,2.8438158,3.5738158,3.623816,3.253816,4.043816,4.203816,4.383816,4.4038157,4.9238157,5.483816,5.703816,5.913816,5.773816,6.1938157,6.563816,3.5438159,3.713816,5.2138157,4.523816,3.613816,3.0738158,3.653816,3.243816,4.413816,4.4038157,4.063816,4.513816,4.603816,4.723816,4.353816,5.763816,5.733816,5.023816,4.543816,4.143816,2.7838159,2.7938159,3.253816,3.193816,2.133816,0.76381594,1.8538159,2.233816,2.413816,2.7638159,2.913816,3.473816,4.333816,4.063816
-8.706184,-8.006184,-5.676184,-4.476184,-2.9361842,-1.9061841,-0.19618408,1.0038159,2.443816,3.353816,3.2638159,4.703816,4.073816,4.243816,4.873816,5.603816,6.303816,6.683816,7.533816,6.803816,6.773816,7.413816,5.933816,5.9438157,3.713816,3.703816,5.533816,3.5838158,3.7938159,3.123816,3.0138159,3.623816,3.8338158,3.943816,3.913816,5.063816,5.523816,6.4238157,6.973816,6.283816,5.523816,4.813816,4.083816,3.163816,2.7638159,1.7438159,0.83381593,1.1038159,1.6438159,1.4638159,2.2638159,2.863816,3.2738159,3.853816,3.0638158,4.1938157,3.943816,3.883816
-6.776184,-7.116184,-6.436184,-5.526184,-4.156184,-2.4561841,-1.5461841,0.12381592,1.3738159,3.403816,4.583816,4.773816,4.9038157,5.6538157,6.1738157,6.133816,6.183816,6.323816,6.143816,5.283816,5.523816,6.093816,5.1738157,4.413816,4.323816,3.5438159,4.9438157,4.633816,3.743816,3.0938158,2.153816,2.723816,4.343816,3.873816,4.363816,4.243816,5.073816,4.623816,4.633816,4.7138157,4.243816,3.863816,2.863816,1.923816,1.423816,1.183816,1.0338159,1.2338159,1.5238159,2.203816,2.883816,3.423816,3.213816,2.7638159,3.733816,3.503816,3.903816,3.403816
-2.9861841,-4.926184,-5.8461843,-4.3061843,-4.106184,-3.126184,-2.2061841,-1.3461841,0.06381592,1.2038159,2.683816,3.443816,4.263816,4.723816,4.9438157,4.863816,4.783816,5.723816,4.733816,3.7638159,4.803816,4.4438157,4.633816,3.673816,4.013816,6.033816,4.533816,4.323816,2.883816,1.7038159,3.183816,2.103816,2.733816,2.173816,2.3138158,2.733816,2.713816,2.5838158,2.213816,2.483816,2.3138158,1.6538159,1.1238159,1.443816,1.1538159,1.2638159,1.5338159,1.663816,1.4638159,2.493816,2.643816,3.923816,2.7638159,2.723816,2.853816,3.3338158,3.5338159,3.163816
-1.816184,-3.336184,-4.126184,-4.046184,-4.006184,-2.806184,-1.926184,-1.436184,-1.056184,-0.15618408,0.9338159,1.8338159,2.923816,3.873816,4.6538157,4.1738157,4.363816,3.0238159,3.893816,2.5338159,2.903816,3.433816,2.723816,6.283816,5.493816,5.2138157,3.5538158,3.503816,2.493816,2.113816,1.313816,1.543816,0.6238159,0.89381593,-1.206184,-0.49618408,0.7838159,0.12381592,0.5038159,0.31381592,0.34381592,0.52381593,1.0138159,1.1538159,1.2538159,1.2238159,1.163816,1.1038159,1.663816,2.3338158,2.963816,2.2838159,1.663816,2.353816,1.433816,2.473816,3.443816,2.873816
3.953816,3.5138159,1.563816,-2.4461842,-3.4061842,-3.1661842,-2.516184,-2.246184,-1.7661841,-1.2561841,-0.18618408,0.7438159,1.2238159,1.8738159,1.0838159,0.57381594,-0.55618405,-0.44618407,1.043816,2.153816,4.123816,6.4238157,5.6538157,5.183816,5.1738157,4.323816,3.2638159,2.193816,0.9338159,-0.13618408,-0.72618407,-0.6561841,-0.80618405,-0.3661841,-2.306184,-2.546184,-1.3861841,-1.436184,-0.9961841,-0.9561841,-0.4561841,-0.09618408,0.06381592,0.31381592,0.2638159,0.2938159,0.13381591,0.4238159,1.4938159,2.183816,2.983816,2.183816,1.933816,2.943816,2.883816,2.403816,2.853816,2.7938159
