json-data/2022072618.json
{"header": {"discipline":0,"disciplineName":"Meteorological products","gribEdition":2,"gribLength":79435,"center":7,"centerName":"US National Weather Service - NCEP(WMC)","subcenter":0,"refTime":"2022-07-26T18:00:00.000Z","significanceOfRT":1,"significanceOfRTName":"Start of forecast","productStatus":0,"productStatusName":"Operational products","productType":1,"productTypeName":"Forecast products","productDefinitionTemplate":0,"productDefinitionTemplateName":"Analysis/forecast at horizontal level/layer at a point in time","parameterCategory":2,"parameterCategoryName":"Momentum","parameterNumber":2,"parameterNumberName":"U-component_of_wind","parameterUnit":"m.s-1","genProcessType":2,"genProcessTypeName":"Forecast","forecastTime":0,"surface1Type":103,"surface1TypeName":"Specified height level above ground","surface1Value":10.0,"surface2Type":255,"surface2TypeName":"Missing","surface2Value":0.0,"gridDefinitionTemplate":0,"gridDefinitionTemplateName":"Latitude_Longitude","numberPoints":65160,"shape":6,"shapeName":"Earth spherical with radius of 6,371,229.0 m","gridUnits":"degrees","resolution":48,"winds":"true","scanMode":0,"nx":360,"ny":181,"basicAngle":0,"lo1":0.0,"la1":90.0,"lo2":359.0,"la2":-90.0,"dx":1.0,"dy":1.0}, "data":
[rows 75 to 99 of 181, columns 232 to 289 of 360]
-4.5855713,-4.475571,-4.145571,-4.475571,-4.265571,-3.9255712,-3.6155713,-2.8255713,-1.5355713,-2.9755714,-2.5055714,-3.4455712,-2.4155712,-1.6755713,0.6744287,-0.3355713,-0.1255713,0.76442873,-2.8955712,-4.7355714,-5.6755714,-4.075571,-2.7855713,-4.395571,-6.0955715,-8.485571,-8.465571,-7.4855714,-6.955571,-5.705571,-3.9055712,-2.8055713,-8.785571,-1.4455713,0.114428714,0.8044287,2.0444288,-2.6755712,-0.86557126,-0.5155713,-1.3455713,-1.2255713,-1.4855713,-1.5655713,-2.4655714,-5.7355714,-6.1555715,-7.745571,-8.165571,-8.535571,-8.275571,-8.235571,-7.5955715,-7.5855713,-8.395572,-8.735571,-9.435572,-9.315571
-3.9055712,-4.955571,-5.035571,-5.0055714,-3.7855713,-3.6955712,-2.8855712,-1.8455713,-0.60557127,0.02442871,-0.1755713,0.34442872,0.5844287,0.7344287,2.5844288,5.734429,4.524429,2.0944288,0.16442871,-2.7155714,-4.3355713,-2.9355712,-1.5655713,-3.5655713,-8.065571,-11.695571,-10.105572,-9.535571,-8.365571,-7.4055715,-7.185571,-8.0955715,-2.4755714,-2.4555712,-2.0955713,-1.7855713,-0.8455713,-0.8855713,-1.3655713,0.6744287,-1.9055713,-2.5055714,-2.1455712,-1.3355713,-1.4755713,-4.705571,-6.495571,-6.955571,-8.455571,-8.775571,-8.895572,-8.745571,-8.065571,-7.725571,-7.645571,-8.185572,-7.6555715,-7.1555715
-5.055571,-5.145571,-4.2555714,-3.9755714,-3.4255712,-3.2155714,-2.4255712,-0.8955713,0.5544287,2.4244287,2.8544288,2.0944288,2.8744287,3.2744286,4.2644286,5.6644287,5.2444286,3.2644286,1.8144287,0.6244287,-0.7255713,-0.92557126,0.8444287,0.2544287,-9.665571,-13.235571,-9.255571,-6.825571,-7.6155715,-7.7355714,-8.0955715,-7.185571,-5.7555714,-5.0655713,-4.8355713,-4.7355714,-4.075571,-3.4255712,-2.8555713,-0.2355713,-2.4155712,-0.1755713,-3.5055714,-0.21557128,-1.0255713,-3.3655713,-6.785571,-6.2355714,-7.9255714,-8.315571,-8.625571,-8.185572,-8.375571,-7.825571,-7.915571,-8.645572,-8.565571,-7.6555715
-3.8155713,-3.3055713,-3.0055714,-3.2355714,-3.0555713,-1.9855713,-0.3055713,-0.14557129,1.5144287,2.7844286,3.9944286,5.1244287,4.7444286,5.0744286,5.6144285,5.024429,5.984429,5.3244286,3.3244288,1.9844288,1.3044287,2.3544288,0.24442871,10.244429,8.594429,-0.015571289,-3.4255712,-3.0755713,-3.7055712,-5.2955713,-4.7955713,-5.6255713,-5.3655715,-5.305571,-6.0055714,-6.1255713,-5.685571,-5.4055715,-6.915571,-7.3455715,-6.785571,-2.1255713,-4.6955714,-3.2355714,0.64442873,1.1344287,-5.5855713,-5.725571,-7.705571,-8.055572,-8.235571,-8.055572,-8.985571,-8.565571,-6.035571,-6.995571,-9.685572,-6.7155714
-1.5155712,-0.4155713,-0.46557128,-0.8755713,0.9444287,2.5944288,3.1444287,4.0344286,4.754429,5.234429,5.104429,5.8244286,5.524429,5.834429,6.5944285,6.5344286,6.7844286,7.1844287,6.4944286,5.0944285,5.0744286,4.714429,2.5244286,5.734429,12.504429,9.624429,4.484429,-0.19557129,-2.6655712,-0.6955713,0.034428712,-0.5755713,-0.5355713,-3.8155713,-4.7955713,-4.7555714,-4.475571,-3.7555714,-5.035571,-6.0455713,-5.9455714,-6.8455715,-7.3155713,-2.7055712,-0.3955713,-0.2655713,-2.7755713,-6.435571,-2.8655713,-6.9055715,-6.2155714,-5.5455713,-5.1755714,-0.3655713,0.51442873,-0.9655713,-2.1455712,-1.3555713
0.3044287,1.8844287,2.6044288,3.5444288,3.4644287,4.6244287,5.484429,5.024429,4.9744287,4.9944286,5.6644287,5.794429,6.274429,6.214429,6.774429,7.004429,6.564429,6.8044286,6.174429,6.9344287,6.524429,6.3244286,7.0544286,8.484428,7.1244287,6.4544287,4.4344287,1.5644287,0.9444287,3.1844287,3.2444286,2.4044287,2.6344287,2.1744287,2.2944288,-0.92557126,0.5644287,-0.37557128,0.6844287,0.3044287,-2.0655713,-3.3355713,1.3444287,1.8044287,-0.13557129,-0.3955713,0.28442872,-3.7155714,-2.7055712,-3.4655714,0.6844287,1.6144288,3.4344287,0.3644287,-0.08557129,0.6544287,-3.8555713,1.0044287
-1.1855713,-0.6455713,0.7344287,2.1344287,2.0644288,2.7444286,3.0344286,3.3044288,3.6544287,4.0344286,4.214429,4.584429,4.8644285,5.0544286,5.9344287,5.314429,5.4344287,6.3244286,6.2444286,5.9144287,6.234429,7.8844285,7.9144287,7.294429,7.944429,6.174429,6.3744287,6.004429,4.8644285,4.6844287,5.3944287,4.2244287,4.504429,5.6244287,4.5944285,4.7644286,2.7844286,2.3844287,2.0744288,3.7044287,2.7944288,0.27442873,-0.79557127,0.37442872,-0.11557129,1.1144288,0.9444287,4.2844286,0.8644287,0.4144287,0.8444287,1.5244287,1.3744287,1.7044287,0.3644287,-0.5555713,1.5144287,0.7544287
-2.3655713,-1.1855713,0.02442871,-0.09557129,0.9244287,1.7544287,1.8944287,1.9644287,1.9844288,2.3244288,1.9244287,1.6144288,2.3944287,3.4444287,4.714429,4.334429,4.734429,5.524429,4.754429,5.294429,5.674429,7.004429,6.6844287,6.2444286,6.4944286,5.984429,5.4544287,4.964429,5.3844285,5.584429,5.3744287,5.0544286,4.234429,2.7044287,5.104429,5.8844285,5.0344286,3.6944287,4.8744287,3.7044287,3.3544288,1.7544287,-0.6855713,-1.7155713,-1.0155712,-0.6955713,0.49442872,-1.2655712,-1.3855712,-0.07557129,-0.1755713,-0.60557127,-0.7855713,-0.7655713,-1.1855713,-1.8855712,-0.31557128,-2.3255713
-3.0255713,-2.0855713,-1.9855713,-1.2355713,-0.37557128,0.76442873,0.1844287,-0.2055713,0.2644287,0.31442872,0.04442871,-0.28557128,0.8044287,2.1044288,2.9144287,3.7444286,4.0144286,3.5944288,3.9744287,4.2644286,5.194429,5.694429,5.734429,5.9044285,4.924429,4.3844285,4.814429,4.6844287,5.0944285,5.334429,4.3244286,4.524429,4.0544286,3.0544288,3.4544287,5.464429,7.044429,3.6344287,9.524428,3.7644286,3.4344287,1.9444287,1.2944287,2.6744287,-0.2355713,-1.0855713,-0.21557128,-1.3255713,-1.7355713,-0.03557129,-0.08557129,0.04442871,0.5944287,-1.1355712,0.12442871,2.5644288,-1.1555713,-0.9755713
-3.6955712,-3.8355713,-3.4255712,-2.1355712,-1.8355713,-1.5355713,-1.6055713,-2.0355713,-1.8355713,-1.8255713,-1.8155713,-1.0255713,-0.2055713,0.6844287,1.2544287,2.8744287,2.0444288,2.6444287,2.5144286,3.2044287,4.754429,4.464429,4.674429,4.8044286,3.9244287,4.1644287,3.3344288,3.6344287,3.5544288,4.234429,4.584429,3.0944288,2.9044287,2.6444287,3.5644288,4.564429,4.944429,4.294429,5.484429,4.1344285,3.4044287,2.1744287,3.1244287,3.0144286,2.1244287,1.9744287,2.7444286,2.1844287,1.4644287,0.7844287,1.2044287,1.4544287,-0.9455713,-1.0855713,1.2044287,0.9744287,-1.8755713,-0.7155713
-4.435571,-5.5055714,-4.725571,-4.0455713,-3.2655714,-3.0855713,-2.2355714,-3.4155712,-3.1855712,-2.6355712,-2.4055712,-2.4755714,-1.1455712,-0.92557126,0.5844287,1.3744287,1.2944287,1.6044288,1.4544287,2.7744286,2.8444288,3.5644288,3.3044288,2.8044288,2.2944288,3.0344286,3.4344287,2.5844288,3.6144288,3.3644288,2.6844287,2.3844287,2.3844287,3.1244287,3.1844287,3.2044287,3.9844286,3.9644287,4.1844287,4.0344286,4.1344285,3.2044287,2.4644287,2.4344287,3.0744288,2.8944287,1.5444287,3.7644286,3.1344287,2.4644287,1.3744287,0.9744287,0.57442874,-1.8355713,-0.6355713,-0.8855713,-0.6955713,-0.08557129
-6.4255714,-6.3555713,-5.6755714,-5.2155714,-4.6555715,-4.2155714,-2.6055713,-3.3655713,-4.5855713,-3.7855713,-3.6555712,-2.8155713,-3.0255713,-1.7455713,-0.2355713,-0.4855713,0.2644287,0.06442871,1.1344287,2.0044286,1.8644288,1.5844287,2.0344286,2.1144288,1.3844287,2.2144287,2.5044286,2.7944288,3.0644288,2.0944288,2.1444287,1.6444287,2.2144287,2.6344287,2.5444288,1.6444287,3.0344286,2.6044288,3.6144288,3.3344288,3.3344288,2.8344288,2.2544286,1.6744287,1.4444287,1.3844287,1.1744287,4.9044285,3.5044286,3.3644288,2.1944287,1.9444287,1.0144287,0.5944287,-1.9155713,-0.86557126,-0.37557128,0.13442871
-6.455571,-6.7555714,-6.4855714,-5.6755714,-5.5055714,-4.3355713,-3.4855714,-3.4255712,-4.7355714,-4.165571,-3.8855712,-4.1755714,-4.2355714,-2.3555713,-2.0055714,-0.7855713,-0.6255713,-0.7255713,0.28442872,0.64442873,0.7244287,0.20442872,-0.2755713,0.95442873,-0.065571286,0.70442873,1.2944287,1.7944287,2.2144287,1.9244287,1.3644288,1.0544287,1.3144287,2.2444286,0.9444287,0.3844287,2.1544287,2.9944286,1.5144287,1.4444287,1.2844287,1.7744287,1.1644287,0.82442874,1.2144287,1.4444287,2.0144286,2.8844287,3.4244287,4.1644287,3.4844286,1.7544287,-1.6955713,1.2544287,-1.3455713,-1.6655713,0.8144287,-0.18557128
-7.1755714,-6.935571,-6.8755713,-6.495571,-5.6555715,-5.2155714,-4.5455713,-3.4055712,-4.2155714,-4.8355713,-4.555571,-4.915571,-4.495571,-2.7455714,-3.4555712,-2.8955712,-1.3455713,-1.2755713,-0.5155713,-0.73557127,-0.6255713,-0.4455713,-1.4155713,-1.9555713,-0.8855713,0.27442873,1.1244287,0.7744287,1.0744287,1.4244287,-0.4155713,0.34442872,1.5044287,0.9444287,-0.2755713,0.4244287,2.2144287,-0.4255713,0.07442871,0.08442871,0.7944287,0.2644287,0.4144287,0.24442871,0.6044287,1.8944287,2.5644288,2.5444288,3.9344287,4.944429,0.9644287,1.5544287,-0.7755713,-1.2555712,-1.3455713,-0.8955713,0.21442871,1.3344287
-6.9255714,-6.4655714,-6.5455713,-6.705571,-5.975571,-5.825571,-5.285571,-4.3455715,-4.805571,-4.395571,-5.165571,-4.705571,-3.7955713,-3.2255714,-4.1555715,-3.4155712,-2.4255712,-2.5155714,-2.2755713,-1.2155713,-0.8055713,-2.4655714,-2.0155714,-2.1755712,-1.7055713,-0.6255713,-0.1255713,-0.22557129,0.31442872,0.8044287,-0.61557126,-0.6355713,-0.40557128,-0.7055713,-1.0255713,0.3344287,1.8244287,-1.4455713,-0.40557128,-0.5055713,-0.15557128,-0.28557128,-0.4955713,0.3244287,0.9844287,1.6944287,2.7644286,2.5844288,4.8844285,1.5144287,1.3744287,-1.1555713,-1.7655712,-1.0455713,-0.9355713,-0.60557127,-1.6955713,-0.5855713
-6.515571,-6.8855715,-6.1055713,-6.6155715,-6.4455714,-5.9055715,-4.995571,-4.6155715,-4.0855713,-4.305571,-4.785571,-3.3655713,-4.8655715,-4.015571,-4.8855715,-3.5055714,-2.6955712,-3.0255713,-2.6055713,-2.2955713,-2.6355712,-2.9655714,-2.7555714,-2.6155713,-2.4655714,-1.7155713,-1.3455713,-0.9955713,-0.7255713,-0.4555713,-0.92557126,-1.7355713,-1.6755713,-1.8955712,-1.5555713,-0.31557128,-0.025571289,-2.6855712,-1.7255713,-0.6255713,-0.46557128,-0.8255713,-0.5855713,-0.2655713,0.8344287,1.3744287,2.5844288,2.8444288,2.0244286,3.0544288,-3.3655713,-1.3355713,-1.1955713,-1.3655713,-0.3355713,-0.2355713,-1.1155713,-0.9055713
-8.045571,-7.3155713,-6.8755713,-7.0255713,-6.5455713,-6.3655715,-5.9455714,-3.6755712,-5.2155714,-4.145571,-4.3455715,-3.2355714,-4.665571,-4.935571,-5.1555715,-4.1355715,-3.2555714,-2.7555714,-2.4255712,-2.8555713,-4.205571,-4.8455715,-3.4455712,-1.7455713,-1.5155712,-2.8755713,-1.9455713,-2.1455712,-1.1855713,-1.5955713,-1.6055713,-2.2655714,-2.8455713,-1.7655712,-1.6955713,-1.8255713,-2.6855712,-1.4355713,-2.4555712,-1.2655712,-0.7555713,-0.8855713,-0.98557127,-0.7855713,0.4744287,1.3444287,2.4444287,3.5144286,0.24442871,3.5444288,-1.7155713,-1.6455712,-2.0255713,0.70442873,0.95442873,-0.2955713,-0.85557127,-0.9055713
-7.9255714,-7.9655714,-5.765571,-8.175571,-7.8855715,-5.6055713,-7.225571,-5.8155713,-5.5855713,-4.5255713,-3.1655712,-4.2555714,-4.6155715,-4.015571,-3.8655713,-4.4655714,-4.305571,-3.6655712,-3.1555712,-2.8455713,-4.6055713,-5.4855714,-4.555571,-3.3455713,-2.1055713,-2.9855714,-3.5255713,-1.3555713,-1.8655713,-2.6155713,-2.9255712,-3.4355712,-3.4555712,-2.3855712,-2.2755713,-2.5855713,-2.4855714,-3.3255713,-3.2255714,-2.2555714,-1.3955712,-1.2055713,-1.5255713,-1.2855713,-0.6555713,1.3544288,2.8244288,2.9944286,-0.08557129,2.3844287,-1.1155713,-1.6955713,-1.1655713,-0.2055713,1.8544288,1.0844287,0.114428714,-0.5855713
-7.915571,-8.155571,-7.185571,-9.205571,-7.915571,-8.365571,-6.575571,-5.7755713,-6.8555713,-4.915571,-4.9855714,-5.5655713,-3.8955712,-2.7455714,-4.3655715,-4.9455714,-4.915571,-5.035571,-4.535571,-3.6255713,-4.3455715,-4.1255713,-3.8555713,-5.0255713,-2.7155714,-3.0255713,-3.1555712,-3.2055712,-2.2555714,-3.9855714,-3.8955712,-3.9455712,-3.7555714,-2.8855712,-3.8155713,-2.9455712,-2.1955712,-3.5155714,-3.4155712,-2.9155712,-2.4755714,-2.2555714,-2.0355713,-1.8855712,-1.3255713,0.09442871,2.5044286,3.9844286,1.6844287,-3.3955712,-0.9755713,-0.18557128,-0.6255713,0.6144287,0.9044287,0.5344287,-0.15557128,-0.9555713
-7.5255713,-7.8355713,-7.2155714,-8.605572,-7.3855715,-7.165571,-8.735571,-8.145572,-5.245571,-6.055571,-6.805571,-6.225571,-4.075571,-5.265571,-5.185571,-4.6955714,-5.1555715,-5.575571,-5.205571,-4.3755713,-5.075571,-3.9455712,-4.3655715,-2.2955713,-4.495571,-3.1355712,-3.6755712,-3.3855712,-3.6455712,-3.5955713,-3.7855713,-4.5655713,-3.9855714,-3.5755713,-4.2755713,-3.2555714,-3.2755713,-3.9755714,-3.5455713,-3.3955712,-3.5255713,-2.8855712,-2.7155714,-2.7555714,-2.2055712,-0.8155713,-0.1255713,3.8144288,0.9344287,-0.8055713,-0.5955713,1.1544287,0.5044287,1.2044287,-0.3055713,-0.3855713,-0.4455713,-1.2355713
-7.7155714,-8.205571,-8.435572,-7.6355715,-7.515571,-7.305571,-8.145572,-8.875571,-6.325571,-7.7155714,-6.9255714,-6.895571,-6.415571,-6.1355715,-5.6555715,-5.785571,-5.725571,-6.145571,-5.645571,-5.2755713,-5.6155715,-5.245571,-4.8655715,-4.4255714,-4.575571,-4.4055715,-4.165571,-3.6255713,-3.8055713,-3.9755714,-4.1955714,-4.4855714,-4.515571,-4.3155713,-4.705571,-4.4655714,-4.3455715,-4.2755713,-4.0055714,-3.6455712,-4.2955713,-3.3355713,-3.5255713,-3.0455713,-2.1755712,-1.9455713,-0.8955713,-0.47557127,1.6844287,0.5444287,0.05442871,0.3044287,1.0144287,1.0544287,0.24442871,-0.2655713,-0.54557127,-1.0355713
-8.055572,-8.465571,-6.645571,-8.955571,-8.285571,-8.165571,-8.6355715,-9.455571,-8.125571,-7.455571,-7.665571,-7.7755713,-7.7155714,-8.3855715,-7.2355714,-7.145571,-6.7755713,-6.2555714,-5.3855715,-6.055571,-7.1355715,-5.645571,-4.9455714,-5.3755713,-4.6055713,-4.805571,-5.1055713,-5.455571,-5.3855715,-4.5055714,-4.9655714,-4.5655713,-4.455571,-5.145571,-5.145571,-5.495571,-5.1355715,-4.395571,-4.2955713,-4.6555715,-4.205571,-3.8455713,-3.7755713,-3.3555713,-2.3355713,-2.1755712,-1.9155713,-0.92557126,1.5544287,-2.0955713,-0.31557128,-0.25557128,1.2644287,1.0744287,-0.5655713,-0.61557126,-0.5555713,-0.98557127
-8.825571,-7.8455715,-7.3555713,-8.3855715,-8.335571,-9.165571,-7.685571,-9.125571,-8.215571,-7.5455713,-8.0955715,-8.605572,-8.905571,-8.285571,-8.175571,-8.0955715,-7.895571,-6.765571,-6.705571,-7.1555715,-7.3355713,-7.3355713,-7.1555715,-5.685571,-5.9855714,-5.8555713,-4.935571,-6.3155713,-5.9255714,-5.6955714,-5.6155715,-5.7755713,-5.2755713,-5.4855714,-5.475571,-5.5655713,-5.4655714,-4.6255713,-4.575571,-4.995571,-4.6755714,-3.6555712,-3.7655714,-3.3755713,-2.8755713,-2.3655713,-1.9455713,-0.8155713,-0.5155713,1.7844287,-0.2955713,-0.025571289,0.64442873,-0.7655713,0.31442872,-2.0955713,-1.6355712,-1.5755713
-8.115571,-8.745571,-8.365571,-8.285571,-8.775571,-7.8355713,-9.225572,-8.835571,-8.875571,-9.025571,-8.575571,-8.035571,-8.645572,-8.225572,-7.265571,-7.915571,-8.445571,-7.745571,-7.415571,-7.1955714,-7.0055714,-6.2755713,-6.6755714,-5.935571,-6.035571,-7.685571,-6.3355713,-5.515571,-6.5955715,-5.9455714,-6.4855714,-6.325571,-6.015571,-5.5455713,-5.5455713,-5.785571,-5.455571,-4.9655714,-4.7155714,-4.3455715,-4.2755713,-4.2755713,-4.1355715,-3.9355712,-3.5755713,-2.8955712,-1.9555713,-1.4255713,-1.9355713,2.5844288,-2.2355714,-2.3155713,-1.0355713,-0.37557128,-0.43557128,-0.98557127,-0.9155713,-1.5255713
-7.5455713,-8.075571,-7.9655714,-9.575571,-8.815571,-8.985571,-8.395572,-8.895572,-8.575571,-9.545571,-8.945571,-8.305572,-9.265572,-8.185572,-8.775571,-8.355572,-8.445571,-8.215571,-7.225571,-8.125571,-7.2355714,-6.4055715,-6.265571,-6.4055715,-6.1155715,-6.185571,-6.1055713,-6.1255713,-6.745571,-6.3855715,-7.1955714,-7.0655713,-6.785571,-6.645571,-6.055571,-6.0655713,-5.1755714,-5.705571,-4.8455715,-4.3355713,-4.5655713,-4.395571,-4.145571,-4.245571,-3.7055712,-3.1855712,-2.9055712,-1.9555713,-2.1655712,-1.2055713,3.5544288,-3.2255714,0.08442871,0.95442873,1.1344287,-0.9455713,-1.0955713,0.88442874
