json-data/2022072512.json
{"header": {"discipline":0,"disciplineName":"Meteorological products","gribEdition":2,"gribLength":79635,"center":7,"centerName":"US National Weather Service - NCEP(WMC)","subcenter":0,"refTime":"2022-07-25T12:00:00.000Z","significanceOfRT":1,"significanceOfRTName":"Start of forecast","productStatus":0,"productStatusName":"Operational products","productType":1,"productTypeName":"Forecast products","productDefinitionTemplate":0,"productDefinitionTemplateName":"Analysis/forecast at horizontal level/layer at a point in time","parameterCategory":2,"parameterCategoryName":"Momentum","parameterNumber":2,"parameterNumberName":"U-component_of_wind","parameterUnit":"m.s-1","genProcessType":2,"genProcessTypeName":"Forecast","forecastTime":0,"surface1Type":103,"surface1TypeName":"Specified height level above ground","surface1Value":10.0,"surface2Type":255,"surface2TypeName":"Missing","surface2Value":0.0,"gridDefinitionTemplate":0,"gridDefinitionTemplateName":"Latitude_Longitude","numberPoints":65160,"shape":6,"shapeName":"Earth spherical with radius of 6,371,229.0 m","gridUnits":"degrees","resolution":48,"winds":"true","scanMode":0,"nx":360,"ny":181,"basicAngle":0,"lo1":0.0,"la1":90.0,"lo2":359.0,"la2":-90.0,"dx":1.0,"dy":1.0}, "data":
[rows 0 to 25 of 181, columns 174 to 231 of 360]
1.7770703,1.7870703,1.7970703,1.7970703,1.8070703,1.8070703,1.8170704,1.8170704,1.8270704,1.8270704,1.8270704,1.8270704,1.8270704,1.8370703,1.8370703,1.8370703,1.8270704,1.8270704,1.8270704,1.8270704,1.8170704,1.8170704,1.8170704,1.8070703,1.8070703,1.7970703,1.7870703,1.7870703,1.7770703,1.7670703,1.7570703,1.7470703,1.7370703,1.7270703,1.7170703,1.7070704,1.6970704,1.6870704,1.6770703,1.6570703,1.6470703,1.6270703,1.6170703,1.5970703,1.5870703,1.5670704,1.5470703,1.5370703,1.5170703,1.4970703,1.4770703,1.4570704,1.4370704,1.4170703,1.3970703,1.3770703,1.3570703,1.3370703
2.1370704,2.1570704,2.1870704,2.2070704,2.2270703,2.2370703,2.2470703,2.2570703,2.2570703,2.2570703,2.2570703,2.2470703,2.2370703,2.2270703,2.2070704,2.1870704,2.1670704,2.1370704,2.1070702,2.0670702,2.0370703,2.0070703,1.9770703,1.9270703,1.8870703,1.8470703,1.7870703,1.7470703,1.6870704,1.6470703,1.5870703,1.5370703,1.4770703,1.4170703,1.3570703,1.2970703,1.2370703,1.1770703,1.1170703,1.0470703,0.9870703,0.9370703,0.8970703,0.8570703,0.8170703,0.7770703,0.7470703,0.71707034,0.6770703,0.6470703,0.6270703,0.6070703,0.5570703,0.5070703,0.45707032,0.39707032,0.3470703,0.29707032
1.4470704,1.4670703,1.4870703,1.5270703,1.5570703,1.5970703,1.6270703,1.6570703,1.6770703,1.6970704,1.7070704,1.7270703,1.7370703,1.7570703,1.7870703,1.8370703,1.8770703,1.9170703,1.9370704,1.9370704,1.9370704,1.9070703,1.8570703,1.7870703,1.6870704,1.5770704,1.4570704,1.3470703,1.2270703,1.1270703,1.0270703,0.96707034,0.9270703,0.8870703,0.8370703,0.7970703,0.7470703,0.6870703,0.6170703,0.53707033,0.4470703,0.35707033,0.26707032,0.15707031,0.05707031,-0.042929687,-0.1529297,-0.24292968,-0.3329297,-0.41292968,-0.48292968,-0.5429297,-0.59292966,-0.5729297,-0.5529297,-0.52292967,-0.48292968,-0.5029297
2.2270703,2.2170703,2.1970704,2.1970704,2.1970704,2.1870704,2.1770704,2.1470704,2.1370704,2.1370704,2.1370704,2.1470704,2.1670704,2.1670704,2.1670704,2.1670704,2.1470704,2.1170702,2.0570703,1.9970703,1.9270703,1.8570703,1.7970703,1.7070704,1.5870703,1.4570704,1.3270704,1.1970704,1.0670704,0.9470703,0.8570703,0.7670703,0.6670703,0.5570703,0.4670703,0.4070703,0.3870703,0.36707032,0.4170703,0.4970703,0.5870703,0.6670703,0.72707033,0.7570703,0.78707033,0.7470703,0.6970703,0.6370703,0.5470703,0.4370703,0.3170703,0.19707032,0.07707031,-0.03292969,-0.122929685,-0.21292968,-0.2829297,-0.3729297
2.3970704,2.4470704,2.4970703,2.5270703,2.5370703,2.5370703,2.5370703,2.5270703,2.5070703,2.4870703,2.4670703,2.4570704,2.4270704,2.3870704,2.3370702,2.2870703,2.2370703,2.1970704,2.1670704,2.1470704,2.1370704,2.1370704,2.1270704,2.0870702,2.0370703,1.9570704,1.8570703,1.7670703,1.6770703,1.5770704,1.4870703,1.4070703,1.3270704,1.2470703,1.1470703,1.0370703,0.90707034,0.7670703,0.65707034,0.5670703,0.5070703,0.4370703,0.3470703,0.2370703,0.14707032,0.047070313,-0.03292969,-0.14292969,-0.2829297,-0.4429297,-0.6129297,-0.78292966,-0.9229297,-1.0329297,-1.1129297,-1.1829296,-1.2529297,-1.2929296
2.4770703,2.4370704,2.3470702,2.2570703,2.1470704,2.0970702,2.0870702,2.1070702,2.0870702,2.0670702,2.0570703,2.0670702,2.0770702,2.0570703,2.0170703,1.9870703,1.9670703,1.9670703,2.0070703,2.0070703,1.9470704,1.7970703,1.6370703,1.4770703,1.3670703,1.2870703,1.2170703,1.1570703,1.1070703,1.0370703,0.9570703,0.8770703,0.7970703,0.7470703,0.7070703,0.6670703,0.6170703,0.5470703,0.5070703,0.5270703,0.48707032,0.39707032,0.19707032,-0.07292969,-0.3429297,-0.6029297,-0.8129297,-0.9429297,-1.0629296,-1.1229297,-1.1429297,-1.1629297,-1.1729296,-1.2029297,-1.2529297,-1.3329297,-1.4029297,-1.4529297
1.7170703,1.5770704,1.5070703,1.5070703,1.5170703,1.5370703,1.6270703,1.7070704,1.7370703,1.7470703,1.7070704,1.6370703,1.5670704,1.5070703,1.5070703,1.5470703,1.5470703,1.4970703,1.3870703,1.2570703,1.1770703,1.1270703,1.0770704,0.9870703,0.8970703,0.8270703,0.7570703,0.6870703,0.6070703,0.5470703,0.5070703,0.4670703,0.4470703,0.4370703,0.42707032,0.33707032,0.15707031,-0.11292969,-0.3329297,-0.5129297,-0.6829297,-0.8229297,-0.96292967,-1.0429296,-1.1029297,-1.1629297,-1.2429297,-1.2529297,-1.3129296,-1.4729297,-1.8629297,-2.2729297,-2.5529296,-2.6429298,-2.8329296,-2.8829298,-2.6729298,-2.4529297
1.0370703,1.0370703,1.0170703,0.97707033,0.9170703,0.8870703,0.8870703,0.96707034,0.9870703,0.9270703,0.8770703,0.8370703,0.78707033,0.7670703,0.7670703,0.78707033,0.7670703,0.78707033,0.7970703,0.7470703,0.6170703,0.5070703,0.4470703,0.33707032,0.2370703,0.07707031,-0.042929687,-0.11292969,-0.11292969,-0.122929685,-0.2829297,-0.38292968,-0.52292967,-0.71292967,-0.8129297,-0.8629297,-0.8729297,-0.84292966,-0.7329297,-0.7229297,-0.96292967,-1.3129296,-1.3629297,-1.4729297,-1.8129296,-2.2729297,-2.5929296,-2.7729297,-2.6529298,-2.7929296,-2.8129296,-2.7729297,-2.8529296,-2.5329297,-1.8729297,-1.4329296,-1.1329297,-0.8229297
0.5670703,0.65707034,0.78707033,0.8170703,0.7970703,0.7770703,0.6870703,0.6170703,0.5570703,0.53707033,0.5270703,0.53707033,0.5070703,0.4370703,0.3870703,0.35707033,0.3170703,0.26707032,0.2570703,0.24707031,0.16707031,0.10707031,0.05707031,-0.022929687,-0.13292968,-0.29292968,-0.41292968,-0.5029297,-0.6729297,-0.9529297,-1.1529297,-1.3529297,-1.6129297,-2.3529296,-3.3429296,-2.7629297,-2.3729296,-2.9329298,-2.9629297,-2.5629296,-2.5829296,-3.1129296,-2.8229296,-2.2829297,-2.3529296,-2.3729296,-2.3829298,-2.4629297,-2.5729296,-2.4129298,-2.2229297,-2.1829298,-2.1129296,-2.0029297,-1.8729297,-1.8529297,-1.7829297,-1.7529297
0.33707032,0.3170703,0.3470703,0.3770703,0.2870703,0.2070703,0.10707031,0.027070312,0.027070312,0.05707031,0.087070316,0.087070316,0.017070312,-0.0029296875,0.11707031,0.18707031,0.24707031,0.2770703,0.2570703,0.22707032,0.17707032,0.087070316,0.027070312,-0.10292969,-0.1529297,-0.39292967,-0.8229297,-1.0729297,-1.2229297,-1.2329297,-1.2729297,-1.4929297,-1.8229297,-2.3329296,-2.8529296,-2.5129297,-1.9529297,-1.9129297,-1.9329296,-1.9129297,-1.8429297,-1.9529297,-2.0329297,-2.0529296,-2.0729296,-2.1129296,-2.1629298,-2.1229296,-2.0629296,-2.0329297,-2.0429296,-2.0429296,-2.0229297,-1.9329296,-1.8529297,-1.7729297,-1.7129297,-1.6829296
0.10707031,0.07707031,-0.022929687,-0.19292969,-0.3029297,-0.4429297,-0.6429297,-0.65292966,-0.6129297,-0.7029297,-0.8029297,-0.6829297,-0.5429297,-0.5429297,-0.5629297,-0.6729297,-0.5829297,-0.48292968,-0.42292967,-0.39292967,-0.3729297,-0.3029297,-0.17292969,-0.10292969,-0.03292969,0.05707031,0.17707032,0.18707031,0.2070703,0.16707031,0.097070314,-0.012929687,-0.13292968,-0.26292968,-0.41292968,-0.53292966,-0.65292966,-0.9329297,-1.1429297,-1.3229297,-1.4629297,-1.5229297,-1.5829297,-1.6429297,-1.7029297,-1.7229297,-1.7029297,-1.6929297,-1.7329297,-1.7329297,-1.6729296,-1.5729297,-1.4529297,-1.6429297,-1.9229296,-2.0629296,-2.2229297,-2.2629297
0.16707031,0.2770703,0.3470703,0.39707032,0.2370703,-0.09292969,-0.48292968,-0.6929297,-0.6829297,-0.65292966,-0.7529297,-0.8829297,-1.1129297,-1.0729297,-0.8129297,-1.0529296,-1.1629297,-1.1129297,-1.2129297,-1.3229297,-1.2029297,-0.9829297,-0.77292967,-0.4929297,-0.24292968,-0.0029296875,0.05707031,0.087070316,0.07707031,-0.042929687,-0.1529297,-0.10292969,0.0070703123,-0.0029296875,-0.11292969,-0.26292968,-0.3729297,-0.4729297,-0.5729297,-0.6829297,-0.7429297,-0.77292967,-0.77292967,-0.7229297,-0.6629297,-0.6229297,-0.6029297,-0.5429297,-0.5029297,-0.5729297,-0.8029297,-1.0729297,-1.2829297,-1.2029297,-1.0429296,-1.1729296,-1.6529297,-1.9429297
-1.0129297,-0.6829297,-0.3129297,-0.14292969,-0.122929685,-0.21292968,-0.26292968,-0.39292967,-0.59292966,-0.7529297,-0.9129297,-1.1729296,-1.1729296,-1.1929297,-1.1929297,-1.1929297,-1.2629297,-1.2729297,-1.3029296,-1.1429297,-1.0729297,-0.9929297,-0.84292966,-0.5529297,-0.42292967,-0.53292966,-0.5429297,-0.20292969,0.11707031,0.3470703,0.6070703,0.7670703,0.96707034,1.0370703,0.9570703,0.90707034,0.8270703,0.78707033,0.6970703,0.6170703,0.4770703,0.22707032,-0.012929687,-0.21292968,-0.29292968,-0.11292969,0.05707031,0.3470703,0.6970703,0.7670703,0.6770703,0.72707033,0.6870703,0.7670703,1.0270703,0.9970703,0.4970703,-0.082929686
-1.7729297,-0.9529297,-1.0329297,-1.3729297,-1.2629297,-1.1129297,-0.9429297,-0.8529297,-0.8529297,-0.8229297,-0.6729297,-0.71292967,-0.7629297,-0.78292966,-0.7529297,-0.7629297,-0.8929297,-1.0829297,-1.2729297,-1.4129297,-1.3629297,-1.2929296,-1.2329297,-1.1029297,-1.0729297,-1.1129297,-0.9829297,-0.71292967,-0.3129297,-0.10292969,-0.012929687,0.2570703,0.48707032,0.8070703,0.9470703,1.0170703,1.0070703,0.8770703,0.8270703,0.7770703,0.72707033,0.6670703,0.6870703,0.84707034,1.0970703,1.1970704,1.1670703,1.1870704,1.5170703,1.8970703,2.2870703,2.4870703,2.7570703,3.2470703,3.0470703,3.0770702,3.0270703,2.8370702
-0.9529297,-0.8729297,-0.7929297,-0.78292966,-0.6229297,-0.6029297,-0.71292967,-0.7329297,-0.7329297,-0.77292967,-0.8229297,-0.9729297,-1.0829297,-1.1929297,-1.3429297,-1.4729297,-1.5429296,-1.5529296,-1.5629296,-1.5929297,-1.6329297,-1.6329297,-1.6929297,-1.6929297,-1.6029297,-1.6029297,-1.5929297,-1.4929297,-1.3129296,-1.0929297,-0.8329297,-0.52292967,-0.1829297,0.03707031,0.4070703,0.7770703,1.0270703,1.1070703,1.1370703,1.1770703,1.2170703,1.3270704,1.2370703,1.2870703,1.5170703,1.8470703,1.9570704,2.0970702,2.3870704,2.5870702,2.7670703,3.1370704,3.5370703,3.7970703,4.21707,4.5170703,4.6070704,4.7270703
-2.4929297,-2.6529298,-2.5429296,-2.4829297,-2.3929298,-2.1029296,-1.8329297,-1.6729296,-1.5029297,-1.2729297,-1.1329297,-1.0629296,-1.0429296,-1.0429296,-1.0729297,-1.0729297,-1.1529297,-1.4929297,-1.7129297,-1.8029296,-2.1929297,-2.4129298,-2.5629296,-2.6529298,-2.6529298,-2.5229297,-2.4729297,-2.3729296,-2.4629297,-2.3529296,-2.2329297,-2.0629296,-1.7029297,-1.2129297,-0.52292967,0.11707031,0.6970703,1.1570703,1.5770704,1.8770703,2.1170702,2.3470702,2.4070704,2.2970703,2.2770703,2.3170702,2.2970703,2.1570704,1.9570704,1.9670703,2.1470704,2.2270703,2.0770702,2.3570702,3.1770704,4.38707,4.8770704,5.0570703
-2.6029296,-2.5829296,-2.8029296,-3.0029297,-3.0029297,-2.9229298,-2.8029296,-2.6229296,-2.4629297,-2.2729297,-2.2729297,-2.3229296,-2.4029298,-2.4429297,-2.5829296,-2.5529296,-2.5829296,-2.5829296,-2.5729296,-2.7229297,-2.9629297,-3.1229296,-3.1729298,-3.1829298,-3.2029297,-3.2929296,-3.2629297,-3.3529296,-3.3229296,-3.5329297,-3.5229297,-3.3829298,-3.2929296,-3.0929296,-2.9429297,-2.7829297,-2.5129297,-2.4429297,-2.2929296,-2.1629298,-1.7629297,-1.0029297,-0.06292969,0.53707033,0.71707034,0.5870703,0.35707033,0.5570703,0.5670703,0.4770703,0.5770703,0.5670703,0.39707032,0.90707034,1.6570703,2.3170702,2.4970703,3.1170702
-2.0429296,-2.0229297,-2.1429298,-2.2929296,-2.3929298,-2.7829297,-2.8129296,-2.7729297,-2.6729298,-2.4729297,-1.9729297,-2.1429298,-2.2329297,-2.1529298,-2.2629297,-2.1829298,-2.1129296,-2.4129298,-2.9129298,-2.9729297,-3.9329298,-4.2729297,-4.07293,-4.5829296,-4.92293,-5.2029295,-5.3929296,-5.6429296,-5.7229295,-5.57293,-5.4529295,-5.4929295,-5.2129297,-4.9929295,-4.61293,-4.05293,-3.9929297,-3.6729298,-3.1529298,-2.9329298,-2.5729296,-2.2229297,-2.0429296,-2.1129296,-1.9329296,-1.4029297,-0.41292968,0.4670703,0.4770703,0.5870703,1.0770704,1.0370703,1.2470703,1.2070704,1.0970703,1.1770703,1.4770703,1.8270704
-1.6229297,-1.8229297,-2.0229297,-2.3829298,-2.8329296,-3.0429296,-3.0429296,-2.6929297,-2.4029298,-2.7929296,-2.8429296,-2.8929298,-2.4929297,-2.4529297,-2.0629296,-1.8929297,-3.4329298,-5.2329297,-4.9529295,-4.65293,-6.32293,-6.7529297,-7.88293,-8.25293,-8.232929,-8.50293,-7.4529295,-5.5029297,-5.4329295,-5.76293,-5.9729295,-5.7429295,-5.0229297,-5.0229297,-5.3729296,-5.7729297,-5.63293,-5.30293,-4.8729296,-4.3929296,-4.09293,-3.6529298,-3.4429297,-3.1629298,-2.9729297,-2.6629298,-2.3829298,-2.3529296,-1.3129296,-0.38292968,0.06707031,0.4370703,0.96707034,1.9670703,2.6570704,2.9470704,3.0570703,3.1370704
-1.3629297,-1.0829297,-1.2629297,-2.0629296,-1.9529297,-1.9829297,-0.7329297,-0.78292966,-0.71292967,-0.29292968,-3.4229298,-4.2929296,-4.6629295,-4.38293,-3.9729297,-4.09293,-4.8929296,-5.59293,-6.11293,-5.86293,-5.4729295,-5.6929297,-6.0829296,-6.0629296,-6.6029296,-7.82293,-8.60293,-8.112929,-7.1229296,-6.05293,-6.09293,-6.6229296,-6.9529295,-6.09293,-5.92293,-5.9729295,-6.2429295,-6.4929295,-6.88293,-7.4329295,-6.6229296,-5.6829295,-5.26293,-5.01293,-4.7129297,-4.3529296,-3.9929297,-4.09293,-3.1429298,-2.8829298,-2.4029298,-2.0529296,-0.2829297,0.18707031,0.9170703,1.7470703,2.7870703,3.7770703
-0.24292968,1.0170703,1.8470703,2.0370703,2.4470704,2.0670702,1.8370703,0.8570703,-0.022929687,-0.7429297,-1.6329297,-2.1229296,-3.8529296,-5.03293,-5.7929296,-6.59293,-6.4929295,-5.59293,-5.7129297,-5.6829295,-5.4429297,-5.7029295,-5.26293,-5.05293,-3.0829296,-3.0529296,-4.0829296,-6.28293,-4.2429295,-4.36293,-5.2129297,-5.57293,-6.0229297,-5.17293,-4.7029295,-5.13293,-5.7429295,-5.6029296,-5.4429297,-6.7929296,-7.78293,-8.56293,-6.76293,-6.4629297,-8.00293,-8.56293,-8.9529295,-7.4729295,-6.8129296,-6.38293,-5.78293,-4.90293,-4.4629297,-3.5029297,-2.5229297,-1.0129297,-0.1829297,1.7070704
0.17707032,-0.2729297,0.3170703,1.0070703,-0.21292968,-0.5529297,1.9470704,2.6770704,2.6570704,2.0570703,1.4370704,0.4770703,-0.7929297,-2.4529297,-4.13293,-4.2029295,-5.09293,-5.7129297,-5.61293,-6.32293,-6.1229296,-4.82293,-2.8829298,-1.0629296,-1.5829297,-2.0929296,-2.6529298,-2.2629297,-1.8129296,-1.0829297,-0.8829297,-1.5629296,-1.2529297,-1.9429297,-1.2229297,-1.3229297,-1.8629297,-1.0629296,-1.3929297,-1.8429297,-1.2729297,-0.8029297,-0.2829297,0.7570703,-0.4729297,0.26707032,-0.03292969,0.05707031,-0.24292968,-3.8529296,-4.8529296,-3.6929297,-3.8329296,-4.3929296,-3.1529298,-2.5229297,-1.0329297,-0.4029297
-0.3129297,-0.3329297,-0.3729297,-1.3429297,-0.8129297,0.7470703,0.9570703,0.18707031,1.9570704,3.3470702,3.3470702,3.3470702,1.5670704,-0.3329297,-1.2229297,-2.8329296,-3.6829298,-3.8829298,-3.7129297,-2.2329297,-3.8429296,-2.0729296,-1.2429297,-1.6929297,-2.8029296,-2.2229297,-3.3229296,-0.5629297,-1.6129297,-1.4729297,-1.5629296,-1.5629296,-1.9929297,-0.7429297,-0.9429297,-1.6829296,-0.84292966,-1.5229297,-0.8929297,-0.9729297,-1.7029297,-1.6529297,-1.6529297,-1.1729296,-3.3929298,-0.90292966,-3.2029297,-2.8529296,-2.1729298,-1.1629297,1.1970704,-0.8629297,-0.9729297,-2.5329297,-1.5429296,-1.5529296,-1.3429297,-1.2229297
2.0970702,0.7670703,0.4670703,-0.65292966,-1.4029297,-1.1429297,-1.5529296,-0.9729297,-0.32292968,1.8470703,2.1870704,4.7470703,4.5670705,3.0670702,1.8070703,-0.3029297,-0.8029297,-1.5629296,-1.1729296,-1.0529296,-0.8229297,-2.3829298,-4.6029296,-3.1429298,-4.61293,-2.6629298,-2.1229296,-1.8429297,-2.1229296,-1.9429297,-3.1029296,-1.9429297,-1.5429296,-1.8129296,-1.9129297,-2.4329298,-3.0329297,-1.4529297,-0.7229297,-1.0529296,-2.6529298,-2.9529297,-2.6529298,-2.2229297,-1.9629297,-1.8329297,-1.6129297,-1.2729297,-1.0129297,-2.4129298,-1.3229297,-0.6329297,-2.2629297,-3.3529296,-3.3729296,-1.5729297,-1.7029297,-2.0529296
1.1470703,-0.1529297,-4.6629295,-0.4629297,-1.3229297,-0.7029297,0.4170703,-3.1629298,-1.2229297,-1.3029296,0.8270703,1.6270703,0.8970703,2.3470702,1.1570703,2.1370704,2.9470704,1.7170703,-1.2629297,-2.7629297,-1.2729297,-1.6029297,-0.3629297,-1.4129297,-6.7129297,-4.92293,-3.1229296,-1.7129297,-1.2129297,-2.5129297,-2.8429296,-1.2529297,-2.9129298,-1.5329297,-2.1229296,-1.9529297,-1.3529297,-1.1529297,-1.8129296,-0.39292967,-1.2429297,-1.2029297,-2.5329297,-2.1829298,-1.6229297,-2.1329298,-1.3129296,-0.32292968,0.0070703123,-1.8829297,-1.7329297,-0.9329297,0.16707031,-0.7629297,-1.6929297,-2.4429297,-0.9129297,-1.4029297
2.4170704,0.18707031,-1.8929297,-0.90292966,0.2570703,-1.1029297,-1.3429297,-2.9929297,-2.3329296,-1.8629297,-1.7229297,-0.23292969,-0.4029297,2.2070704,5.38707,5.11707,-0.26292968,0.0070703123,-0.8529297,-3.9129298,-2.2929296,-0.65292966,-1.6529297,-2.4429297,-0.9729297,-2.7229297,-7.8529296,-4.4129295,-1.4629297,-3.8229296,-2.0529296,-1.3929297,-1.0029297,-0.84292966,-1.1829296,-1.9629297,-1.8929297,-1.0029297,-1.5229297,-1.4229296,-1.5329297,-1.8229297,-1.5029297,-0.6129297,-1.1929297,-1.8629297,-1.6229297,-1.0729297,-1.7029297,-0.5029297,-0.8229297,0.12707031,-2.0229297,-0.6229297,1.1470703,-0.5829297,0.8370703,1.0270703
