json-data/2022072312.json
{"header": {"discipline":0,"disciplineName":"Meteorological products","gribEdition":2,"gribLength":79067,"center":7,"centerName":"US National Weather Service - NCEP(WMC)","subcenter":0,"refTime":"2022-07-23T12:00:00.000Z","significanceOfRT":1,"significanceOfRTName":"Start of forecast","productStatus":0,"productStatusName":"Operational products","productType":1,"productTypeName":"Forecast products","productDefinitionTemplate":0,"productDefinitionTemplateName":"Analysis/forecast at horizontal level/layer at a point in time","parameterCategory":2,"parameterCategoryName":"Momentum","parameterNumber":2,"parameterNumberName":"U-component_of_wind","parameterUnit":"m.s-1","genProcessType":2,"genProcessTypeName":"Forecast","forecastTime":0,"surface1Type":103,"surface1TypeName":"Specified height level above ground","surface1Value":10.0,"surface2Type":255,"surface2TypeName":"Missing","surface2Value":0.0,"gridDefinitionTemplate":0,"gridDefinitionTemplateName":"Latitude_Longitude","numberPoints":65160,"shape":6,"shapeName":"Earth spherical with radius of 6,371,229.0 m","gridUnits":"degrees","resolution":48,"winds":"true","scanMode":0,"nx":360,"ny":181,"basicAngle":0,"lo1":0.0,"la1":90.0,"lo2":359.0,"la2":-90.0,"dx":1.0,"dy":1.0}, "data":
[rows 78 to 103 of 181, columns 232 to 289 of 360]
1.9136792,3.443679,2.8936791,-0.0963208,-3.0263207,-2.1063209,-3.7063208,-4.396321,-4.5163207,-4.876321,-4.7663207,-4.506321,-3.546321,-2.6463208,-2.0263207,-0.8163208,0.2136792,0.5336792,0.7436792,-0.2463208,-1.5163208,-1.9263208,-1.6363208,-0.7963208,0.2636792,1.3636792,2.3636792,-2.316321,-3.4563208,-2.4063208,-1.7463208,-2.3363209,-2.1263208,-3.1663208,-4.9063206,-8.016321,-7.8463206,-6.1363206,-4.426321,-5.7863207,-2.8363209,-4.316321,-1.2163208,-2.5263207,0.1136792,-8.256321,-8.406321,-9.31632,-9.446321,-9.086321,-9.016321,-10.10632,-12.706321,-12.296321,-11.336321,-7.4063206,-7.776321,-8.346321
6.1736794,4.6536794,3.5136793,2.693679,-0.4563208,-0.4763208,-2.4563208,-3.5863209,-4.0963206,-3.5963209,-3.326321,-3.1263208,-3.4363208,-2.7163208,-1.8463207,-0.5663208,1.1136792,1.7136792,1.3536792,-0.3463208,-0.8163208,-1.8163208,0.3236792,0.6836792,0.2136792,1.8336792,2.6236792,2.2636793,1.1736792,0.4836792,-1.4563208,-3.1363208,-2.8563209,-3.796321,-3.9563208,-4.666321,-5.546321,-8.446321,-10.586321,-8.9863205,-8.626321,-8.06632,-8.02632,-0.6663208,0.1936792,-2.4563208,-5.0763206,-6.6163206,-7.946321,-7.676321,-7.816321,-7.736321,-11.286321,-4.956321,-1.1063209,-0.3763208,-1.2763208,-4.836321
4.5936794,4.293679,3.9736793,1.8336792,0.6036792,0.7536792,0.3636792,1.9836792,1.0636792,0.2336792,1.0836792,2.0536792,3.0236793,3.3036792,3.7136793,3.5036793,3.2736793,4.543679,3.673679,4.043679,3.6436791,1.0936792,2.8836792,4.323679,2.6436791,2.4736793,3.1236792,3.8936791,4.4036794,3.0236793,1.7336792,0.8836792,-2.2163208,-2.3663208,-2.1563208,-2.6563208,-1.4863209,-3.296321,-1.4563208,-3.1763208,-5.436321,-5.2663207,-3.7163208,0.4036792,-1.6163208,1.3936791,-0.9363208,-1.2363209,-2.2663207,-0.4463208,-0.3263208,-1.4363208,4.353679,-0.5963208,-2.076321,-2.296321,0.5536792,-1.0963207
3.193679,2.4636793,2.673679,1.7136792,1.0736792,0.6236792,0.6136792,3.9036791,4.5236793,2.953679,3.683679,3.203679,4.953679,4.263679,5.1536794,4.183679,3.7636793,4.323679,6.013679,5.9436793,6.0036793,5.283679,5.373679,5.6136794,4.413679,3.173679,2.9736793,3.6036792,4.6936793,4.433679,3.8436792,4.9036794,3.6536791,1.2336792,-0.5463208,1.2336792,1.6036792,0.5636792,-0.4863208,-2.0363207,-0.0263208,-2.8663208,0.2036792,2.183679,-1.0663208,-0.9463208,1.1236792,1.6336792,0.2736792,-1.3663208,0.1436792,2.2936792,2.2436793,1.6836792,0.4536792,0.5836792,0.47367918,-0.2263208
1.2736793,1.1736792,1.4336792,0.1736792,0.9836792,1.9836792,3.2636793,4.643679,4.683679,5.033679,4.6536794,3.5636792,4.0936794,3.8436792,4.313679,4.263679,3.5536792,4.6736794,4.623679,4.8436794,4.6336794,4.6536794,4.2736793,6.083679,5.953679,5.623679,4.283679,4.073679,4.893679,6.053679,5.513679,5.623679,5.163679,3.4036791,4.0236793,4.353679,4.1336794,2.433679,2.693679,2.3636792,0.1336792,2.9036791,2.193679,3.0536792,2.7936792,2.2736793,0.6436792,0.7036792,4.953679,-1.0463208,-0.3463208,0.4136792,0.4536792,-0.3763208,0.5436792,-0.9863208,-0.9663208,0.6836792
0.6836792,0.1136792,0.023679199,0.3536792,0.8236792,2.673679,3.1436791,1.7936792,2.4636793,2.4136791,1.8436792,2.0536792,3.3136792,3.8436792,3.4736793,3.3836792,2.8736792,2.5536792,3.2536793,3.0536792,3.6236792,4.4036794,3.9836793,4.973679,5.8836794,5.723679,4.543679,3.8136792,4.3636794,4.7136793,4.9436793,5.913679,5.643679,5.373679,5.643679,5.013679,4.8636794,3.6236792,3.9936793,4.1336794,4.083679,3.6536791,3.5336792,4.1336794,3.5336792,5.0036793,3.4636793,2.3036792,4.4636793,1.7436792,-1.6663208,-0.3963208,-0.27632082,0.8836792,0.7136792,-0.6963208,1.4936792,0.3936792
-1.4063208,-0.8563208,-0.8563208,-1.0863208,1.0036792,0.9336792,0.5836792,0.2036792,0.9236792,0.5236792,0.9336792,1.2236792,1.5936792,2.0236793,1.6836792,2.173679,1.7336792,1.6436791,2.2836792,1.8836792,3.0236793,2.9836793,3.1336792,3.5936792,3.9736793,3.9936793,3.0936792,2.2136793,3.2136793,3.693679,4.4436793,4.833679,4.563679,4.413679,4.723679,4.8436794,4.563679,4.913679,5.083679,5.053679,4.893679,4.9436793,4.6136794,4.643679,4.6736794,5.813679,4.033679,3.5136793,3.8836792,2.933679,-0.3563208,0.0736792,-0.2963208,0.9136792,-0.9063208,-0.1363208,1.5536792,-0.4863208
-2.4563208,-2.7163208,-1.9063208,-0.8663208,-0.9463208,-0.5563208,-1.0363208,-0.6063208,-0.3763208,-0.0663208,-0.1763208,-0.4163208,0.3336792,0.2736792,0.9036792,0.9536792,1.4436792,0.7836792,1.2636791,1.0736792,1.8836792,1.8736792,1.6936792,2.4836793,2.6036792,2.0736792,1.5336792,1.3136792,2.5736792,3.5136793,3.5036793,3.5236793,2.6036792,3.2136793,4.143679,3.923679,3.8336792,4.4436793,4.703679,4.823679,4.183679,4.933679,4.553679,4.7336793,4.2136793,5.083679,5.123679,4.543679,4.183679,4.373679,1.8036792,-0.1363208,-0.1063208,0.9836792,-1.0663208,0.5536792,-0.8263208,-1.1463208
-3.816321,-3.3963208,-2.7763207,-2.3463209,-1.8863208,-1.8963208,-2.1063209,-1.8463207,-1.5863208,-0.9663208,-1.8063208,-1.7263207,-1.5863208,-1.2963208,-0.5063208,0.6336792,0.7236792,-0.2663208,-0.0063208006,0.2936792,0.4636792,0.7636792,0.7736792,0.9436792,0.7036792,1.0736792,0.2636792,1.4936792,2.2336793,2.1136792,1.2936792,0.5836792,1.9136792,2.6636791,3.2736793,3.1436791,2.693679,3.3236792,3.5136793,3.7236793,4.123679,3.8736792,4.4036794,4.0036793,4.123679,4.833679,5.413679,4.203679,4.1736794,4.663679,3.0036793,-0.2663208,-0.5963208,0.4236792,0.3936792,0.8036792,-0.5563208,-0.6163208
-4.1163206,-3.7763207,-3.4763207,-3.4463208,-3.1363208,-3.1263208,-2.9763207,-2.2063208,-2.2263207,-1.8363208,-2.0163207,-2.8863208,-2.1763208,-1.9963208,-1.3863208,-1.2363209,0.2536792,-0.0063208006,-0.5663208,-0.4163208,-0.5663208,0.6236792,0.1636792,0.3336792,0.5136792,-0.8163208,0.5636792,-0.0263208,0.1736792,0.15367919,-0.3463208,0.1836792,0.6636792,1.5936792,1.7936792,1.5936792,2.5736792,2.7336793,2.7536793,2.2336793,2.6436791,2.5036793,3.5836792,3.3036792,3.8536792,4.053679,3.9836793,4.2336793,4.2336793,3.7136793,0.7636792,-0.4163208,-0.9363208,-0.5763208,-0.2463208,0.2736792,-0.1863208,0.1236792
-4.9763207,-4.7663207,-4.716321,-4.446321,-4.376321,-4.2463207,-3.5863209,-2.9563208,-3.1063209,-3.0963209,-2.8463209,-3.6263208,-3.0063207,-2.316321,-2.2263207,-1.6263208,-0.6663208,-1.1763208,-1.2563208,-1.6163208,-1.2863208,-0.2363208,-0.8363208,-0.6763208,-1.0363208,-0.2963208,-1.0763208,-0.8963208,-0.3563208,-0.9363208,-0.7763208,-0.9963208,-0.2563208,0.4536792,0.1636792,0.4436792,1.1636792,0.0336792,-0.3763208,0.0836792,1.6836792,2.0836792,2.3936791,2.7536793,2.5836792,3.0836792,2.8236792,3.3136792,3.0836792,2.4836793,-0.1063208,-0.5863208,1.1336792,0.15367919,-0.0263208,0.3936792,0.3936792,0.2036792
-5.606321,-4.7863207,-4.356321,-4.676321,-5.006321,-4.646321,-4.6363206,-3.5063207,-3.4863207,-3.1063209,-3.7263207,-3.5963209,-2.4563208,-3.8563209,-2.4163208,-1.9963208,-1.8563209,-2.1663208,-2.806321,-2.7063208,-1.2963208,-1.6963208,-1.8663208,-1.1463208,-1.7363209,-2.1763208,-1.8663208,-2.1263208,-1.7163208,-1.5763208,-1.9563208,-2.5263207,-1.6563208,-1.3963208,-1.3563209,-1.1963208,0.2636792,0.1336792,-0.8663208,-0.4063208,0.1336792,0.5436792,0.6336792,1.0036792,1.6736792,2.3936791,2.173679,2.5036793,1.9236792,0.2736792,-0.7863208,0.6536792,0.063679196,-0.8963208,-0.1763208,0.2536792,0.3136792,0.4636792
-5.5763206,-5.166321,-4.626321,-4.486321,-4.626321,-4.356321,-4.7463207,-4.586321,-3.5263207,-3.7863207,-4.0363207,-3.9463208,-2.9263208,-4.146321,-2.9663208,-2.2863207,-1.8463207,-3.1363208,-2.6363208,-2.9063208,-2.826321,-3.076321,-2.3563209,-2.5263207,-2.6063209,-2.7763207,-3.1863208,-2.9663208,-2.4063208,-2.3863208,-2.826321,-3.566321,-3.6563208,-2.046321,-2.6763208,-3.0363207,-1.1463208,-2.6263208,-1.5363208,-0.6963208,-0.6863208,-0.5063208,-0.7063208,0.1436792,0.6636792,0.9936792,1.1536793,1.7536792,-0.1863208,0.6336792,-1.8763208,0.2936792,0.1636792,-0.5663208,0.15367919,0.3136792,0.2236792,0.1936792
-5.6563206,-4.2863207,-4.896321,-5.336321,-5.1163206,-5.1363206,-4.486321,-3.9263208,-3.8463209,-4.5363207,-2.8663208,-3.4963207,-4.0963206,-2.9263208,-3.7463207,-3.1363208,-2.3963208,-3.7363207,-4.106321,-3.1963208,-3.7063208,-3.8763208,-3.1663208,-4.5563207,-3.8663208,-3.796321,-4.026321,-3.6163208,-3.3963208,-2.2563207,-2.6363208,-3.2463207,-5.186321,-3.2863207,-3.0163207,-3.4563208,-4.3263206,-0.8963208,-2.4563208,-1.2263207,-1.3963208,-1.7863208,-1.5563208,-1.0663208,0.47367918,0.6836792,1.4236792,2.1136792,-0.0163208,-2.1663208,1.3336792,0.1836792,0.15367919,-0.2563208,-0.4663208,-0.3363208,0.3936792,0.3736792
-5.646321,-5.426321,-5.4763207,-5.896321,-5.416321,-5.176321,-4.256321,-2.3663208,-3.2463207,-5.916321,-4.6563206,-4.0963206,-5.176321,-2.9163208,-3.9363208,-3.2263207,-3.326321,-5.0563207,-3.8763208,-3.9963207,-4.736321,-4.176321,-3.7063208,-5.586321,-4.456321,-5.0163207,-3.546321,-4.506321,-3.9663208,-3.2463207,-3.8363209,-2.9163208,-4.676321,-4.376321,-4.046321,-3.326321,-4.066321,-3.7563207,-3.316321,-2.8763208,-2.6363208,-2.5363207,-2.3863208,-1.4863209,-0.2863208,0.7536792,2.2836792,2.2536793,0.9936792,-1.4863209,1.0036792,0.2936792,0.2736792,-0.1363208,-0.1763208,-0.5163208,0.0736792,0.1736792
-5.256321,-5.526321,-5.8263206,-5.676321,-5.796321,-5.0163207,-3.9163208,-2.1763208,-3.4863207,-7.426321,-6.0563207,-4.946321,-6.2663207,-4.006321,-3.5363207,-4.5563207,-4.486321,-3.9763207,-4.7863207,-5.256321,-5.1563206,-6.6363206,-4.986321,-5.1363206,-5.626321,-5.3663206,-5.3863206,-5.356321,-3.296321,-4.236321,-4.9063206,-3.9563208,-4.4763207,-5.1163206,-4.7263207,-4.5163207,-3.6563208,-4.1363206,-4.026321,-3.9663208,-3.076321,-2.826321,-3.1063209,-2.2763207,-1.0263208,-0.0363208,1.0636792,4.123679,3.3436792,-0.5963208,1.3336792,0.4236792,-0.0163208,0.023679199,-0.3063208,-0.0263208,0.2636792,0.053679198
-5.796321,-5.5563207,-4.896321,-5.0163207,-6.8863206,-4.8063207,-2.1763208,-3.7663207,-4.8463206,-6.426321,-5.9763207,-4.586321,-6.666321,-5.206321,-4.3063207,-3.8763208,-4.676321,-6.106321,-5.7263207,-5.646321,-5.986321,-6.9063206,-6.316321,-6.896321,-5.5163207,-6.3063207,-5.676321,-5.736321,-4.646321,-5.6563206,-4.5163207,-4.936321,-5.3263206,-4.796321,-5.9063206,-5.026321,-4.3663206,-5.006321,-4.3063207,-4.5963206,-3.7063208,-3.1263208,-3.4163208,-2.7663207,-2.2363207,-1.0163208,-0.0263208,0.9436792,-0.2463208,0.6936792,1.0836792,0.4636792,-0.0063208006,-0.0963208,0.023679199,-0.1063208,0.2336792,0.1236792
-6.276321,-5.676321,-5.736321,-5.256321,-6.5563207,-5.5763206,-2.7163208,-3.566321,-4.836321,-5.5963206,-4.6363206,-6.426321,-3.8363209,-4.916321,-5.5763206,-5.1563206,-6.376321,-6.9963207,-5.916321,-7.686321,-6.966321,-6.716321,-6.706321,-6.756321,-7.0963206,-6.526321,-5.6163206,-5.696321,-5.6363206,-5.146321,-5.066321,-5.2263207,-5.6563206,-5.196321,-5.686321,-5.3863206,-5.3263206,-4.936321,-4.956321,-4.3863206,-4.546321,-4.026321,-3.5263207,-3.2163208,-2.7063208,-2.0363207,-2.2463207,-2.2363207,-0.5963208,-0.2663208,0.053679198,0.0836792,0.0336792,-0.0763208,0.2336792,-0.1563208,0.4136792,-0.3063208
-5.256321,-6.4063206,-5.7463207,-6.026321,-5.506321,-5.7663207,-3.3463209,-3.8463209,-5.006321,-4.926321,-6.3063207,-4.676321,-4.626321,-7.446321,-6.736321,-5.966321,-6.926321,-7.5363207,-7.5963206,-7.166321,-7.2863207,-6.486321,-6.606321,-7.3663206,-7.5363207,-6.506321,-6.676321,-6.956321,-6.436321,-6.006321,-5.796321,-5.566321,-5.106321,-5.3863206,-4.856321,-4.816321,-5.5563207,-5.026321,-5.0163207,-5.1163206,-4.896321,-3.8663208,-4.2663207,-3.4363208,-3.296321,-2.7463207,-2.5863209,-1.5863208,0.4936792,1.5936792,-1.4663208,-0.2163208,0.3236792,0.2936792,0.023679199,0.3236792,0.2036792,-0.2563208
-6.706321,-6.3663206,-6.0763206,-5.956321,-5.686321,-6.0363207,-5.6363206,-2.8363209,-3.5063207,-6.316321,-6.1563206,-3.5363207,-6.836321,-8.06632,-6.606321,-6.716321,-6.376321,-7.736321,-7.0563207,-7.466321,-6.856321,-7.0763206,-6.876321,-7.756321,-6.706321,-7.296321,-5.736321,-7.176321,-6.2663207,-6.486321,-6.456321,-6.376321,-5.946321,-5.2863207,-4.3463206,-5.146321,-5.416321,-6.086321,-5.966321,-5.316321,-5.586321,-4.3663206,-4.356321,-3.7863207,-3.1763208,-3.2563207,-2.816321,-2.566321,-0.6463208,-1.9663208,0.2236792,0.9036792,0.7036792,-0.2163208,0.063679196,0.47367918,0.2836792,-0.2063208
-6.046321,-5.9763207,-5.6563206,-5.8663206,-4.706321,-6.606321,-5.0963206,-4.2263207,-3.816321,-5.336321,-4.446321,-6.6563206,-7.146321,-7.066321,-7.586321,-7.4063206,-7.8063207,-8.296321,-7.7663207,-7.5963206,-7.716321,-7.2863207,-7.236321,-8.02632,-7.756321,-7.686321,-6.6363206,-7.2263207,-6.646321,-7.2463207,-7.086321,-6.2863207,-6.4763207,-5.966321,-5.3263206,-5.256321,-5.396321,-5.086321,-5.336321,-5.606321,-5.466321,-5.1163206,-4.5763206,-4.6563206,-3.7163208,-3.066321,-2.4763207,-2.1663208,-0.7563208,0.0936792,-1.4063208,2.3736792,0.3136792,0.1336792,-0.2263208,0.063679196,0.3236792,0.023679199
-6.446321,-5.8863206,-5.956321,-5.896321,-5.926321,-5.426321,-6.186321,-5.066321,-5.446321,-4.466321,-4.816321,-7.146321,-6.8863206,-7.356321,-8.466321,-9.006321,-8.136321,-8.676321,-8.096321,-7.666321,-7.4763207,-7.7863207,-7.426321,-7.0563207,-7.316321,-7.5163207,-7.2463207,-7.1363206,-6.7663207,-7.4063206,-5.9763207,-6.646321,-6.606321,-6.026321,-6.006321,-5.686321,-6.0163207,-5.6563206,-5.466321,-5.256321,-5.6363206,-5.446321,-5.086321,-5.216321,-4.3063207,-3.6263208,-2.9863207,-2.326321,-1.4463208,-0.2863208,-0.8663208,0.0336792,-0.5263208,0.1336792,0.1036792,0.2136792,0.2936792,-0.0063208006
-6.4963207,-5.986321,-6.166321,-7.3863206,-7.3263206,-5.966321,-4.566321,-6.856321,-6.0963206,-3.3763208,-5.926321,-7.626321,-7.506321,-7.486321,-8.89632,-9.02632,-8.366321,-8.476321,-7.716321,-7.506321,-7.6563206,-7.486321,-7.756321,-6.946321,-7.7463207,-7.606321,-7.1363206,-7.6163206,-7.0363207,-6.926321,-6.5963206,-6.586321,-6.716321,-6.566321,-6.436321,-6.046321,-6.336321,-6.146321,-5.856321,-5.7263207,-5.2863207,-6.166321,-5.236321,-4.8463206,-4.706321,-4.686321,-4.196321,-3.056321,-2.2263207,-0.9763208,0.5136792,-0.6563208,1.1536793,-0.1663208,0.1636792,0.4336792,0.3336792,0.3936792
-5.436321,-6.7663207,-6.5563207,-7.3663206,-8.656321,-6.606321,-5.816321,-6.006321,-7.3463206,-4.676321,-5.8863206,-7.236321,-7.0363207,-7.776321,-8.02632,-8.416321,-8.866321,-8.466321,-7.506321,-8.436321,-7.126321,-7.336321,-7.3063207,-8.366321,-7.196321,-8.076321,-7.416321,-8.06632,-7.436321,-7.1563206,-6.7463207,-6.5363207,-7.216321,-7.6363206,-6.686321,-6.486321,-6.3863206,-6.236321,-5.7663207,-5.8863206,-5.956321,-5.676321,-5.396321,-4.676321,-5.7463207,-5.126321,-4.4063206,-3.4163208,-2.5163207,-2.056321,-0.7163208,-1.0863208,1.1636792,0.5036792,1.0136791,0.1836792,0.6536792,0.0836792
-5.146321,-6.946321,-5.836321,-8.27632,-6.586321,-9.176321,-7.176321,-7.4763207,-7.666321,-5.6563206,-6.816321,-7.776321,-7.1163206,-8.006321,-8.02632,-8.89632,-9.416321,-9.176321,-7.876321,-9.02632,-8.006321,-7.666321,-7.676321,-7.4963207,-7.5963206,-7.706321,-7.186321,-7.9063206,-7.1563206,-6.916321,-7.2863207,-7.426321,-6.486321,-7.646321,-7.376321,-7.256321,-6.4063206,-7.046321,-5.7663207,-6.006321,-6.256321,-6.0763206,-5.646321,-5.486321,-5.486321,-4.716321,-4.186321,-4.5563207,-3.1663208,-2.4963207,-1.9463208,1.3036792,-0.7463208,-0.6763208,-0.1763208,0.0836792,0.5436792,0.8636792
-6.356321,-6.236321,-5.6563206,-7.876321,-7.3463206,-7.436321,-7.186321,-9.376321,-7.3663206,-7.836321,-7.986321,-7.8263206,-9.406321,-8.886321,-9.2363205,-9.666321,-9.056321,-9.256321,-8.906321,-9.006321,-8.266321,-8.406321,-7.836321,-7.736321,-7.3663206,-8.60632,-7.6563206,-6.966321,-8.02632,-6.3663206,-7.796321,-6.566321,-7.8663206,-7.376321,-6.5763206,-6.736321,-7.4963207,-7.066321,-7.216321,-6.816321,-6.216321,-6.626321,-6.256321,-5.776321,-5.0163207,-4.696321,-4.816321,-4.0763206,-4.316321,-3.4963207,-2.6163208,-0.4863208,-1.3063208,-0.0563208,-0.0263208,-0.2863208,1.0836792,0.1236792
