json-data/2022072900.json
{"header": {"discipline":0,"disciplineName":"Meteorological products","gribEdition":2,"gribLength":79082,"center":7,"centerName":"US National Weather Service - NCEP(WMC)","subcenter":0,"refTime":"2022-07-29T00:00:00.000Z","significanceOfRT":1,"significanceOfRTName":"Start of forecast","productStatus":0,"productStatusName":"Operational products","productType":1,"productTypeName":"Forecast products","productDefinitionTemplate":0,"productDefinitionTemplateName":"Analysis/forecast at horizontal level/layer at a point in time","parameterCategory":2,"parameterCategoryName":"Momentum","parameterNumber":2,"parameterNumberName":"U-component_of_wind","parameterUnit":"m.s-1","genProcessType":2,"genProcessTypeName":"Forecast","forecastTime":0,"surface1Type":103,"surface1TypeName":"Specified height level above ground","surface1Value":10.0,"surface2Type":255,"surface2TypeName":"Missing","surface2Value":0.0,"gridDefinitionTemplate":0,"gridDefinitionTemplateName":"Latitude_Longitude","numberPoints":65160,"shape":6,"shapeName":"Earth spherical with radius of 6,371,229.0 m","gridUnits":"degrees","resolution":48,"winds":"true","scanMode":0,"nx":360,"ny":181,"basicAngle":0,"lo1":0.0,"la1":90.0,"lo2":359.0,"la2":-90.0,"dx":1.0,"dy":1.0}, "data":
[rows 130 to 155 of 181, columns 232 to 289 of 360]
5.3330593,4.863059,3.933059,3.093059,3.633059,2.923059,1.5430591,0.8130591,1.373059,0.04305908,-0.13694091,-0.58694094,0.23305908,-0.71694094,1.7830591,1.1630591,-0.72694093,0.3430591,-0.3169409,-0.6969409,-1.4869409,-3.0269408,-1.4369409,-2.096941,0.08305908,0.04305908,1.123059,6.223059,7.243059,7.803059,7.983059,8.473059,8.493059,8.223059,8.293059,7.533059,6.923059,6.943059,7.483059,8.233059,8.203059,8.34306,7.823059,6.983059,7.533059,7.3330593,6.983059,6.223059,5.323059,4.503059,3.7030592,3.813059,3.053059,1.5530591,1.483059,-0.07694092,-0.36694092,3.323059
5.943059,6.283059,5.8730593,6.073059,4.503059,4.3930593,2.7330592,2.613059,2.7530591,2.2130592,1.493059,1.7830591,0.6230591,-0.06694092,-1.0369409,-1.386941,-1.776941,-1.646941,-1.0569409,-0.6869409,0.9330591,0.14305907,-0.10694092,0.093059085,0.32305908,1.9330591,0.71305907,1.753059,2.903059,5.273059,7.953059,8.723059,9.293059,9.153059,9.773059,9.59306,9.203059,9.193059,8.373059,8.503059,8.943059,9.353059,9.683059,9.083059,8.623059,8.543059,8.373059,8.143059,7.303059,6.553059,6.133059,5.6230593,4.653059,3.553059,-0.22694091,0.07305908,0.08305908,2.123059
7.483059,7.023059,7.543059,7.703059,7.053059,6.213059,5.783059,5.6030593,4.743059,4.243059,3.2730591,3.693059,2.793059,2.9730592,1.0830591,2.363059,1.353059,0.4130591,-0.15694092,-0.47694093,-1.2869409,-0.8169409,0.8930591,1.4630591,2.113059,2.2430592,3.113059,2.863059,3.433059,3.793059,4.423059,5.573059,7.823059,9.273059,9.353059,9.793059,10.313059,10.59306,10.833059,10.34306,9.893059,9.703059,9.153059,10.733059,10.8830595,10.103059,9.373059,9.833059,9.403059,8.363059,8.173059,7.073059,5.863059,4.293059,1.873059,0.45305908,1.9130591,3.173059
8.59306,8.873059,9.053059,8.433059,9.073059,8.493059,7.533059,6.963059,6.713059,5.993059,6.263059,5.3730593,4.133059,4.403059,3.913059,3.083059,3.9930592,3.9730592,3.5230591,3.7630591,2.7730591,2.543059,1.733059,1.6630591,2.093059,2.5330591,3.7430592,4.923059,5.293059,5.813059,5.913059,6.3530593,7.503059,7.413059,8.813059,9.723059,9.613059,9.833059,10.6330595,11.273059,11.663059,11.353059,10.953059,10.233059,9.463059,10.363059,11.243059,10.753059,10.143059,10.163059,9.433059,8.613059,7.133059,5.3530593,0.2530591,-1.026941,2.383059,3.7430592
8.853059,9.013059,9.573059,9.563059,9.673059,9.253059,9.003059,8.723059,7.753059,7.793059,7.633059,7.253059,6.963059,6.753059,6.3330593,5.673059,4.903059,4.8930593,4.843059,5.133059,5.063059,5.493059,4.723059,5.063059,5.1030593,5.713059,5.943059,5.813059,5.703059,6.923059,8.473059,8.913059,9.513059,9.1330595,9.583059,9.673059,9.59306,9.813059,9.903059,10.773059,11.503059,11.493059,11.953059,11.753059,11.6330595,11.223059,10.433059,10.603059,10.793059,10.34306,10.503059,9.543059,7.863059,5.953059,2.7530591,0.6730591,2.583059,3.403059
8.933059,9.34306,9.983059,10.263059,9.923059,9.673059,9.563059,9.833059,9.613059,9.673059,9.363059,8.913059,8.733059,8.513059,8.103059,7.843059,7.743059,7.093059,6.6430593,6.563059,7.243059,7.3330593,8.103059,8.103059,8.183059,8.703059,8.173059,7.993059,8.253059,8.983059,10.183059,10.793059,11.973059,11.963059,11.793059,11.463059,11.303059,11.09306,12.213059,11.103059,10.473059,10.543059,11.453059,11.943059,12.103059,12.183059,12.043059,12.183059,11.373059,11.103059,10.423059,9.723059,9.013059,6.3330593,0.3130591,0.85305905,3.593059,8.213059
10.253059,9.993059,10.143059,10.513059,10.273059,10.313059,10.103059,10.313059,10.293059,10.613059,11.043059,11.013059,10.563059,10.1330595,10.09306,9.893059,9.683059,9.403059,9.293059,9.3830595,9.103059,9.183059,9.333059,9.733059,10.213059,10.613059,9.933059,10.283059,9.803059,10.483059,11.483059,13.553059,13.973059,14.313059,14.213059,13.523059,13.613059,12.733059,12.163059,12.453059,11.083059,11.373059,11.273059,11.453059,11.723059,12.353059,12.353059,12.393059,12.033059,11.473059,10.753059,11.273059,10.253059,1.883059,-1.0469409,3.343059,4.823059,11.153059
10.783059,10.743059,10.723059,10.553059,11.373059,12.023059,11.543059,11.363059,11.013059,11.423059,11.243059,11.163059,11.113059,11.063059,11.783059,11.783059,11.753059,11.983059,11.943059,11.8830595,11.773059,11.59306,11.423059,10.963059,10.503059,10.873059,11.34306,11.683059,11.373059,10.863059,10.803059,11.863059,14.603059,15.6330595,15.893059,16.303059,14.523059,14.483059,14.003059,12.523059,12.243059,12.263059,12.103059,12.013059,12.09306,11.583059,11.683059,11.483059,11.283059,11.493059,11.303059,10.993059,10.403059,6.883059,-2.2869408,2.7830591,4.313059,10.763059
11.643059,11.833059,11.703059,11.683059,11.913059,12.033059,12.183059,12.493059,12.663059,12.283059,12.293059,12.263059,13.3830595,12.423059,12.433059,12.713059,12.943059,13.693059,13.3830595,13.053059,13.253059,13.173059,13.073059,12.783059,12.643059,12.583059,12.433059,12.543059,12.533059,12.363059,12.043059,11.613059,12.283059,15.373059,16.293058,17.01306,17.16306,14.743059,14.503059,13.673059,12.783059,12.513059,12.683059,12.923059,13.403059,11.823059,11.8830595,12.073059,11.273059,11.203059,11.353059,11.023059,10.983059,4.953059,4.053059,1.7130591,4.023059,18.51306
12.893059,13.493059,12.783059,12.283059,12.073059,12.803059,12.923059,13.34306,13.203059,13.613059,13.523059,13.803059,14.063059,14.443059,14.583059,15.103059,14.543059,14.833059,15.313059,15.253059,15.033059,15.243059,15.103059,14.84306,14.483059,14.253059,14.103059,14.033059,13.623059,13.403059,13.283059,13.053059,11.233059,12.563059,16.033058,15.803059,16.59306,17.83306,14.743059,14.033059,13.963059,13.723059,13.333059,13.983059,12.753059,11.683059,12.393059,12.783059,12.953059,14.033059,12.423059,12.463059,10.243059,3.7530591,-0.4969409,1.5930591,3.343059,11.873059
13.353059,13.473059,13.643059,13.3830595,13.283059,13.863059,14.033059,14.413059,14.653059,14.723059,15.183059,15.403059,15.583059,15.563059,16.49306,16.553059,16.373058,16.83306,16.57306,16.85306,16.66306,16.713058,16.61306,16.42306,16.063059,15.763059,15.643059,15.573059,15.373059,14.983059,14.553059,13.943059,13.303059,12.903059,10.783059,15.663059,16.74306,14.203059,13.113059,13.413059,14.543059,14.523059,13.8830595,13.443059,13.713059,13.683059,12.773059,13.543059,13.09306,13.323059,12.203059,12.803059,12.723059,12.313059,0.9330591,2.7530591,0.7430591,9.673059
13.643059,14.023059,14.413059,14.793059,15.163059,15.663059,15.833059,15.773059,15.923059,15.8830595,16.233059,16.44306,16.703058,17.053059,17.143059,17.50306,17.953058,17.803059,17.84306,17.903059,17.93306,17.67306,17.733059,17.84306,17.783058,17.59306,17.35306,16.99306,16.60306,16.49306,16.053059,15.353059,14.533059,13.623059,12.873059,13.063059,14.833059,14.893059,15.583059,15.003059,15.053059,15.003059,14.403059,14.493059,14.713059,13.813059,14.613059,14.373059,13.803059,13.663059,13.463059,14.053059,14.613059,12.453059,7.783059,2.853059,1.0930591,4.843059
15.1330595,15.013059,14.993059,15.283059,15.533059,16.053059,16.27306,16.553059,16.61306,16.953058,17.213058,17.373058,17.563059,17.873058,18.35306,18.883059,18.783058,18.75306,18.623058,18.733059,18.633059,18.533058,18.643059,18.873058,18.563059,18.813059,19.123058,18.99306,18.233059,17.59306,17.26306,16.94306,16.00306,15.113059,14.6330595,13.563059,13.103059,12.803059,13.59306,16.41306,15.573059,14.393059,13.733059,14.103059,12.983059,14.913059,14.253059,15.143059,14.853059,14.643059,14.753059,15.313059,16.10306,14.623059,12.933059,7.593059,7.963059,11.34306
15.733059,16.00306,16.463058,16.86306,17.25306,17.32306,17.59306,17.49306,17.66306,17.94306,18.313059,18.18306,17.41306,18.643059,19.16306,19.58306,19.51306,19.283058,19.283058,19.313059,19.17306,19.52306,19.233059,19.50306,19.76306,19.51306,19.723059,19.473059,19.50306,18.84306,18.35306,17.66306,17.10306,16.10306,15.173059,14.59306,14.413059,12.553059,9.393059,10.393059,10.373059,15.333059,14.813059,14.403059,14.543059,14.553059,14.923059,15.323059,14.923059,15.083059,15.393059,15.823059,16.563059,16.303059,13.923059,11.173059,3.4530592,8.643059
15.853059,16.143059,16.74306,16.803059,16.893059,18.11306,16.303059,19.67306,15.323059,17.713058,18.383059,18.883059,19.043058,19.69306,19.82306,19.93306,19.953058,19.68306,19.873058,19.703058,19.67306,19.85306,19.783058,19.93306,20.11306,20.053059,20.283058,20.393059,20.233059,19.553059,19.223059,18.52306,17.68306,16.953058,15.973059,14.903059,14.823059,13.743059,13.953059,12.853059,12.273059,9.613059,9.663059,9.803059,9.813059,9.643059,10.013059,10.393059,16.213058,17.59306,16.44306,16.52306,16.36306,16.59306,16.84306,14.603059,9.203059,11.773059
17.283058,18.053059,18.053059,18.08306,17.58306,17.51306,18.733059,16.51306,18.543058,19.36306,18.063059,20.27306,18.32306,20.783058,20.36306,20.52306,20.903059,20.723059,20.67306,20.51306,20.10306,20.233059,20.403059,21.543058,21.16306,21.24306,21.893059,21.463058,21.07306,22.133059,20.123058,18.653059,18.09306,17.223059,16.61306,16.033058,15.893059,15.623059,14.193059,14.493059,13.853059,13.533059,13.173059,13.293059,13.123059,13.563059,13.233059,12.933059,12.913059,13.513059,9.493059,17.153059,16.723059,16.873058,16.063059,16.313059,16.52306,13.223059
15.353059,17.533058,17.893059,17.153059,16.92306,16.44306,17.57306,17.783058,18.25306,18.91306,19.18306,19.383059,19.953058,20.01306,20.44306,20.533058,19.91306,18.58306,16.35306,13.59306,16.543058,19.213058,19.85306,20.74306,22.123058,22.283058,21.963058,24.033058,19.723059,17.41306,19.553059,20.623058,16.86306,16.86306,15.943059,15.943059,15.84306,15.433059,15.033059,14.743059,14.793059,14.273059,14.043059,13.833059,14.413059,14.083059,14.273059,14.793059,14.303059,14.573059,13.083059,13.333059,15.653059,16.33306,15.663059,15.733059,15.543059,15.733059
16.313059,17.293058,17.26306,17.233059,18.10306,17.01306,16.643059,20.813059,13.34306,16.213058,14.313059,15.783059,18.33306,17.153059,16.553059,19.133059,19.66306,18.153059,19.873058,21.82306,21.16306,20.723059,19.883059,19.893059,20.34306,21.85306,22.42306,22.01306,20.93306,18.953058,17.69306,16.973059,18.27306,15.893059,14.393059,15.203059,15.063059,15.433059,15.84306,15.603059,15.3830595,15.233059,14.783059,14.813059,15.013059,15.113059,15.323059,15.373059,14.833059,15.153059,15.423059,15.363059,14.473059,14.663059,14.723059,15.993059,16.24306,15.813059
6.173059,8.59306,10.673059,11.713059,12.6330595,11.563059,12.303059,13.763059,15.793059,16.83306,18.51306,19.553059,19.59306,19.883059,20.473059,20.76306,20.713058,20.803059,20.77306,20.983059,21.42306,21.57306,21.713058,21.33306,21.11306,20.483059,20.32306,19.59306,19.453058,17.33306,18.783058,19.43306,18.35306,16.813059,13.59306,13.493059,13.723059,14.533059,14.483059,14.853059,15.713059,15.473059,15.253059,15.3830595,15.693059,16.10306,16.25306,15.933059,15.643059,15.253059,15.493059,14.693059,15.123059,15.083059,14.833059,16.033058,15.103059,15.643059
10.893059,14.023059,14.84306,15.8830595,15.553059,16.653059,18.133059,18.813059,19.873058,20.00306,19.41306,20.02306,20.34306,20.77306,20.983059,20.83306,20.643059,21.383059,21.813059,21.60306,22.18306,21.563059,21.723059,21.35306,20.973059,20.723059,20.17306,20.08306,20.24306,19.00306,19.213058,19.67306,20.223059,17.25306,11.84306,11.653059,11.823059,13.213059,13.973059,14.643059,14.983059,15.463059,15.333059,15.283059,15.683059,16.033058,16.58306,17.08306,16.75306,16.68306,16.803059,16.633059,16.43306,15.933059,15.573059,15.373059,16.213058,16.233059
15.983059,17.293058,16.713058,17.07306,17.813059,17.703058,18.373058,19.07306,20.143059,20.11306,20.543058,20.69306,21.283058,21.36306,21.533058,21.69306,21.873058,22.043058,21.41306,21.16306,21.08306,21.35306,20.893059,20.44306,20.473059,20.24306,20.553059,20.873058,20.52306,20.35306,19.86306,20.18306,15.523059,11.113059,9.213059,8.183059,10.033059,11.693059,12.533059,13.09306,14.733059,14.373059,14.833059,15.873059,16.26306,17.033058,17.453058,17.17306,16.703058,16.68306,16.293058,16.43306,16.623058,16.32306,15.653059,15.263059,14.563059,13.493059
15.333059,15.233059,15.583059,16.463058,16.633059,17.063059,17.473059,18.50306,19.373058,20.01306,20.82306,21.60306,22.383059,22.643059,22.74306,22.86306,22.94306,22.83306,22.41306,21.803059,21.143059,20.93306,20.903059,20.07306,19.873058,20.063059,19.883059,20.35306,20.02306,20.67306,18.49306,15.613059,13.023059,5.263059,4.063059,6.743059,8.153059,10.433059,11.643059,13.163059,13.573059,14.433059,14.863059,16.143059,16.75306,17.68306,17.43306,16.983059,16.60306,17.07306,17.19306,17.07306,16.903059,16.26306,15.703059,14.813059,14.323059,13.863059
13.773059,14.323059,14.903059,15.183059,15.913059,16.32306,16.963058,18.283058,19.233059,18.813059,21.953058,23.143059,23.42306,24.373058,24.153059,23.84306,23.733059,22.83306,22.463058,21.793058,20.953058,20.66306,19.953058,19.83306,18.703058,18.59306,18.703058,17.61306,16.35306,15.833059,9.293059,10.59306,11.203059,0.11305908,2.403059,5.553059,7.683059,9.763059,10.913059,12.523059,13.893059,14.863059,15.373059,16.703058,17.783058,17.85306,17.67306,17.24306,17.623058,17.403059,17.313059,17.50306,17.25306,16.223059,14.733059,13.433059,13.373059,12.453059
13.483059,13.923059,14.263059,15.233059,16.07306,15.733059,16.643059,17.783058,16.723059,19.293058,22.223059,25.623058,29.283058,26.68306,25.383059,23.42306,23.34306,24.75306,19.66306,19.94306,18.35306,19.153059,18.063059,18.16306,17.86306,18.11306,17.783058,16.00306,14.303059,13.193059,10.613059,9.583059,13.703059,1.133059,3.0130591,4.713059,6.913059,9.433059,11.293059,12.923059,15.063059,15.443059,16.543058,17.41306,17.91306,17.99306,18.053059,17.16306,17.563059,17.713058,17.24306,16.403059,14.803059,13.683059,12.683059,12.753059,11.863059,12.203059
12.353059,11.803059,11.893059,12.573059,13.153059,12.413059,11.8830595,13.09306,12.903059,14.793059,17.533058,23.17306,13.893059,11.063059,10.893059,12.453059,13.003059,10.213059,13.023059,14.573059,12.743059,13.09306,14.183059,15.603059,17.453058,15.643059,14.973059,17.733059,8.903059,7.193059,4.1230593,-6.066941,-3.956941,0.29305908,2.9830592,5.733059,8.073059,11.003059,12.793059,14.393059,15.353059,16.41306,17.24306,17.44306,18.19306,18.32306,18.133059,18.26306,18.563059,17.52306,15.793059,14.723059,14.053059,13.463059,12.863059,12.743059,12.263059,11.503059
8.703059,8.813059,8.403059,7.223059,7.503059,8.023059,8.453059,7.323059,7.3530593,7.533059,4.963059,2.163059,-4.816941,0.13305908,2.7030592,10.863059,7.843059,6.453059,5.793059,7.473059,10.303059,13.293059,14.493059,13.653059,-2.806941,-14.426941,-12.696941,-12.026941,-10.836941,-8.806941,-6.066941,-3.2669408,-0.6769409,2.623059,6.023059,9.283059,11.433059,12.913059,14.113059,15.353059,16.293058,17.00306,17.36306,18.25306,18.68306,18.34306,18.58306,17.59306,16.473059,16.393059,16.09306,14.773059,14.273059,12.753059,12.623059,12.413059,11.283059,10.573059
