json-data/2022072112.json
{"header": {"discipline":0,"disciplineName":"Meteorological products","gribEdition":2,"gribLength":47491,"center":7,"centerName":"US National Weather Service - NCEP(WMC)","subcenter":0,"refTime":"2022-07-21T12:00:00.000Z","significanceOfRT":1,"significanceOfRTName":"Start of forecast","productStatus":0,"productStatusName":"Operational products","productType":1,"productTypeName":"Forecast products","productDefinitionTemplate":0,"productDefinitionTemplateName":"Analysis/forecast at horizontal level/layer at a point in time","parameterCategory":0,"parameterCategoryName":"Temperature","parameterNumber":0,"parameterNumberName":"Temperature","parameterUnit":"K","genProcessType":2,"genProcessTypeName":"Forecast","forecastTime":0,"surface1Type":1,"surface1TypeName":"Ground or water surface","surface1Value":0.0,"surface2Type":255,"surface2TypeName":"Missing","surface2Value":0.0,"gridDefinitionTemplate":0,"gridDefinitionTemplateName":"Latitude_Longitude","numberPoints":65160,"shape":6,"shapeName":"Earth spherical with radius of 6,371,229.0 m","gridUnits":"degrees","resolution":48,"winds":"true","scanMode":0,"nx":360,"ny":181,"basicAngle":0,"lo1":0.0,"la1":90.0,"lo2":359.0,"la2":-90.0,"dx":1.0,"dy":1.0}, "data":
[rows 52 to 77 of 181, columns 120 to 179 of 360]
297.96494,296.36493,296.96494,297.46494,297.26495,295.66495,293.46494,294.16495,291.46494,296.56494,297.26495,297.06494,296.76495,296.86493,297.26495,297.26495,297.36493,297.66495,297.96494,298.46494,293.76495,296.76495,295.06494,295.76495,295.96494,296.06494,296.16495,296.76495,297.56494,296.76495,295.56494,294.66495,294.16495,294.26495,294.46494,294.46494,294.46494,294.86493,295.36493,295.36493,294.56494,293.96494,294.06494,294.16495,293.96494,293.46494,293.26495,292.86493,292.76495,292.96494,293.26495,293.56494,293.46494,293.26495,293.26495,293.66495,294.06494,294.26495,294.06494,294.16495
294.36493,293.96494,296.36493,297.16495,298.46494,298.06494,295.56494,294.16495,292.46494,291.66495,297.26495,297.56494,297.56494,297.86493,297.86493,297.86493,298.06494,294.86493,291.76495,290.06494,293.86493,296.36493,295.56494,296.26495,296.86493,297.06494,296.86493,296.96494,297.06494,296.86493,296.26495,295.86493,295.76495,295.96494,296.06494,295.96494,295.96494,296.16495,296.46494,296.26495,295.36493,294.66495,294.76495,295.46494,295.16495,295.06494,294.86493,294.36493,294.06494,294.26495,294.66495,294.86493,294.76495,294.56494,294.46494,294.46494,294.86493,294.86493,294.96494,295.06494
295.66495,297.96494,297.96494,297.96494,298.56494,298.96494,297.96494,293.66495,292.76495,294.86493,296.36493,297.06494,297.56494,298.26495,298.66495,298.66495,298.06494,290.86493,290.26495,294.26495,300.46494,296.26495,296.96494,297.86493,297.96494,297.76495,297.36493,297.06494,297.26495,297.36493,297.16495,296.86493,296.96494,297.16495,297.26495,297.06494,296.86493,297.16495,297.26495,297.16495,296.46494,295.86493,295.66495,296.26495,296.46494,296.36493,296.16495,295.66495,295.36493,295.36493,295.66495,295.96494,295.96494,295.76495,295.66495,295.36493,295.46494,295.46494,295.86493,296.16495
298.36493,298.06494,298.06494,298.26495,298.56494,298.06494,296.76495,293.36493,294.76495,296.26495,297.56494,298.06494,298.06494,295.46494,295.06494,296.06494,295.66495,299.16495,293.96494,296.66495,298.26495,298.46494,298.86493,298.56494,298.16495,297.76495,297.26495,297.26495,297.56494,297.66495,297.56494,297.56494,297.36493,297.66495,297.76495,297.76495,297.56494,297.66495,297.76495,297.86493,297.36493,296.96494,296.86493,297.26495,297.56494,297.46494,297.06494,296.96494,296.46494,296.36493,296.76495,297.26495,297.26495,296.86493,296.26495,296.36493,296.76495,297.06494,297.06494,296.86493
296.26495,299.36493,298.16495,298.46494,298.86493,299.06494,298.66495,297.76495,297.46494,298.56494,299.06494,298.06494,297.06494,297.66495,295.26495,298.66495,294.66495,299.96494,300.46494,300.06494,299.66495,299.06494,298.56494,298.16495,298.06494,297.96494,297.46494,297.36493,297.66495,297.56494,297.76495,298.06494,298.16495,298.26495,298.46494,298.56494,298.46494,298.16495,298.06494,298.06494,297.76495,297.66495,298.16495,298.56494,298.56494,298.36493,297.96494,297.66495,297.06494,296.96494,297.56494,298.16495,297.96494,297.46494,297.26495,297.56494,297.86493,298.16495,298.06494,297.86493
297.66495,300.06494,298.26495,298.26495,299.06494,300.26495,300.26495,300.16495,300.26495,299.66495,296.66495,295.16495,299.26495,298.76495,299.76495,299.76495,300.16495,301.06494,301.06494,300.26495,299.06494,298.46494,298.16495,298.06494,298.16495,298.26495,297.96494,297.86493,297.76495,298.26495,298.56494,298.96494,298.76495,298.66495,298.86493,299.06494,299.26495,298.96494,298.66495,298.56494,298.46494,298.56494,299.26495,299.66495,299.66495,299.36493,299.06494,298.56494,297.96494,297.76495,298.16495,298.46494,298.36493,298.06494,297.96494,298.16495,298.56494,298.66495,298.76495,298.66495
299.26495,298.06494,298.46494,298.76495,299.56494,300.46494,300.76495,300.86493,300.76495,300.16495,299.76495,296.96494,299.76495,300.46494,300.76495,300.46494,300.36493,300.66495,300.66495,299.76495,299.26495,298.76495,298.96494,298.26495,298.76495,298.76495,298.86493,298.76495,298.76495,298.96494,299.66495,299.86493,299.66495,299.36493,299.46494,299.86493,300.16495,300.06494,299.76495,299.96494,299.76495,300.26495,300.66495,300.56494,300.26495,300.16495,299.66495,299.06494,298.76495,298.86493,298.86493,298.76495,298.56494,298.36493,298.46494,298.76495,299.06494,299.36493,299.36493,299.36493
299.86493,299.46494,299.96494,299.86493,300.26495,300.76495,301.26495,301.46494,301.46494,301.06494,301.06494,300.46494,301.06494,301.16495,301.16495,300.86493,300.76495,300.56494,300.36493,299.56494,298.96494,298.96494,298.86493,299.26495,299.56494,299.46494,299.56494,299.76495,299.76495,299.76495,300.36493,300.56494,300.66495,300.46494,300.46494,300.86493,301.26495,301.46494,301.36493,301.16495,300.76495,301.06494,301.36493,301.16495,301.06494,300.76495,300.36493,300.06494,300.06494,299.76495,299.06494,298.86493,299.06494,299.26495,299.26495,299.46494,299.56494,299.66495,299.66495,299.66495
300.46494,299.06494,299.76495,300.56494,301.26495,301.66495,302.06494,302.26495,302.56494,302.66495,302.46494,301.96494,301.96494,301.46494,300.96494,300.66495,300.76495,300.86493,300.56494,300.06494,299.56494,299.56494,299.66495,299.86493,300.06494,300.16495,300.26495,300.26495,300.56494,300.76495,300.86493,301.36493,301.46494,301.16495,301.26495,301.46494,301.96494,302.26495,302.06494,301.76495,301.46494,301.56494,301.76495,301.76495,301.66495,301.56494,301.06494,300.86493,300.96494,300.36493,299.36493,299.26495,299.76495,300.06494,300.16495,300.16495,300.16495,300.16495,300.06494,299.96494
301.56494,298.66495,299.46494,300.16495,301.56494,302.36493,302.66495,302.86493,302.96494,302.76495,302.66495,302.56494,302.16495,301.46494,300.96494,300.76495,301.16495,301.26495,301.16495,300.76495,300.36493,300.26495,300.36493,300.56494,300.66495,300.86493,300.86493,300.86493,301.36493,301.76495,301.46494,301.56494,301.96494,302.16495,302.06494,301.96494,302.16495,302.56494,302.46494,302.16495,302.06494,302.36493,302.26495,302.16495,302.06494,301.96494,301.46494,301.16495,301.16495,300.76495,300.36493,300.56494,300.76495,300.66495,300.76495,300.76495,300.66495,300.66495,300.46494,300.66495
299.56494,299.76495,300.06494,301.56494,302.26495,302.76495,302.96494,303.06494,302.46494,302.06494,302.26495,302.26495,302.06494,301.76495,301.56494,301.76495,301.76495,301.86493,301.86493,301.56494,300.96494,300.66495,300.56494,300.96494,301.06494,301.16495,301.26495,301.46494,301.76495,302.06494,301.86493,301.76495,302.46494,303.06494,303.06494,302.66495,302.36493,302.66495,302.86493,302.66495,302.56494,302.66495,302.66495,302.46494,302.26495,301.96494,301.66495,301.36493,301.36493,301.36493,301.26495,301.26495,301.16495,300.96494,301.16495,301.16495,301.16495,301.16495,301.06494,301.36493
299.66495,299.96494,301.36493,302.66495,302.86493,302.96494,303.26495,303.16495,302.26495,302.46494,302.56494,302.46494,302.36493,302.06494,301.86493,301.96494,302.26495,302.26495,302.16495,301.66495,301.06494,301.06494,301.06494,301.36493,301.56494,301.66495,301.86493,302.16495,302.36493,302.56494,302.46494,302.36493,303.06494,303.56494,303.56494,303.26495,302.86493,302.96494,303.16495,303.16495,302.66495,302.56494,302.66495,302.46494,302.46494,302.16495,301.96494,301.56494,301.56494,301.56494,301.36493,301.36493,301.36493,301.26495,301.56494,301.46494,301.26495,301.36493,301.26495,301.36493
300.36493,301.36493,302.06494,302.46494,302.96494,303.36493,303.46494,303.26495,302.86493,302.66495,302.56494,302.56494,302.46494,302.26495,302.16495,302.26495,302.66495,302.86493,302.56494,302.36493,302.16495,302.06494,302.06494,302.16495,302.26495,302.26495,302.56494,302.76495,302.96494,303.16495,303.06494,303.06494,303.26495,303.46494,303.46494,303.46494,303.46494,303.36493,303.36493,303.16495,302.76495,302.66495,302.66495,302.66495,302.66495,302.46494,302.36493,302.06494,301.86493,301.86493,301.66495,301.56494,301.56494,301.66495,301.86493,301.76495,301.66495,301.56494,301.16495,301.16495
301.76495,302.96494,301.96494,302.76495,303.06494,303.46494,303.46494,303.46494,303.36493,302.96494,302.76495,302.66495,302.66495,302.36493,302.16495,302.86493,303.26495,303.36493,303.16495,303.06494,302.96494,302.76495,302.66495,302.66495,302.66495,302.76495,303.16495,303.16495,303.06494,303.06494,302.76495,302.96494,303.26495,303.36493,303.36493,303.36493,303.36493,303.16495,302.96494,302.56494,302.56494,302.86493,302.76495,302.66495,302.56494,302.46494,302.26495,302.16495,302.06494,302.06494,301.96494,301.96494,301.86493,301.96494,302.06494,301.86493,301.76495,301.76495,301.46494,301.16495
302.56494,293.96494,302.56494,302.76495,303.06494,303.46494,303.36493,303.46494,303.46494,303.16495,303.06494,302.96494,302.96494,303.06494,303.06494,303.56494,303.66495,303.46494,303.26495,303.16495,302.86493,302.86493,302.86493,302.76495,302.96494,303.06494,303.26495,303.16495,302.96494,302.96494,302.96494,303.06494,303.16495,303.36493,303.46494,303.16495,302.96494,302.86493,302.96494,302.66495,302.76495,303.06494,302.96494,302.56494,302.26495,302.36493,302.36493,302.26495,302.06494,302.06494,301.96494,301.96494,301.96494,302.06494,301.96494,301.76495,301.56494,301.66495,301.66495,301.46494
303.66495,291.36493,303.26495,303.16495,303.36493,303.56494,303.76495,303.96494,303.86493,303.66495,303.06494,302.96494,303.06494,303.26495,303.26495,303.46494,303.46494,303.26495,303.16495,303.26495,302.96494,302.86493,302.76495,302.86493,302.96494,303.06494,303.26495,303.26495,303.36493,303.36493,303.26495,303.36493,303.26495,303.36493,303.26495,302.96494,302.76495,302.96494,303.06494,302.96494,302.96494,303.06494,302.96494,302.66495,302.36493,302.36493,302.36493,302.26495,302.06494,302.06494,301.96494,301.96494,302.06494,301.96494,301.86493,301.76495,301.46494,301.36493,301.26495,301.36493
303.66495,303.26495,303.36493,303.56494,303.56494,303.76495,303.86493,303.96494,303.86493,303.66495,303.76495,303.36493,303.36493,303.36493,303.26495,303.36493,303.36493,303.26495,303.06494,303.16495,303.16495,303.06494,303.26495,303.36493,303.26495,303.26495,303.46494,303.36493,303.36493,303.36493,303.26495,303.26495,303.26495,303.36493,303.26495,303.16495,303.16495,303.26495,303.06494,302.96494,302.96494,303.06494,302.96494,302.76495,302.56494,302.46494,302.36493,302.26495,302.06494,301.96494,301.86493,301.96494,302.06494,302.06494,301.96494,301.76495,301.56494,301.36493,301.16495,301.26495
303.46494,303.16495,303.26495,303.66495,303.56494,303.66495,303.76495,303.76495,303.56494,303.56494,303.46494,303.46494,303.46494,303.46494,303.56494,303.66495,303.66495,303.46494,303.26495,303.16495,303.06494,303.26495,303.56494,303.66495,303.56494,303.36493,303.26495,303.46494,303.36493,303.26495,303.16495,303.16495,303.26495,303.36493,303.16495,303.06494,303.16495,303.16495,303.06494,302.96494,302.96494,302.86493,302.86493,302.76495,302.66495,302.46494,302.46494,302.36493,302.16495,301.96494,301.76495,301.96494,302.06494,302.06494,301.86493,301.66495,301.36493,301.36493,301.26495,301.36493
303.56494,303.36493,303.56494,303.66495,303.46494,303.46494,303.56494,303.66495,303.66495,303.66495,303.56494,303.46494,303.56494,303.56494,303.56494,303.66495,303.66495,303.56494,303.46494,303.06494,303.16495,303.36493,303.46494,303.56494,303.46494,303.16495,303.16495,303.26495,303.16495,303.06494,303.06494,303.06494,303.16495,303.16495,303.06494,302.96494,302.96494,303.06494,302.96494,302.96494,302.96494,302.76495,302.76495,302.76495,302.66495,302.56494,302.56494,302.46494,302.16495,302.06494,301.86493,301.96494,301.96494,301.96494,301.76495,301.56494,301.46494,301.36493,301.46494,301.36493
303.86493,303.56494,303.56494,303.66495,303.46494,303.36493,303.46494,303.56494,303.56494,303.56494,303.56494,303.66495,303.56494,303.66495,303.66495,303.56494,303.66495,303.66495,303.46494,303.16495,303.36493,303.46494,303.46494,303.36493,303.16495,303.16495,303.26495,303.16495,302.86493,302.76495,302.96494,303.06494,303.06494,303.06494,302.96494,303.06494,303.06494,303.06494,303.06494,303.06494,302.96494,302.66495,302.56494,302.56494,302.46494,302.36493,302.56494,302.46494,302.16495,302.06494,301.96494,301.86493,301.96494,301.86493,301.76495,301.56494,301.36493,301.36493,301.36493,301.26495
303.86493,294.16495,297.86493,303.76495,303.56494,303.46494,303.46494,303.56494,303.56494,303.56494,303.56494,303.66495,303.66495,303.66495,303.66495,303.56494,303.66495,303.76495,303.66495,303.56494,303.36493,303.36493,303.26495,303.06494,303.06494,303.06494,303.06494,302.96494,303.06494,302.96494,302.96494,302.86493,302.76495,302.76495,302.86493,302.96494,302.96494,303.06494,302.86493,302.96494,302.86493,302.56494,302.36493,302.26495,302.26495,302.26495,302.26495,302.26495,302.06494,301.96494,301.96494,301.76495,301.76495,301.66495,301.56494,301.46494,301.26495,301.26495,301.26495,301.16495
303.56494,290.76495,298.46494,303.66495,303.66495,303.56494,303.46494,303.56494,303.56494,303.56494,303.46494,303.56494,303.76495,303.66495,303.56494,303.56494,303.56494,303.76495,303.66495,303.56494,303.46494,303.36493,303.16495,302.76495,302.96494,303.06494,302.76495,302.76495,302.96494,302.96494,302.86493,302.76495,302.76495,302.76495,302.86493,302.96494,302.96494,302.86493,302.76495,302.76495,302.66495,302.46494,302.26495,302.16495,302.06494,301.96494,302.06494,302.06494,301.96494,301.86493,301.86493,301.66495,301.46494,301.46494,301.46494,301.36493,301.26495,301.16495,301.16495,301.16495
297.76495,296.46494,303.56494,303.56494,303.56494,303.56494,303.56494,303.46494,303.46494,303.46494,303.36493,303.36493,303.56494,303.56494,303.46494,303.46494,303.46494,303.76495,303.66495,303.46494,303.36493,303.36493,303.06494,302.76495,302.86493,302.96494,302.66495,302.76495,302.86493,302.76495,302.66495,302.66495,302.66495,302.76495,302.86493,302.86493,302.86493,302.76495,302.66495,302.66495,302.56494,302.46494,302.26495,302.16495,302.06494,301.96494,301.96494,301.96494,301.86493,301.76495,301.76495,301.66495,301.46494,301.36493,301.36493,301.26495,301.26495,301.16495,301.06494,301.06494
303.36493,297.76495,301.66495,303.46494,303.46494,303.46494,303.46494,303.46494,303.46494,303.46494,303.36493,303.26495,303.36493,303.46494,303.36493,303.46494,303.46494,303.56494,303.56494,303.36493,303.26495,303.26495,302.96494,302.66495,302.76495,302.76495,302.56494,302.76495,302.76495,302.66495,302.56494,302.56494,302.76495,302.86493,302.86493,302.86493,302.86493,302.66495,302.56494,302.56494,302.46494,302.36493,302.26495,302.16495,301.96494,301.76495,301.76495,301.86493,301.86493,301.76495,301.76495,301.76495,301.66495,301.46494,301.36493,301.26495,301.16495,301.16495,300.96494,300.96494
303.16495,296.26495,303.56494,301.36493,303.46494,303.46494,303.36493,303.46494,303.36493,303.46494,303.46494,303.36493,303.26495,303.16495,303.16495,303.26495,303.26495,303.36493,303.36493,303.06494,303.16495,303.06494,302.96494,302.66495,302.56494,302.56494,302.66495,302.66495,302.66495,302.56494,302.66495,302.76495,302.76495,302.86493,302.86493,302.76495,302.66495,302.46494,302.46494,302.36493,302.36493,302.26495,302.16495,301.96494,301.86493,301.76495,301.76495,301.76495,301.76495,301.66495,301.66495,301.56494,301.56494,301.46494,301.36493,301.26495,301.16495,301.16495,301.06494,300.86493
303.06494,294.16495,303.36493,302.06494,300.46494,303.36493,303.36493,303.36493,303.36493,303.56494,303.56494,303.36493,303.16495,303.16495,303.16495,303.16495,303.16495,303.26495,303.16495,302.96494,302.86493,302.76495,302.66495,302.56494,302.26495,302.36493,302.56494,302.56494,302.56494,302.56494,302.56494,302.66495,302.66495,302.66495,302.76495,302.66495,302.46494,302.36493,302.36493,302.36493,302.26495,302.16495,302.16495,301.96494,301.86493,301.76495,301.76495,301.76495,301.66495,301.66495,301.56494,301.56494,301.56494,301.56494,301.36493,301.26495,301.26495,301.26495,301.16495,300.96494
