json-data/2022072806.json
{"header": {"discipline":0,"disciplineName":"Meteorological products","gribEdition":2,"gribLength":79088,"center":7,"centerName":"US National Weather Service - NCEP(WMC)","subcenter":0,"refTime":"2022-07-28T06:00:00.000Z","significanceOfRT":1,"significanceOfRTName":"Start of forecast","productStatus":0,"productStatusName":"Operational products","productType":1,"productTypeName":"Forecast products","productDefinitionTemplate":0,"productDefinitionTemplateName":"Analysis/forecast at horizontal level/layer at a point in time","parameterCategory":2,"parameterCategoryName":"Momentum","parameterNumber":2,"parameterNumberName":"U-component_of_wind","parameterUnit":"m.s-1","genProcessType":2,"genProcessTypeName":"Forecast","forecastTime":0,"surface1Type":103,"surface1TypeName":"Specified height level above ground","surface1Value":10.0,"surface2Type":255,"surface2TypeName":"Missing","surface2Value":0.0,"gridDefinitionTemplate":0,"gridDefinitionTemplateName":"Latitude_Longitude","numberPoints":65160,"shape":6,"shapeName":"Earth spherical with radius of 6,371,229.0 m","gridUnits":"degrees","resolution":48,"winds":"true","scanMode":0,"nx":360,"ny":181,"basicAngle":0,"lo1":0.0,"la1":90.0,"lo2":359.0,"la2":-90.0,"dx":1.0,"dy":1.0}, "data":
[rows 78 to 103 of 181, columns 232 to 289 of 360]
-4.242512,-3.5325122,-2.872512,-2.6025121,-2.9025123,-1.9025122,-2.0825121,-0.8425122,-1.3225121,0.037487794,1.5374877,3.2474878,3.4374878,2.8174877,2.1074877,1.5374877,3.5274878,6.8174877,9.337488,18.517488,7.447488,1.1274878,0.57748777,1.5674878,0.3474878,2.3474877,2.5474877,1.5174878,-0.4925122,-2.382512,-4.3125124,-4.492512,-4.612512,-4.6425123,-4.4125123,-4.012512,-2.9225123,-3.6525123,-2.0725121,-4.2925124,-6.302512,-7.6225123,-1.4425122,-1.6625122,0.087487794,-4.502512,-3.7825122,-4.462512,-5.1425123,-6.3325124,-7.5625124,-8.122512,-9.202512,-10.752512,-9.462512,-7.732512,-6.592512,-8.672512
-0.15251221,-1.5025122,-2.1725123,-1.8525122,-1.3525122,-0.9925122,-0.2025122,0.06748779,0.9574878,2.8474877,3.9374878,5.0674877,5.137488,4.8574877,4.6274877,5.257488,6.5874877,9.217487,6.1474876,11.247488,10.027488,6.757488,3.0374877,3.3074877,1.3274878,2.3274877,3.7174878,2.5374877,2.7974877,0.027487792,-0.8125122,-1.6125122,-3.1625123,-3.9225123,-3.0725121,-3.4725122,-3.612512,-3.5925121,-3.5025122,-2.7925122,-3.0925121,-6.512512,-1.6725122,-0.9025122,-0.4125122,-3.7925122,-3.7425122,-3.8425121,-4.3125124,-5.322512,-7.2725124,-7.8925123,-8.032513,-4.6825123,-1.5425122,0.7174878,-0.21251221,-4.5825124
4.657488,4.577488,4.597488,4.307488,2.2774878,2.6774879,3.1074877,4.017488,5.6074877,5.617488,5.8374877,6.7274876,7.017488,6.617488,6.827488,6.9174876,7.747488,9.157488,9.417488,9.827488,9.737488,6.4774876,3.377488,3.877488,1.1674877,1.7274878,3.0374877,3.387488,2.5674877,2.387488,1.1874878,0.9474878,2.0074878,0.51748776,-0.12251221,-0.98251224,-1.4625123,-1.3725122,-2.3025122,-2.8325121,-2.2625122,-4.212512,-2.0325122,-0.4825122,-0.8225122,1.8674878,-3.7925122,-1.8325123,-2.8025122,-1.5425122,-2.1425123,1.2574878,3.4174879,0.6774878,-0.8825122,-1.6325122,1.8174878,-0.34251222
3.8474877,3.9174879,4.2974877,4.6274877,5.1474876,5.597488,6.3174877,5.7274876,6.2274876,4.9374876,4.407488,6.257488,6.3974876,6.267488,6.577488,6.987488,7.117488,7.867488,8.427487,8.207488,7.5674877,5.517488,3.7674878,1.8674878,1.5374877,1.5574878,2.3074877,2.6574879,2.887488,1.3474878,1.7474878,2.367488,3.3074877,4.037488,3.5074878,3.3574877,2.637488,3.7274878,1.5074878,-0.7125122,0.2174878,-0.07251221,0.14748779,-0.022512207,-1.3625122,-0.19251221,0.9874878,3.8374877,1.2574878,2.0074878,1.0374877,3.2674878,2.7774878,1.5074878,0.3174878,1.3074878,2.4374878,-0.5825122
2.637488,2.9074879,4.0874877,4.2974877,4.1074877,4.557488,4.987488,4.867488,4.9574876,3.3074877,3.6974878,3.8974879,4.8574877,4.6274877,5.137488,5.767488,6.267488,6.177488,6.5474877,6.5874877,5.497488,4.487488,2.4374878,1.3074878,1.2274878,1.4474878,1.0474877,1.2474878,1.1774879,1.4374878,1.2074878,2.8974879,3.4874878,4.507488,4.117488,3.377488,3.8474877,3.877488,3.7874877,1.6274878,2.0874877,2.117488,0.9274878,1.2974877,0.5274878,3.2274878,2.6074877,1.8774878,7.517488,2.7774878,0.2174878,0.63748777,1.0874878,-1.4325122,1.1974878,-0.5425122,-1.2425122,0.6574878
0.3274878,1.7474878,1.7874877,2.637488,2.8474877,3.6574879,4.197488,2.8374877,2.9774878,1.4574878,1.6374878,2.7174878,3.0674877,3.137488,3.4174879,4.327488,4.887488,5.197488,4.7774878,4.807488,3.5674877,2.3574877,1.1574878,1.5374877,1.1574878,0.1274878,-0.37251222,1.1374878,1.1174878,0.7174878,1.5474877,2.5574877,2.3474877,2.7274878,3.1774879,3.1774879,3.387488,3.3374877,2.3974879,2.9574878,2.6474879,2.0174878,2.377488,3.5274878,3.5374877,4.9174876,4.867488,5.157488,6.8974876,3.7574878,3.3274877,0.017487792,0.9474878,1.0874878,-0.002512207,-0.4025122,1.1674877,0.3274878
-1.0225122,-0.13251221,0.4174878,1.5074878,1.4974878,2.2174878,2.387488,1.1374878,0.7374878,0.7274878,1.0174878,1.3874878,1.9674878,2.1074877,1.9574878,2.1674879,2.5674877,2.867488,2.7974877,2.5474877,1.8374878,0.3074878,1.1074878,1.2774878,0.04748779,-0.8225122,-0.34251222,0.3374878,0.9474878,0.3574878,1.3374878,1.2774878,1.3474878,1.8474878,2.377488,2.2474878,2.2774878,2.2174878,2.5374877,1.7774878,1.0374877,0.7874878,1.7374878,2.5674877,2.617488,3.8274877,5.077488,5.597488,5.157488,4.5474877,2.377488,0.43748778,1.1074878,1.0474877,-1.2525122,-0.11251221,1.6574878,0.9974878
-1.9825122,-1.4625123,-0.8225122,-0.11251221,-0.1425122,0.1874878,0.3074878,-0.5725122,-0.8225122,-0.7825122,-0.4625122,0.04748779,0.2574878,0.49748778,0.7574878,0.6174878,1.2874877,0.6174878,0.5074878,-0.002512207,0.117487796,0.5974878,-0.022512207,-0.6825122,-0.4825122,0.087487794,-2.0025122,-0.5725122,-0.28251222,-0.28251222,-0.37251222,0.3474878,0.10748779,0.2674878,0.4874878,0.82748777,2.2874877,1.8674878,1.1074878,1.1574878,0.5974878,0.82748777,0.9274878,1.8774878,2.4474878,3.9574878,4.0474877,5.0674877,4.4174876,4.367488,1.9274879,0.2974878,0.06748779,1.5874878,-0.7225122,0.7874878,0.7474878,1.6274878
-3.5725121,-2.5325122,-2.2025123,-0.5125122,0.057487793,-0.86251223,-2.2425122,-2.6425123,-2.1025121,-1.5125122,-2.1425123,-1.4325122,-1.1725122,-0.7825122,-0.6925122,-0.6225122,-0.2225122,-0.47251222,-0.4025122,-1.9425122,-0.3225122,0.51748776,-1.7625122,-1.1125122,-1.2225122,-1.5825123,-1.5825123,-1.7025123,-1.7125123,-1.7825122,-1.4325122,-1.1425122,-1.1425122,-0.4425122,-0.6525122,0.5574878,2.4074879,0.007487793,0.3274878,0.6274878,0.6774878,0.1274878,0.057487793,0.9674878,2.0774877,2.7074878,3.1874878,4.0274878,4.197488,3.8274877,2.4674878,-0.5025122,-0.5825122,-0.6325122,0.5474878,-1.1425122,2.9274879,2.0974877
-4.532512,-3.8125122,-2.8325121,-1.5825123,-1.3825122,-1.4125122,-4.4325123,-2.632512,-2.7325122,-2.6725123,-2.9625123,-2.5125122,-2.2825122,-2.2325122,-1.0625122,-1.4625123,-1.8925122,-1.1325122,-0.98251224,-3.5825121,-1.0825123,-1.4625123,-2.2325122,-1.9225122,-2.2325122,-1.7325122,-2.362512,-2.372512,-2.1625123,-2.7325122,-2.632512,-2.5225122,-2.4825122,-1.4325122,-1.2625122,-0.21251221,-0.3625122,-0.10251221,-0.3625122,0.43748778,-0.24251221,-0.8225122,-0.6425122,-0.10251221,1.6274878,2.2574878,3.127488,3.9174879,4.6074877,4.1074877,1.6574878,-1.0325122,-0.13251221,-1.6025122,0.49748778,-0.16251221,1.3274878,1.0774878
-4.4525123,-4.502512,-4.2225122,-3.7325122,-3.4725122,-3.362512,-1.5625122,-3.6025121,-4.052512,-4.2025123,-3.7225122,-3.6725123,-3.0425122,-3.122512,-2.7825122,-2.6825123,-2.612512,-2.5525122,-2.112512,-3.0125122,-3.3025122,-2.9025123,-2.9725122,-3.1025121,-2.4925122,-2.9625123,-3.0225122,-2.882512,-3.382512,-3.122512,-3.2325122,-2.3225121,-3.2325122,-2.5725121,-1.6125122,-0.8825122,-2.1925123,-1.0625122,-1.2225122,-0.032512207,-0.8125122,-1.0925122,-0.9525122,-0.6225122,1.0174878,2.2074878,2.9574878,3.3074877,4.427488,4.5274878,0.5974878,-0.5625122,1.4574878,0.46748778,0.57748777,1.2074878,0.9574878,0.2674878
-5.172512,-4.4325123,-4.4125123,-4.672512,-4.382512,-4.4325123,-3.5725121,-3.4725122,-6.1825123,-4.802512,-4.1225123,-4.802512,-4.112512,-4.0225124,-3.632512,-3.9925122,-3.0125122,-2.8225121,-3.3525121,-4.1025124,-3.3225121,-3.5425122,-4.092512,-3.4225123,-3.5325122,-3.4225123,-3.362512,-3.4625123,-3.862512,-4.3325124,-3.7725122,-3.8125122,-3.4925122,-3.4725122,-2.7525122,-1.6025122,1.3274878,-3.632512,-2.3325121,-1.1825122,-1.1425122,-1.7425122,-1.1325122,-0.31251222,0.49748778,1.5874878,2.0474877,3.137488,3.9974878,-0.9525122,-1.3825122,1.3474878,-0.4225122,0.7474878,0.8674878,0.9674878,1.1874878,0.3174878
-5.612512,-5.052512,-5.382512,-5.322512,-5.252512,-4.9725122,-3.3525121,-4.532512,-5.692512,-3.862512,-3.5825121,-4.462512,-4.8125124,-4.442512,-4.5625124,-4.1225123,-2.4725122,-3.0025122,-4.052512,-4.6025124,-4.032512,-3.7825122,-5.462512,-3.2125123,-4.1425123,-4.2925124,-3.7625122,-4.4725122,-4.242512,-4.9325123,-4.382512,-3.7525122,-3.3225121,-4.232512,-3.3225121,-2.8525121,-1.7825122,-2.0925121,-2.122512,-1.2525122,-1.5925122,-1.8025122,-1.3525122,-0.5025122,0.5974878,1.0874878,1.6274878,3.1574879,1.8374878,-1.0325122,-0.7025122,0.2174878,0.2874878,0.6974878,0.8974878,1.0274878,0.63748777,0.4274878
-5.172512,-6.442512,-5.8125124,-6.092512,-5.592512,-4.492512,-3.9125123,-5.3725123,-4.0225124,-2.5325122,-5.032512,-5.762512,-5.462512,-4.782512,-4.152512,-3.6925123,-3.632512,-3.0625122,-4.692512,-3.9225123,-5.032512,-4.9725122,-4.252512,-4.532512,-4.532512,-3.6525123,-4.7025123,-4.282512,-4.782512,-4.732512,-4.012512,-3.5725121,-4.112512,-4.1225123,-4.0425124,-4.3525124,-4.982512,-2.6725123,-3.4925122,-2.0825121,-2.2025123,-1.9725122,-2.0325122,-1.1125122,0.6074878,0.3474878,1.8474878,2.2974877,0.9474878,-1.7625122,2.0974877,0.3074878,0.3874878,0.9074878,0.8674878,1.1074878,1.1374878,-0.16251221
-6.552512,-6.5425124,-7.3925123,-7.0225124,-5.822512,-4.9125123,-5.402512,-5.632512,-4.992512,-4.0625124,-5.5425124,-5.362512,-5.092512,-5.532512,-4.672512,-4.152512,-4.1825123,-3.8125122,-4.9525123,-5.032512,-5.2025123,-4.672512,-4.6425123,-5.252512,-5.362512,-3.0325122,-4.5625124,-4.7725124,-4.512512,-5.3325124,-4.5225124,-4.7925124,-4.992512,-4.112512,-4.092512,-4.3925123,-4.3125124,-4.362512,-4.382512,-3.6625123,-3.5225122,-2.7325122,-2.8525121,-2.0125122,-0.6525122,0.117487796,1.8574878,2.7174878,1.1874878,-0.92251223,1.5274878,0.8774878,0.2374878,1.0274878,1.0074878,1.0374877,1.2674878,-0.012512207
-7.072512,-7.8525124,-7.9325123,-7.322512,-7.842512,-6.052512,-7.922512,-6.532512,-5.2025123,-5.382512,-5.7925124,-6.242512,-5.8525124,-5.6425123,-5.5425124,-4.822512,-5.652512,-6.112512,-6.132512,-5.322512,-5.1625123,-5.532512,-5.9725122,-5.092512,-4.7725124,-4.302512,-4.402512,-5.382512,-5.282512,-4.9725122,-5.152512,-4.962512,-5.092512,-4.502512,-5.462512,-4.172512,-4.4725122,-4.672512,-5.2925124,-4.572512,-3.7225122,-3.7825122,-3.5725121,-2.4225123,-1.7025123,-1.3025122,1.4774878,5.037488,4.3174877,-0.3225122,1.5874878,0.8574878,0.3274878,0.8174878,0.9174878,1.0574878,1.2574878,1.0374877
-7.0425124,-7.6625123,-8.162512,-7.882512,-7.592512,-7.2925124,-7.732512,-6.922512,-6.0825124,-6.002512,-6.302512,-6.7025123,-6.762512,-5.7025123,-6.552512,-6.4125123,-6.8125124,-6.3525124,-5.632512,-5.9525123,-5.362512,-6.442512,-6.762512,-5.742512,-5.3525124,-5.1625123,-5.6825123,-5.6825123,-5.7925124,-5.8925123,-5.672512,-5.4525123,-5.512512,-4.7225122,-5.282512,-5.032512,-4.8725123,-5.382512,-5.9325123,-6.0425124,-4.262512,-4.2925124,-4.462512,-3.622512,-2.5425122,-2.8525121,-1.2125123,0.3574878,-0.7625122,1.4174877,1.5274878,0.9474878,1.0474877,1.0074878,1.2174878,0.9574878,1.1574878,1.1074878
-7.612512,-7.592512,-8.802512,-8.272512,-8.432512,-8.242512,-8.262512,-7.842512,-7.3725123,-7.5825124,-8.112513,-7.462512,-7.802512,-7.252512,-6.712512,-6.422512,-6.982512,-6.6825123,-5.8725123,-6.2025123,-5.502512,-6.802512,-6.9725122,-6.962512,-6.712512,-5.822512,-6.0225124,-5.8125124,-6.512512,-5.9725122,-6.1025124,-6.6425123,-5.442512,-5.2925124,-5.0625124,-5.692512,-5.192512,-6.252512,-6.4725122,-6.2225122,-5.172512,-4.942512,-5.0225124,-4.442512,-3.862512,-3.0925121,-3.0125122,-2.9025123,-0.3625122,0.2374878,0.1274878,0.82748777,1.0674878,1.0474877,0.82748777,1.4574878,1.2074878,0.82748777
-8.532513,-8.892512,-9.312512,-9.4425125,-9.132512,-8.962512,-7.5225124,-7.9525123,-9.082512,-9.152513,-9.112513,-8.502512,-8.972512,-7.992512,-7.8525124,-8.382512,-8.302512,-7.5625124,-7.212512,-6.6225123,-5.8925123,-6.1025124,-6.672512,-6.9725122,-7.152512,-6.3725123,-6.822512,-6.672512,-6.742512,-7.3325124,-6.902512,-6.2925124,-5.302512,-5.5625124,-5.732512,-5.922512,-6.0825124,-7.1425123,-6.192512,-6.942512,-5.9725122,-5.7925124,-5.362512,-5.232512,-4.6225123,-3.5425122,-3.7325122,-3.5125122,-0.34251222,0.7374878,-1.3725122,-0.022512207,0.7474878,0.6574878,1.0174878,1.1174878,0.7774878,0.19748779
-8.072513,-10.302512,-9.212512,-8.262512,-9.342512,-9.002512,-8.962512,-8.182512,-8.412512,-9.382512,-9.092512,-8.872512,-8.962512,-8.262512,-8.172512,-8.292512,-7.9325123,-8.872512,-7.8925123,-7.842512,-7.132512,-7.0625124,-6.822512,-7.0825124,-7.0825124,-6.962512,-7.1425123,-7.4525123,-6.7725124,-7.0225124,-7.5825124,-7.0425124,-6.2025123,-5.8525124,-6.402512,-6.442512,-6.8325124,-6.942512,-6.6625123,-7.052512,-6.422512,-6.2225122,-5.8725123,-6.012512,-4.9125123,-4.252512,-4.382512,-4.072512,-3.1025121,-1.3325123,0.3974878,0.9874878,0.6674878,0.057487793,0.09748779,1.2374878,1.3174878,0.7574878
-9.512512,-10.132512,-8.452512,-9.312512,-9.982512,-9.242512,-9.462512,-8.742512,-8.322513,-9.382512,-8.422512,-8.912512,-8.462512,-8.482512,-7.4725122,-8.532513,-8.092512,-8.702512,-9.652513,-8.852512,-7.712512,-8.722512,-7.4725122,-7.5225124,-6.7925124,-6.8925123,-7.752512,-7.6025124,-6.922512,-6.842512,-7.0825124,-6.752512,-7.1025124,-7.002512,-6.652512,-7.1425123,-7.4325123,-7.262512,-6.7925124,-6.9325123,-7.1825123,-6.3725123,-6.6225123,-6.492512,-5.8125124,-4.8325124,-5.4325123,-5.3925123,-4.3925123,-0.13251221,-1.5225122,1.3274878,0.43748778,0.9774878,-0.34251222,0.8674878,0.7074878,0.6274878
-9.732512,-9.952512,-8.632512,-9.402513,-9.852512,-10.512512,-9.112513,-9.822513,-9.322513,-9.402513,-10.012512,-9.052512,-9.982512,-8.402513,-8.372512,-8.082512,-9.052512,-9.052512,-9.272512,-9.302512,-8.312512,-7.512512,-9.332512,-8.302512,-7.0625124,-8.342512,-7.5225124,-7.882512,-7.442512,-7.422512,-6.5225124,-7.6025124,-6.492512,-7.3725123,-7.7725124,-7.0625124,-7.862512,-7.482512,-7.262512,-7.5425124,-7.152512,-6.5425124,-6.882512,-7.052512,-6.9525123,-5.632512,-5.9325123,-5.532512,-4.8725123,-2.622512,0.2374878,-1.3925122,-0.3325122,0.46748778,0.4474878,0.017487792,0.6274878,0.7774878
-10.512512,-10.212512,-9.872512,-10.1925125,-10.932512,-10.102512,-10.632512,-10.612513,-9.1925125,-9.512512,-10.512512,-10.222512,-9.842512,-10.512512,-10.412512,-10.472512,-9.482512,-9.452512,-9.122512,-8.422512,-7.6425123,-7.6825123,-8.512512,-8.052512,-8.312512,-9.672512,-9.492512,-8.552512,-7.8925123,-7.1625123,-7.672512,-7.0225124,-7.1625123,-6.6625123,-7.7925124,-7.342512,-8.032513,-7.692512,-7.1625123,-7.442512,-7.5425124,-6.9325123,-7.072512,-7.4725122,-7.1625123,-6.8725123,-6.032512,-6.112512,-5.2925124,-4.1625123,0.9074878,-1.7725122,0.5474878,-0.18251221,0.10748779,0.5874878,0.9774878,0.6474878
-10.042512,-10.312512,-8.792512,-10.612513,-10.762512,-9.522512,-9.932512,-9.752512,-10.412512,-10.042512,-10.312512,-10.462512,-10.252512,-10.292512,-10.542512,-10.642512,-10.842512,-11.012512,-10.222512,-9.752512,-9.182512,-9.062512,-8.572513,-8.222512,-7.9325123,-8.9425125,-8.852512,-8.292512,-7.7725124,-8.152513,-7.742512,-7.6025124,-7.302512,-6.8925123,-8.162512,-7.442512,-8.612513,-8.102512,-7.8725123,-7.322512,-7.762512,-7.4325123,-7.112512,-7.3125124,-7.672512,-7.132512,-6.3325124,-6.3325124,-6.242512,-5.2725124,-3.372512,-0.2225122,1.0774878,0.3274878,0.8974878,0.4774878,0.7574878,0.8074878
-10.772512,-10.032513,-9.132512,-10.262512,-9.662512,-9.002512,-9.462512,-8.9425125,-10.012512,-9.522512,-10.652513,-9.802512,-9.892512,-9.682512,-10.242512,-10.472512,-10.232512,-10.332512,-9.652513,-9.152513,-9.102512,-9.662512,-9.782513,-9.762512,-9.112513,-8.902513,-8.572513,-8.872512,-8.732512,-9.082512,-8.732512,-8.072513,-8.382512,-6.992512,-7.9525123,-8.542512,-8.352512,-8.292512,-8.492512,-8.152513,-8.002512,-7.902512,-7.612512,-7.6625123,-7.7925124,-8.112513,-7.252512,-6.802512,-6.0625124,-5.672512,-4.0225124,0.27748778,-2.0425122,-0.7025122,0.2974878,-0.3025122,0.5974878,0.1374878
-10.292512,-10.232512,-10.172512,-9.782513,-9.282513,-9.622512,-10.012512,-10.412512,-10.802512,-10.772512,-11.212512,-11.152513,-10.932512,-10.682512,-10.532513,-10.352512,-10.572513,-10.262512,-10.242512,-10.092512,-9.972512,-9.4425125,-9.032513,-9.242512,-9.342512,-8.632512,-8.922512,-8.972512,-9.042512,-8.902513,-9.502512,-8.672512,-8.562512,-8.452512,-8.242512,-9.072513,-9.102512,-8.652513,-8.902513,-9.052512,-8.932512,-8.612513,-8.482512,-7.982512,-8.582512,-8.512512,-7.782512,-6.7725124,-6.402512,-6.0225124,-3.7025123,-2.4725122,-0.4325122,-1.2125123,-0.5525122,0.09748779,0.63748777,0.6774878
