json-data/2022072218.json
{"header": {"discipline":0,"disciplineName":"Meteorological products","gribEdition":2,"gribLength":79060,"center":7,"centerName":"US National Weather Service - NCEP(WMC)","subcenter":0,"refTime":"2022-07-22T18:00:00.000Z","significanceOfRT":1,"significanceOfRTName":"Start of forecast","productStatus":0,"productStatusName":"Operational products","productType":1,"productTypeName":"Forecast products","productDefinitionTemplate":0,"productDefinitionTemplateName":"Analysis/forecast at horizontal level/layer at a point in time","parameterCategory":2,"parameterCategoryName":"Momentum","parameterNumber":3,"parameterNumberName":"V-component_of_wind","parameterUnit":"m.s-1","genProcessType":2,"genProcessTypeName":"Forecast","forecastTime":0,"surface1Type":103,"surface1TypeName":"Specified height level above ground","surface1Value":10.0,"surface2Type":255,"surface2TypeName":"Missing","surface2Value":0.0,"gridDefinitionTemplate":0,"gridDefinitionTemplateName":"Latitude_Longitude","numberPoints":65160,"shape":6,"shapeName":"Earth spherical with radius of 6,371,229.0 m","gridUnits":"degrees","resolution":48,"winds":"true","scanMode":0,"nx":360,"ny":181,"basicAngle":0,"lo1":0.0,"la1":90.0,"lo2":359.0,"la2":-90.0,"dx":1.0,"dy":1.0}, "data":
[rows 0 to 25 of 181, columns 0 to 58 of 360]
4.178088,4.2580886,4.3380885,4.4180884,4.4980884,4.5680885,4.6480885,4.718088,4.7880883,4.8580885,4.928088,4.9980884,5.0680885,5.1280885,5.1880884,5.2580886,5.3080883,5.3680882,5.428088,5.4780884,5.5380883,5.5880885,5.638088,5.6880884,5.7280884,5.7780886,5.8180885,5.8580885,5.8980885,5.9380884,5.968088,6.0080886,6.0380883,6.0680885,6.0980883,6.1180882,6.1480885,6.1680884,6.1880884,6.2080884,6.2280884,6.2380886,6.2480884,6.2680883,6.2680883,6.2780886,6.2880883,6.2880883,6.2880883,6.2880883,6.2880883,6.2880883,6.2780886,6.2680883,6.2580886,6.2480884,6.2380886,6.218088,6.198088
3.6480885,3.7280884,3.7980883,3.8680885,3.9380884,4.0080886,4.0780883,4.138088,4.2080884,4.2580886,4.3180885,4.3780885,4.428088,4.4780884,4.5280886,4.5780883,4.638088,4.678088,4.7380886,4.7780886,4.8280883,4.8780885,4.928088,4.968088,5.0180883,5.0580883,5.0980883,5.138088,5.178088,5.218088,5.2480884,5.2880883,5.3180885,5.3480883,5.3780885,5.4180884,5.4580884,5.4980884,5.5480886,5.5880885,5.6280885,5.6680884,5.698088,5.7280884,5.7680883,5.7980886,5.8280883,5.8580885,5.888088,5.9180884,5.9380884,5.9580884,5.9880886,5.9980884,6.0180883,6.0380883,6.0580883,6.0780883,6.0880885
2.9480884,2.9980884,3.0480883,3.0980883,3.1580884,3.2280884,3.2880883,3.3580885,3.4280884,3.5080884,3.5680883,3.6480885,3.6980884,3.7580884,3.8180883,3.8580885,3.9080884,3.9480884,3.9880884,4.0380883,4.0880885,4.138088,4.1880884,4.2480884,4.2980886,4.3780885,4.468088,4.5580883,4.6480885,4.7380886,4.8380885,4.9380884,5.0280886,5.1180882,5.198088,5.2780886,5.3680882,5.448088,5.5380883,5.6280885,5.698088,5.7680883,5.8280883,5.888088,5.9380884,5.9980884,6.0280886,6.0380883,6.0380883,6.0180883,6.0180883,6.0080886,5.9980884,5.9880886,5.9780884,5.9580884,5.9380884,5.9180884,5.8980885
2.2380884,2.2980883,2.3780885,2.4580884,2.5580883,2.6280885,2.7180884,2.7680883,2.8080883,2.8380883,2.8780885,2.8980885,2.9380884,2.9780884,3.0180883,3.0580883,3.0980883,3.1480885,3.2180884,3.3080883,3.3880885,3.4780884,3.5780883,3.6780884,3.7780883,3.8680885,3.9580884,4.0480886,4.1180882,4.178088,4.2380886,4.2880883,4.3380885,4.388088,4.4380884,4.4980884,4.5480886,4.5680885,4.5680885,4.5880885,4.638088,4.698088,4.7680883,4.8180885,4.888088,4.9580884,5.0480886,5.0980883,5.0680885,4.9780884,4.888088,4.8080883,4.718088,4.658088,4.6180882,4.5880885,4.5580883,4.5880885,4.6280885
1.5180883,1.5880884,1.6580883,1.7280884,1.7980884,1.8680884,1.9380884,1.9980884,2.0780883,2.1880884,2.3080883,2.4480884,2.5680883,2.6580884,2.7380884,2.7780883,2.7980883,2.8080883,2.8180883,2.8180883,2.8380883,2.8780885,2.9280884,2.9780884,2.9980884,3.0080884,3.0280883,3.0580883,3.1180885,3.1880884,3.2580884,3.3580885,3.5080884,3.6280885,3.6880884,3.7080884,3.7480884,3.7880883,3.8180883,3.8180883,3.8580885,3.9480884,4.0280886,4.0580883,4.0780883,4.0780883,4.0380883,3.9680884,3.9480884,3.9580884,3.9680884,3.9480884,3.9080884,3.8580885,3.7980883,3.7380884,3.6680884,3.6180885,3.5780883
1.3680884,1.3780884,1.3980883,1.4280884,1.4280884,1.3980883,1.3680884,1.3480884,1.3880883,1.4380884,1.5380883,1.6780884,1.8480884,2.0380883,2.1780884,2.2680883,2.3080883,2.3180883,2.2280884,2.1580884,2.1180885,2.1580884,2.2480884,2.3980885,2.5280883,2.6480885,2.7780883,2.8580885,2.8980885,3.0280883,3.1680884,3.1980884,3.1880884,3.1980884,3.2080884,3.1980884,3.1680884,3.1780884,3.3080883,3.4480884,3.5180883,3.6480885,3.7880883,3.7980883,3.7280884,3.6880884,3.6680884,3.6180885,3.6280885,3.6580884,3.6680884,3.5680883,3.4280884,3.3080883,3.2680883,3.2280884,3.1280885,3.0380883,2.9280884
0.5480884,0.50808835,0.45808837,0.42808837,0.4080884,0.41808838,0.41808838,0.39808837,0.37808838,0.41808838,0.5180884,0.6580884,0.8380884,1.0080884,1.1380883,1.2980884,1.4480884,1.6180884,1.7880883,1.8580884,1.8880883,1.8280884,1.7780883,1.7780883,1.8480884,1.9380884,1.9780884,2.0180883,2.0780883,2.1180885,2.1580884,2.1580884,2.1180885,2.0680883,2.0480883,2.0880883,2.1480885,2.1680884,2.2680883,2.4280884,2.5680883,2.7180884,2.8680885,2.9080884,2.8380883,2.8080883,2.8680885,2.9080884,2.9280884,2.9480884,2.8180883,2.5880883,2.4680884,2.4580884,2.4480884,2.3780885,2.2380884,2.1280885,2.0580883
-0.9019116,-0.8919116,-0.82191163,-0.7819116,-0.82191163,-0.88191164,-0.9119116,-0.8619116,-0.7319116,-0.5919116,-0.51191163,-0.48191163,-0.4119116,-0.29191163,-0.111911625,0.10808838,0.35808837,0.5880884,0.74808836,0.9080884,1.0780884,1.2580884,1.4580884,1.6380883,1.7580884,1.8480884,1.8880883,1.9480884,2.0480883,2.0980883,2.0680883,2.0480883,1.8580884,1.5480884,1.4580884,1.5580884,1.8580884,2.0080884,2.1180885,2.1080885,1.9480884,1.7480884,1.6580883,1.5480884,1.6880884,1.9180884,2.0780883,2.1380885,2.1780884,2.1580884,2.1980884,2.2080884,2.1280885,2.0680883,1.9980884,1.7980884,1.5880884,1.2880883,0.86808836
-2.6719117,-3.0119116,-3.0719116,-3.0119116,-2.9519117,-2.8919115,-2.8019116,-2.6619117,-2.4319117,-2.2519116,-2.2519116,-2.3319116,-2.3919115,-2.2919116,-1.9719117,-1.7619116,-1.3219116,-0.7719116,-0.29191163,0.08808838,0.5880884,0.8880884,1.1680884,1.4980884,1.6980884,1.7880883,1.7180884,1.6880884,1.7580884,1.9980884,2.0080884,1.9780884,1.8680884,1.8980883,1.8780884,1.9780884,1.8180884,1.4580884,1.1280884,0.9580884,1.1280884,1.5680884,1.8080884,1.4780884,1.0080884,1.1180884,1.2580884,1.3480884,1.4380884,1.5180883,1.5780884,1.7180884,1.8680884,1.7280884,1.1980884,0.67808837,0.16808838,-0.24191162,-0.14191163
-3.6919117,-4.111912,-4.4919114,-4.861912,-5.1619115,-5.1519117,-4.9619117,-4.7419114,-4.6819115,-4.8119116,-5.4319115,-5.9519114,-5.3919115,-4.6019115,-3.5619116,-2.5419116,-1.7319117,-0.5419116,0.6080884,1.3380884,1.7080884,2.0080884,2.5980883,3.1480885,3.4480884,3.5480883,3.5480883,3.6480885,3.6480885,3.5580883,3.4480884,3.1980884,3.1680884,3.5180883,3.8780885,3.8580885,3.5880883,3.3780885,3.1780884,2.8980885,2.4280884,1.7780883,1.6280884,1.3880883,0.6680884,0.29808837,0.7780884,1.2780883,1.5280883,1.8480884,1.5580884,0.6080884,-1.3519117,-1.8419117,-2.1219115,-1.4919116,-1.5919117,0.02808838,0.19808838
-5.2319117,-5.3919115,-5.8519115,-6.591912,-8.6419115,-9.371912,-9.601912,-9.561912,-9.511911,-9.211911,-8.111912,-6.2219114,-3.1319115,-1.4019116,-0.69191164,-0.74191165,0.26808837,3.0580883,2.9180884,1.4280884,1.3680884,0.62808836,-0.56191164,0.99808836,4.388088,4.6480885,2.7180884,1.6780884,1.7980884,1.9580884,2.1380885,2.5080884,2.8380883,3.0880883,3.1780884,2.9580884,2.6080885,2.4580884,2.6680884,2.7680883,2.6180885,2.4080884,2.2080884,2.0080884,1.8180884,1.7180884,1.6180884,1.0180883,-0.4119116,-1.2619116,-0.9519116,-0.76191163,-0.46191162,-1.5719116,-1.8219116,-1.2619116,-2.1619117,-3.8219116,-3.9019117
-6.5119114,-6.9419117,-7.9219117,-8.561912,-9.511911,-10.161912,-10.501911,-10.741912,-10.701912,-10.911912,-5.841912,-0.9619116,-0.50191164,-0.76191163,-1.2719116,-1.8319116,-0.9019116,-0.50191164,-1.1719116,-1.1519116,-0.10191162,-0.6519116,-3.1819117,-3.4619117,-3.6919117,-2.4819117,0.038088378,1.4480884,1.8780884,2.1980884,2.3580885,2.4580884,2.6680884,2.9480884,3.0080884,3.0880883,3.1580884,2.7180884,2.1580884,1.8180884,1.5080884,1.3580884,1.5180883,1.3480884,0.68808836,0.25808838,0.038088378,-0.08191162,-0.17191163,-0.39191163,-0.7719116,-1.0019116,-1.0319116,-1.2519116,-1.5719116,-1.7019116,-1.5219116,-1.4819117,-1.6419116
-6.071912,-7.2619114,-8.121912,-8.921911,-9.491912,-9.961911,-10.131911,-9.731912,-9.281912,-7.7019114,-4.7219114,-2.7519116,-2.3919115,-2.2119117,-0.7719116,0.18808837,0.5880884,-0.74191165,-1.4919116,-6.1019115,-7.2619114,-1.5519116,-1.9019116,-2.0019116,-3.5319116,-1.5419116,-0.031911623,0.93808836,1.5180883,1.9180884,2.0780883,2.2980883,2.5480883,2.4280884,2.1980884,2.3180883,2.2180884,2.2280884,2.3980885,2.2380884,2.0280883,1.7480884,1.1780884,0.7880884,0.86808836,0.4980884,-0.26191163,-0.6419116,-0.8319116,-1.0519116,-1.2519116,-1.5219116,-1.5519116,-1.4219116,-1.4419116,-1.5419116,-1.6019117,-1.6419116,-1.5519116
-5.9019117,-6.8119116,-7.7119117,-8.661912,-9.261911,-9.381911,-9.271912,-8.801911,-8.201912,-6.8819118,-5.1819115,-4.4419117,-1.2219117,2.7880883,2.1480885,-0.011911621,-0.011911621,-2.0019116,-6.8719115,-5.1619115,-2.6319115,-1.2219117,-2.4019117,-4.3919115,-3.2619116,-2.0519116,-1.0519116,-0.23191161,1.0680884,1.6180884,1.6580883,1.6080884,1.4680884,1.3280884,1.2180884,1.2680883,1.2480884,1.3280884,1.6280884,1.5280883,1.4880884,1.6880884,1.5580884,1.4280884,1.4480884,0.62808836,0.038088378,-0.32191163,-1.0219116,-1.6419116,-2.2519116,-2.3419116,-2.2219117,-2.3119116,-2.3419116,-2.2919116,-2.3819115,-2.6319115,-2.7919116
-5.0119114,-6.0219116,-6.6619115,-7.281912,-7.9319115,-8.171911,-8.251911,-8.101912,-7.7219114,-6.841912,-5.2219114,-4.4019117,0.7080884,1.6680884,-0.4719116,-2.7619116,-4.0419116,-4.1019115,-2.5219116,-1.9219116,-2.8819115,-3.4519117,-3.0819116,-2.6519117,-2.5419116,-2.9419117,-2.6119115,-2.0819116,-1.5119116,0.4080884,0.8880884,0.9080884,0.7680884,0.7280884,0.74808836,0.9780884,1.2480884,1.6780884,2.0780883,2.1480885,1.8880883,1.6780884,1.6780884,1.3180884,0.81808835,0.23808838,-0.15191162,-0.6719116,-1.9319116,-2.8019116,-2.7819116,-3.0619116,-3.7519116,-3.6419115,-3.6119115,-3.8119116,-3.9119117,-3.7519116,-3.6419115
-4.4319115,-5.341912,-6.2219114,-6.861912,-7.1519117,-7.301912,-7.3919115,-7.3719115,-7.1019115,-6.6719117,-7.1019115,-4.7319117,-3.8719115,-4.0419116,-4.0119114,-3.9019117,-3.5719116,-3.2119117,-3.0519116,-2.9719117,-3.0019116,-2.9619117,-2.7919116,-2.7919116,-2.9719117,-3.4219117,-3.0719116,-2.7019117,-2.2819116,-0.7319116,0.24808837,0.48808837,0.7280884,1.0580884,1.4380884,1.4580884,2.1880884,2.7380884,2.8980885,2.7280884,2.5280883,2.3980885,2.2780883,2.0980883,1.8280884,1.0080884,-0.06191162,-0.9119116,-1.8719116,-2.8319116,-3.9119117,-5.0219116,-5.2919116,-3.8119116,-1.6519116,-0.8419116,1.3180884,1.2780883,0.47808838
-4.301912,-4.7319117,-5.281912,-5.6219115,-5.9819117,-6.6519117,-7.031912,-7.091912,-7.321912,-7.2019114,-6.2319117,-6.6519117,-6.2319117,-5.7619114,-5.051912,-3.0219116,-2.5819116,-2.0319116,-0.88191164,-0.07191162,-0.32191163,-0.88191164,-1.5919117,-2.1119115,-2.4719117,-2.7819116,-2.6619117,-2.8419116,-2.4819117,-2.5719116,-1.4519116,-1.0219116,-0.62191164,-0.8019116,-0.35191163,0.86808836,1.0780884,1.6980884,2.4480884,2.8480883,3.1880884,3.6280885,3.8280883,3.6180885,2.5780883,1.9380884,1.1080884,0.36808836,-0.20191163,-1.3119116,-2.1419115,-2.2019117,-1.4419116,-0.7119116,-1.0419116,-1.0419116,0.04808838,0.44808838,-6.0019116
-4.6919117,-5.1519117,-5.571912,-6.4419117,-6.6819115,-6.8519115,-7.4219117,-7.611912,-7.7519116,-8.021912,-7.9619117,-6.2219114,-2.3319116,-2.4819117,-3.2019117,-3.4219117,-1.1519116,1.3880883,0.62808836,-0.19191162,0.24808837,2.8880885,2.0180883,0.7880884,-0.12191162,-0.9219116,-1.5719116,-2.8219116,-3.2919116,-3.9519117,-3.3419116,-3.4019117,-3.3919115,-3.8219116,-3.5719116,-2.1219115,-0.69191164,0.98808837,2.1180885,2.6980884,3.0380883,3.3380883,3.2980883,3.0480883,3.5480883,3.7680883,3.3480883,2.6380885,1.7280884,1.2280884,0.7680884,-0.6119116,-1.7419116,-2.1619117,0.13808838,2.8680885,-1.5319116,-6.6719117,-7.4519114
-5.301912,-6.2219114,-7.031912,-7.3919115,-7.781912,-8.271912,-8.531912,-8.951912,-9.421911,-9.351912,-5.2519116,-3.7019117,-3.6219115,-2.5219116,-1.8319116,-0.6019116,1.5680884,3.0380883,4.3680882,3.9880884,2.5180883,2.4880884,2.3380883,2.7880883,2.4580884,0.15808839,-0.07191162,-0.36191162,-1.3319116,-3.0019116,-5.2119117,-5.0119114,-5.3819118,-5.0219116,-5.6419115,-6.361912,-5.801912,-4.2619114,1.7780883,4.888088,5.8480883,5.9180884,6.0780883,5.7880883,5.9880886,6.2980886,5.5980883,4.3680882,3.3380883,2.8580885,1.3980883,-0.9019116,-2.0819116,2.5080884,-0.021911621,-4.2419114,-5.591912,-5.6819115,-5.6819115
-5.861912,-6.6219115,-7.1419115,-7.4319115,-7.5419116,-7.8919115,-7.9619117,-8.091911,-8.021912,-7.1219115,-5.4319115,-5.1219115,-4.6919117,-2.4919116,0.4980884,2.9980884,6.4780884,7.1280885,7.1480885,6.6280885,5.4380884,5.138088,4.0280886,2.9380884,1.1080884,0.23808838,-1.0819116,-1.9319116,-2.3219116,-3.2119117,-2.9319117,-4.051912,-6.3519115,-6.8819118,-6.591912,-5.8819118,-5.4719114,-4.9619117,-3.7819116,-2.0819116,0.9680884,5.138088,6.5980883,6.3780885,6.198088,5.658088,5.2880883,5.2280884,5.2580886,5.0980883,3.9480884,2.6980884,0.50808835,-0.74191165,-0.7219116,-1.0819116,-2.9519117,-5.0419116,-5.7919116
-4.0419116,-5.281912,-6.2119117,-6.5019116,-6.3519115,-6.6019115,-7.2519116,-7.4419117,-7.841912,-7.6219115,-5.4619117,-3.4819117,-1.6619116,-0.07191162,3.5580883,4.7480884,9.548088,10.3580885,8.998089,6.6080885,4.3380885,-0.51191163,-1.5919117,-2.5119116,-3.1319115,-1.2019116,-3.6719117,-4.5419116,-4.7019114,-5.0419116,-4.1819115,-0.93191165,-5.9919114,-6.2119117,-6.321912,-7.1419115,-4.7919116,-4.4719114,-3.7919116,-4.1619115,-5.031912,-4.7219114,-4.051912,-2.1319115,7.1680884,9.028089,9.058088,7.8180885,7.5580883,6.3980885,5.468088,4.7080884,3.9080884,2.8580885,0.5480884,-1.4519116,-2.3319116,-2.2419116,-4.6719117
-1.9919116,-2.6519117,-3.3919115,-4.2019114,-4.7519116,-4.781912,-5.4119115,-5.8819118,-5.4519114,-4.551912,-3.0619116,-1.9019116,-0.8519116,2.0180883,6.0480886,8.908089,8.368089,6.2880883,4.9980884,0.6980884,-1.0219116,-0.8619116,0.7080884,0.07808838,-4.3919115,-1.9919116,1.3280884,0.62808836,3.1980884,-0.26191163,-1.1919116,-2.6719117,-3.1519117,-1.3219116,-4.1619115,-5.1619115,-4.1819115,-5.611912,-6.2919116,-6.6219115,-6.6419115,-5.6819115,-5.2319117,-1.8819116,2.9880884,6.658088,6.888088,6.3780885,3.8880885,2.2880883,4.408088,4.3280883,5.2780886,5.1180882,4.0480886,1.4180884,-1.4019116,-3.2719116,-3.5719116
-0.56191164,-1.4419116,-2.4619117,-2.8019116,-3.3519115,-4.0419116,-4.3119116,-4.4419117,-4.2619114,-3.4219117,-2.2119117,-0.16191162,2.3380883,4.138088,5.8180885,6.948088,1.9580884,0.5380884,1.8480884,0.61808836,1.3980883,0.02808838,-2.3719115,-1.2019116,-1.1619116,0.8380884,1.0280883,0.36808836,-1.7719116,-2.1319115,-2.5219116,-2.7419116,-4.551912,-3.8719115,-1.7219117,-4.0219116,-5.1319118,-5.9519114,-6.6019115,-6.2619114,-5.4519114,-5.5219116,-6.9819117,-3.9919116,6.1180882,5.8280883,4.968088,4.7580886,3.3880885,4.5780883,5.2080884,3.4780884,3.1380885,1.5780884,1.2480884,0.47808838,-0.6019116,-1.4119116,-2.4519117
-1.8919116,-2.3319116,-2.7819116,-2.9119117,-3.4719117,-3.4719117,-3.8819115,-3.9619117,-3.8019116,-3.0619116,-1.9119116,-0.68191165,0.4980884,2.0680883,1.8080884,-0.2519116,-2.2119117,-1.7919116,-0.5919116,-0.20191163,-1.9519116,-1.8919116,-0.94191164,-0.36191162,-0.6019116,-0.5419116,-1.7519116,-2.8719115,-2.9219117,-2.5719116,-1.8319116,-1.4219116,-1.7919116,-2.8119116,-1.5719116,-0.6719116,-4.281912,-6.7119117,-5.4819117,-4.841912,-4.6219115,-3.7619116,0.61808836,4.5480886,4.0480886,2.6580884,3.5980883,2.5380883,3.0780883,2.9280884,4.138088,3.4480884,2.8880885,1.0080884,0.5180884,-0.69191164,-2.0619116,-2.0719116,-3.0719116
-1.6819116,-2.5019116,-3.1919117,-3.5319116,-3.4819117,-3.2919116,-3.0719116,-3.2419116,-2.6119115,-2.8419116,-2.6219115,-2.7119117,-3.1619117,-0.69191164,-1.5519116,-1.2519116,-3.2019117,-0.5519116,-1.1419116,-0.38191164,-2.0919116,-2.5919116,-2.0419116,-1.6919116,0.018088378,0.32808837,1.1080884,1.6380883,1.7280884,1.4380884,0.8480884,0.86808836,-0.4419116,0.018088378,-0.87191164,1.0480884,1.1280884,-0.8619116,-1.3619117,0.098088376,1.4680884,3.6680884,-0.2819116,0.25808838,-1.2219117,1.5180883,2.3780885,2.2380884,1.7280884,0.5380884,0.7680884,1.3680884,1.1580883,1.1380883,0.35808837,0.07808838,1.4180884,3.4580884,2.2180884
-1.7819116,-2.4719117,-3.4219117,-3.9019117,-4.1319118,-4.5419116,-4.4919114,-4.4519114,-5.1219115,-4.6619115,-4.781912,-5.0419116,-1.8719116,-1.8619117,-1.0919117,-1.4719117,-2.4119117,-1.1619116,-2.1119115,-2.1419115,-1.9619117,-1.8519117,-3.4019117,2.6080885,2.2980883,3.2680883,0.8280884,0.44808838,-0.32191163,-1.2119117,-1.5719116,0.07808838,0.6580884,1.9180884,1.3080884,3.3180883,3.5480883,2.3580885,2.0780883,0.10808838,-2.6219115,-0.16191162,1.8080884,1.6080884,1.7280884,2.3480883,2.4380884,1.7480884,1.8380884,1.0380883,1.3780884,1.4480884,1.1780884,1.3180884,1.0180883,0.3080884,1.0480884,0.41808838,-0.9819116
