json-data/2022072818.json
{"header": {"discipline":0,"disciplineName":"Meteorological products","gribEdition":2,"gribLength":47849,"center":7,"centerName":"US National Weather Service - NCEP(WMC)","subcenter":0,"refTime":"2022-07-28T18:00:00.000Z","significanceOfRT":1,"significanceOfRTName":"Start of forecast","productStatus":0,"productStatusName":"Operational products","productType":1,"productTypeName":"Forecast products","productDefinitionTemplate":0,"productDefinitionTemplateName":"Analysis/forecast at horizontal level/layer at a point in time","parameterCategory":0,"parameterCategoryName":"Temperature","parameterNumber":0,"parameterNumberName":"Temperature","parameterUnit":"K","genProcessType":2,"genProcessTypeName":"Forecast","forecastTime":0,"surface1Type":1,"surface1TypeName":"Ground or water surface","surface1Value":0.0,"surface2Type":255,"surface2TypeName":"Missing","surface2Value":0.0,"gridDefinitionTemplate":0,"gridDefinitionTemplateName":"Latitude_Longitude","numberPoints":65160,"shape":6,"shapeName":"Earth spherical with radius of 6,371,229.0 m","gridUnits":"degrees","resolution":48,"winds":"true","scanMode":0,"nx":360,"ny":181,"basicAngle":0,"lo1":0.0,"la1":90.0,"lo2":359.0,"la2":-90.0,"dx":1.0,"dy":1.0}, "data":
[rows 0 to 26 of 181, columns 60 to 119 of 360]
272.92487,272.92487,272.92487,272.92487,272.92487,272.92487,272.92487,272.92487,272.92487,272.92487,272.92487,272.92487,272.92487,272.92487,272.92487,272.92487,272.92487,272.92487,272.92487,272.92487,272.92487,272.92487,272.92487,272.92487,272.92487,272.92487,272.92487,272.92487,272.92487,272.92487,272.92487,272.92487,272.92487,272.92487,272.92487,272.92487,272.92487,272.92487,272.92487,272.92487,272.92487,272.92487,272.92487,272.92487,272.92487,272.92487,272.92487,272.92487,272.92487,272.92487,272.92487,272.92487,272.92487,272.92487,272.92487,272.92487,272.92487,272.92487,272.92487,272.92487
272.72488,272.72488,272.72488,272.72488,272.72488,272.72488,272.8249,272.8249,272.8249,272.8249,272.8249,272.8249,272.8249,272.8249,272.8249,272.8249,272.8249,272.8249,272.8249,272.8249,272.8249,272.8249,272.8249,272.8249,272.8249,272.8249,272.8249,272.8249,272.8249,272.8249,272.8249,272.8249,272.8249,272.8249,272.8249,272.8249,272.8249,272.8249,272.8249,272.8249,272.8249,272.8249,272.8249,272.72488,272.72488,272.72488,272.72488,272.72488,272.8249,272.8249,272.8249,272.92487,272.92487,272.92487,272.92487,272.92487,272.92487,272.92487,272.92487,272.92487
272.92487,272.8249,272.8249,272.8249,272.8249,272.92487,272.8249,272.8249,272.8249,272.8249,272.92487,272.92487,272.92487,272.92487,272.92487,272.92487,272.92487,272.92487,272.92487,272.92487,272.92487,272.92487,272.92487,272.92487,272.92487,272.92487,272.92487,272.92487,272.8249,272.8249,272.8249,272.8249,272.92487,272.92487,272.92487,272.92487,272.92487,272.92487,272.92487,272.92487,273.02487,273.02487,273.02487,272.92487,272.92487,272.92487,272.92487,272.92487,272.92487,272.92487,272.92487,272.92487,272.92487,272.92487,272.92487,272.92487,272.92487,272.92487,272.92487,272.92487
273.02487,273.02487,273.02487,272.92487,272.92487,272.92487,272.92487,272.92487,272.92487,272.92487,272.92487,272.8249,272.8249,272.8249,272.8249,272.8249,272.8249,272.8249,272.8249,272.8249,272.8249,272.8249,272.8249,272.72488,272.72488,272.8249,272.8249,272.8249,272.72488,272.62488,272.62488,272.62488,272.62488,272.62488,272.62488,272.62488,272.62488,272.62488,272.72488,272.72488,272.72488,272.72488,272.72488,272.62488,272.62488,272.62488,272.62488,272.62488,272.62488,272.52487,272.52487,272.72488,272.62488,272.62488,272.72488,272.72488,272.8249,272.8249,272.72488,272.72488
272.92487,272.92487,273.02487,273.02487,272.92487,272.92487,272.92487,272.92487,272.92487,272.92487,272.92487,272.92487,272.92487,272.92487,272.92487,272.92487,272.92487,272.92487,272.92487,272.92487,272.92487,272.92487,272.92487,272.92487,272.92487,272.92487,273.02487,273.02487,273.02487,273.02487,273.02487,273.02487,272.92487,272.92487,272.92487,272.8249,272.8249,272.72488,272.72488,272.72488,272.72488,272.72488,272.72488,272.8249,272.8249,272.8249,272.8249,272.92487,272.92487,272.92487,272.8249,272.8249,272.8249,272.8249,272.8249,272.8249,272.8249,272.8249,272.8249,272.92487
272.8249,272.8249,272.8249,272.8249,272.8249,272.8249,272.8249,272.8249,272.8249,272.92487,272.8249,272.8249,272.8249,272.8249,272.8249,272.8249,272.8249,272.8249,272.8249,272.8249,272.8249,272.8249,272.92487,272.92487,272.92487,272.92487,272.92487,272.92487,273.02487,273.02487,273.02487,273.02487,273.02487,273.02487,273.02487,273.02487,273.02487,273.02487,273.02487,273.02487,273.02487,273.02487,273.02487,273.02487,273.02487,273.02487,273.02487,272.92487,272.92487,273.02487,272.92487,272.92487,272.8249,272.72488,272.72488,272.72488,272.72488,272.72488,272.72488,272.8249
272.92487,272.92487,272.92487,272.92487,272.92487,272.92487,272.92487,272.92487,272.8249,272.92487,272.92487,272.92487,272.8249,272.8249,272.8249,272.8249,272.8249,272.8249,272.8249,272.8249,272.8249,272.8249,272.8249,272.8249,272.8249,272.8249,272.8249,272.8249,272.8249,272.8249,272.8249,272.8249,272.8249,272.8249,272.8249,272.8249,272.92487,273.02487,273.02487,273.02487,273.02487,273.02487,273.02487,273.02487,273.12488,273.02487,273.02487,273.02487,273.02487,273.02487,273.02487,273.02487,273.02487,273.02487,273.02487,273.02487,273.02487,273.02487,272.92487,272.8249
272.8249,272.72488,272.8249,272.8249,272.8249,272.8249,272.8249,272.8249,272.8249,272.8249,272.8249,272.92487,272.8249,272.8249,272.8249,272.8249,272.8249,272.8249,272.92487,272.92487,272.92487,272.92487,272.8249,272.92487,272.8249,272.92487,272.8249,272.8249,272.8249,272.72488,272.8249,272.8249,272.8249,272.92487,272.92487,272.92487,272.92487,272.8249,272.92487,272.92487,272.92487,273.02487,273.02487,273.02487,273.02487,273.02487,273.02487,273.02487,273.12488,273.12488,273.02487,273.02487,273.12488,273.12488,273.02487,273.02487,273.02487,273.02487,273.02487,273.02487
273.52487,273.3249,273.02487,272.62488,272.72488,272.72488,272.42487,272.62488,272.62488,272.72488,272.62488,272.72488,272.62488,272.52487,272.3249,272.3249,272.22488,272.42487,272.62488,272.62488,272.62488,272.62488,272.62488,272.62488,272.72488,272.8249,272.8249,272.8249,272.8249,272.72488,272.52487,271.92487,272.02487,272.22488,272.12488,272.02487,272.52487,272.52487,272.72488,272.8249,272.8249,272.92487,272.92487,272.92487,272.92487,272.92487,273.02487,273.02487,273.02487,273.02487,273.02487,273.02487,273.02487,273.02487,273.02487,273.02487,273.02487,273.02487,273.02487,273.02487
273.52487,273.3249,273.72488,273.52487,273.42487,273.22488,273.42487,273.3249,273.52487,273.62488,273.52487,274.12488,272.92487,272.92487,273.3249,273.42487,272.02487,272.22488,272.22488,272.22488,272.62488,272.52487,272.72488,272.72488,272.72488,272.72488,272.72488,272.72488,272.72488,272.72488,272.72488,272.42487,272.72488,272.62488,273.22488,273.12488,273.22488,272.02487,272.62488,272.3249,272.52487,272.8249,272.8249,272.8249,272.92487,272.92487,272.92487,272.92487,273.02487,272.92487,272.92487,273.02487,273.02487,273.12488,273.02487,273.02487,273.02487,273.02487,273.02487,273.02487
274.92487,275.02487,274.62488,274.52487,274.42487,274.22488,274.12488,274.22488,274.02487,274.12488,274.52487,274.12488,274.72488,274.12488,274.42487,274.3249,274.22488,274.12488,271.8249,271.92487,272.3249,272.52487,272.72488,272.72488,272.72488,272.72488,272.62488,272.62488,272.62488,272.52487,272.3249,272.3249,273.52487,273.22488,273.12488,273.12488,273.22488,273.12488,273.12488,273.02487,273.02487,272.8249,272.72488,272.72488,272.52487,272.62488,272.72488,272.92487,272.8249,272.8249,272.92487,273.02487,273.02487,272.92487,272.92487,273.02487,273.02487,273.02487,273.02487,273.02487
275.52487,275.3249,275.3249,275.42487,275.22488,275.02487,275.22488,274.72488,274.52487,274.42487,274.22488,274.3249,275.02487,275.22488,275.22488,275.12488,275.12488,275.02487,274.92487,274.8249,274.8249,274.52487,274.92487,271.8249,272.12488,272.12488,271.72488,272.92487,272.92487,272.8249,272.72488,271.8249,272.12488,272.62488,272.62488,272.3249,273.12488,275.02487,275.12488,273.02487,272.02487,272.72488,278.42487,280.02487,280.22488,272.3249,272.22488,272.42487,272.72488,273.02487,272.72488,273.02487,273.02487,272.92487,273.02487,272.92487,272.92487,273.02487,273.02487,273.02487
275.8249,275.92487,275.92487,276.22488,275.52487,276.02487,276.02487,276.02487,275.92487,275.8249,275.92487,275.8249,275.72488,275.62488,275.52487,275.52487,275.52487,275.42487,275.42487,275.3249,275.22488,275.22488,275.12488,275.02487,274.92487,274.92487,274.92487,274.3249,273.12488,273.12488,273.62488,273.3249,273.22488,273.02487,272.92487,273.12488,272.8249,272.8249,272.62488,272.62488,274.42487,272.12488,272.22488,272.02487,273.3249,272.8249,273.42487,273.52487,273.8249,273.8249,273.8249,273.92487,273.3249,273.8249,273.72488,273.02487,272.42487,271.8249,272.42487,272.8249
277.22488,277.3249,277.12488,277.12488,277.12488,277.12488,276.92487,276.02487,277.92487,277.12488,276.8249,276.72488,276.72488,277.02487,277.22488,276.92487,276.92487,276.52487,276.42487,276.3249,275.92487,275.92487,275.72488,275.52487,275.3249,275.52487,272.42487,271.52487,272.8249,272.62488,272.12488,271.8249,273.3249,273.3249,273.22488,273.22488,273.02487,272.22488,273.22488,272.72488,273.3249,272.62488,279.92487,280.52487,281.12488,281.52487,274.92487,275.02487,272.3249,274.22488,274.3249,274.3249,274.22488,274.22488,274.12488,274.12488,273.72488,273.72488,274.22488,274.12488
276.92487,273.8249,273.22488,273.22488,273.22488,273.22488,281.42487,278.72488,277.8249,277.8249,277.92487,278.02487,277.72488,277.72488,277.62488,277.62488,277.62488,277.52487,277.42487,277.42487,277.3249,277.62488,278.92487,276.92487,276.3249,276.42487,276.02487,274.22488,274.3249,273.72488,274.52487,273.22488,273.42487,272.8249,283.22488,284.12488,272.8249,280.42487,274.8249,283.02487,282.92487,284.22488,284.72488,284.8249,284.3249,283.92487,284.42487,285.3249,283.22488,284.72488,286.02487,285.42487,284.92487,283.8249,274.3249,274.42487,274.62488,274.72488,274.8249,274.92487
278.8249,276.72488,277.12488,278.3249,278.22488,278.12488,278.12488,278.22488,278.72488,278.8249,279.02487,279.22488,279.22488,279.12488,279.12488,279.22488,279.12488,279.02487,278.92487,278.62488,278.3249,278.02487,278.12488,278.3249,276.72488,276.42487,275.12488,273.92487,283.62488,281.72488,281.3249,281.12488,281.12488,281.02487,283.62488,284.52487,285.3249,285.62488,285.02487,284.92487,283.12488,283.92487,283.3249,283.92487,281.52487,284.42487,285.12488,285.02487,286.22488,286.22488,286.22488,285.52487,282.8249,278.02487,272.42487,273.22488,274.12488,275.52487,274.62488,275.92487
278.22488,278.3249,278.22488,278.42487,278.8249,278.92487,279.22488,279.52487,279.92487,280.22488,280.22488,280.3249,280.52487,280.52487,280.3249,280.12488,279.72488,279.62488,279.42487,278.92487,278.52487,278.22488,278.22488,277.3249,276.3249,275.52487,275.12488,276.42487,285.92487,283.42487,283.02487,283.02487,283.72488,283.8249,282.92487,282.02487,282.02487,283.72488,287.52487,287.22488,284.22488,284.02487,283.8249,284.72488,284.92487,285.3249,284.8249,282.8249,286.72488,275.62488,280.92487,273.52487,271.62488,272.72488,271.62488,271.52487,275.02487,275.02487,275.42487,275.52487
277.92487,278.12488,278.3249,278.52487,278.8249,279.3249,279.72488,279.92487,279.8249,279.02487,278.62488,278.52487,279.12488,279.62488,279.02487,277.92487,277.22488,277.12488,277.52487,279.92487,276.92487,284.52487,284.22488,284.22488,285.3249,286.52487,287.02487,284.42487,284.12488,283.3249,283.12488,283.12488,282.12488,280.8249,281.02487,282.3249,283.12488,285.42487,284.72488,284.92487,285.22488,285.92487,286.3249,286.22488,288.22488,287.72488,282.22488,289.02487,289.42487,289.52487,289.3249,288.8249,288.3249,288.42487,289.3249,287.92487,286.22488,285.12488,283.62488,283.22488
278.02487,278.22488,278.3249,278.52487,278.92487,279.42487,279.72488,279.62488,278.42487,283.52487,286.12488,286.42487,286.72488,276.72488,276.52487,287.22488,276.02487,276.02487,281.22488,286.3249,285.42487,275.8249,275.62488,286.02487,286.52487,286.72488,283.3249,283.3249,283.12488,283.12488,282.62488,282.12488,282.72488,282.12488,281.8249,283.92487,284.62488,284.42487,288.8249,289.92487,289.22488,286.72488,286.12488,286.22488,286.92487,287.22488,288.92487,289.8249,289.02487,289.72488,289.92487,290.3249,290.12488,288.22488,288.52487,287.92487,287.02487,286.72488,286.02487,285.52487
278.12488,278.12488,278.3249,278.72488,279.22488,279.42487,278.92487,283.02487,285.52487,285.8249,285.62488,285.92487,286.42487,276.12488,282.62488,285.3249,285.3249,286.12488,282.12488,285.72488,285.72488,287.42487,288.02487,276.8249,283.22488,283.62488,282.8249,282.12488,281.52487,281.12488,281.42487,282.02487,282.72488,282.8249,283.72488,285.8249,284.52487,285.72488,289.12488,289.72488,286.22488,285.62488,284.72488,286.92487,287.02487,287.92487,287.72488,287.42487,287.12488,286.62488,287.52487,288.02487,289.02487,289.52487,289.8249,288.8249,288.22488,287.92487,287.3249,287.42487
287.62488,278.22488,278.12488,278.72488,279.02487,279.22488,278.72488,277.8249,287.3249,287.02487,287.22488,286.72488,287.12488,276.52487,284.92487,285.72488,285.8249,285.8249,286.3249,288.12488,285.62488,285.42487,284.22488,277.3249,283.3249,281.62488,281.3249,281.12488,282.12488,280.52487,280.52487,282.12488,280.52487,280.02487,281.02487,286.72488,287.3249,285.8249,286.52487,284.12488,285.42487,288.72488,287.8249,286.92487,287.52487,288.72488,288.12488,287.12488,287.52487,288.02487,288.12488,290.12488,290.62488,290.22488,290.52487,290.42487,289.8249,289.8249,290.52487,289.8249
279.3249,281.02487,287.62488,288.02487,288.3249,288.8249,283.22488,277.22488,276.62488,284.72488,286.02487,285.92487,286.8249,277.02487,278.72488,275.8249,278.52487,279.52487,284.3249,283.92487,283.8249,284.62488,284.12488,283.3249,281.72488,282.22488,282.8249,282.3249,280.8249,285.22488,282.72488,284.12488,284.8249,283.12488,283.62488,285.52487,284.12488,286.42487,286.42487,287.02487,287.72488,287.62488,288.12488,288.72488,289.92487,289.62488,288.42487,288.72488,289.42487,290.52487,291.22488,292.52487,292.42487,292.02487,292.3249,292.02487,293.92487,292.3249,294.12488,292.3249
289.42487,288.62488,288.3249,287.92487,287.22488,286.92487,284.72488,285.12488,286.42487,287.02487,286.3249,280.02487,286.8249,286.8249,277.02487,282.3249,285.12488,285.22488,284.72488,284.12488,284.12488,284.12488,283.72488,283.62488,282.62488,282.42487,282.92487,281.52487,275.72488,281.3249,280.72488,281.02487,281.72488,282.42487,283.92487,285.42487,283.8249,284.52487,285.8249,287.3249,286.52487,286.8249,288.42487,286.3249,286.62488,287.12488,288.72488,290.02487,290.42487,291.02487,292.8249,296.22488,292.42487,292.92487,292.02487,292.92487,294.22488,293.22488,293.52487,293.12488
288.72488,287.62488,287.12488,287.3249,287.12488,284.52487,285.52487,285.3249,287.92487,287.8249,288.42487,286.12488,280.12488,277.62488,283.62488,284.22488,284.92487,285.92487,285.3249,284.22488,284.22488,284.02487,283.52487,282.92487,282.8249,282.8249,283.12488,283.12488,282.42487,282.52487,282.72488,283.72488,282.22488,283.22488,284.02487,283.72488,285.42487,282.3249,284.12488,283.72488,284.92487,285.3249,285.3249,286.62488,287.52487,288.52487,288.62488,289.42487,289.92487,292.12488,294.12488,292.52487,291.42487,290.72488,290.92487,291.8249,291.92487,291.3249,289.62488,290.8249
287.62488,289.02487,288.3249,284.92487,286.8249,288.72488,288.62488,288.12488,288.02487,287.3249,287.3249,284.92487,285.52487,287.92487,284.62488,285.62488,286.92487,287.42487,285.92487,284.52487,284.22488,284.8249,283.52487,283.02487,281.52487,282.92487,284.12488,285.22488,286.02487,284.22488,284.42487,284.72488,284.72488,283.22488,283.72488,285.12488,285.8249,285.52487,286.62488,286.22488,286.02487,286.3249,286.8249,287.42487,289.12488,289.02487,290.12488,290.3249,289.12488,288.12488,288.3249,289.42487,288.12488,288.22488,289.3249,290.22488,290.22488,288.3249,289.62488,290.42487
280.72488,283.52487,286.8249,288.42487,286.3249,288.62488,287.72488,288.12488,285.8249,286.62488,287.92487,288.52487,288.02487,286.3249,288.02487,288.12488,286.22488,286.3249,285.72488,284.22488,283.92487,284.22488,283.3249,283.02487,283.22488,283.52487,287.3249,288.62488,288.92487,286.8249,284.8249,285.52487,284.42487,284.92487,286.3249,285.52487,287.02487,286.62488,286.12488,286.8249,287.02487,287.92487,288.62488,288.8249,289.02487,288.92487,289.62488,290.92487,290.72488,289.02487,289.72488,287.8249,288.62488,287.72488,289.52487,288.8249,289.52487,290.3249,290.72488,290.22488
286.42487,290.3249,289.52487,286.52487,287.72488,287.8249,287.02487,286.8249,287.3249,286.52487,287.42487,285.22488,286.52487,287.42487,286.8249,286.72488,286.3249,286.12488,285.52487,284.22488,283.92487,283.8249,285.42487,284.02487,286.22488,287.42487,288.02487,288.52487,288.62488,283.62488,284.22488,285.42487,286.02487,284.92487,286.92487,286.92487,288.3249,287.72488,288.12488,287.02487,287.52487,288.8249,288.8249,289.12488,290.12488,290.3249,291.52487,291.92487,292.62488,291.12488,292.12488,290.72488,290.12488,290.92487,289.22488,289.3249,289.3249,290.42487,290.52487,290.12488
