json-data/2022072412.json
{"header": {"discipline":0,"disciplineName":"Meteorological products","gribEdition":2,"gribLength":79429,"center":7,"centerName":"US National Weather Service - NCEP(WMC)","subcenter":0,"refTime":"2022-07-24T12:00:00.000Z","significanceOfRT":1,"significanceOfRTName":"Start of forecast","productStatus":0,"productStatusName":"Operational products","productType":1,"productTypeName":"Forecast products","productDefinitionTemplate":0,"productDefinitionTemplateName":"Analysis/forecast at horizontal level/layer at a point in time","parameterCategory":2,"parameterCategoryName":"Momentum","parameterNumber":2,"parameterNumberName":"U-component_of_wind","parameterUnit":"m.s-1","genProcessType":2,"genProcessTypeName":"Forecast","forecastTime":0,"surface1Type":103,"surface1TypeName":"Specified height level above ground","surface1Value":10.0,"surface2Type":255,"surface2TypeName":"Missing","surface2Value":0.0,"gridDefinitionTemplate":0,"gridDefinitionTemplateName":"Latitude_Longitude","numberPoints":65160,"shape":6,"shapeName":"Earth spherical with radius of 6,371,229.0 m","gridUnits":"degrees","resolution":48,"winds":"true","scanMode":0,"nx":360,"ny":181,"basicAngle":0,"lo1":0.0,"la1":90.0,"lo2":359.0,"la2":-90.0,"dx":1.0,"dy":1.0}, "data":
[rows 50 to 74 of 181, columns 57 to 113 of 360]
0.57160646,-1.6183935,-2.3883936,-1.9383936,-0.83839357,0.37160644,1.6216065,3.8116064,5.4016066,6.3116064,5.741606,5.5616064,1.9116064,5.1716065,6.3216066,2.0616064,1.1216065,6.5216064,3.6016064,4.6216063,1.0916065,1.0816064,4.2716064,2.5916064,3.1516066,0.69160646,1.7816064,0.42160645,0.44160643,0.88160646,-1.3183936,-2.8383934,-1.1383935,-1.0783936,-0.26839355,2.0216064,2.7216065,1.3716065,3.4316065,4.4616065,3.7916064,2.1316063,1.7516065,2.6916065,1.5216064,2.2216065,3.2016065,2.4216065,1.3116064,-5.3183937,4.9216065,2.2116065,-3.8283935,8.021606,-1.8083936,8.921606,1.7816064
0.84160644,0.89160645,-0.74839354,0.44160643,0.56160647,1.2016064,1.9716065,2.2216065,3.5016065,4.0516067,6.1116066,-0.018393554,1.6016065,1.7516065,3.2216065,0.9316065,2.1316063,-1.2983936,-3.9683936,-2.2283936,-0.6383936,-0.53839356,-1.7683935,-0.12839356,-0.34839356,-1.7383935,-3.0683935,-3.6683936,-4.4283934,-6.1183934,-5.8183937,-3.8983936,-3.1883936,-0.79839355,-0.5683935,0.6816065,1.4216064,-4.4983935,2.1316063,3.4016066,0.43160644,3.0016065,-1.4683936,-1.8183936,-1.6083935,0.16160645,-0.52839357,0.20160645,0.50160646,-1.5283935,-1.8983935,-3.3683937,-6.9983935,2.6916065,1.7116065,0.08160645,-1.5183935
-1.1083935,-1.9783936,0.91160643,2.3316064,2.4316065,1.6216065,2.8016064,2.7916064,2.6616066,2.8416064,5.7216063,3.1016064,0.9316065,4.3316064,2.5816064,2.5816064,3.4616065,-4.2283936,6.3916063,-4.3983936,-2.2383935,-0.078393556,-1.1383935,-3.8183935,-3.1783936,-5.2983937,-5.9083934,-5.8383937,-7.3083935,-6.8983936,-1.0383935,0.97160643,1.2816064,-5.4383936,-0.088393554,0.87160647,2.5616064,3.7516065,6.6516066,3.3516064,3.4716065,3.8416064,-0.67839354,-1.5783936,-1.0783936,2.8316064,-1.9783936,1.2416065,-5.258394,-2.5083935,-8.108394,4.2116065,0.35160646,0.31160644,-0.078393556,-1.0183935,-0.028393555
2.9416065,-6.4283934,-1.7283936,1.6416065,1.7316065,0.6716064,-0.47839355,-0.37839356,1.3616065,3.7816064,8.261606,6.6616063,4.3416066,4.0616064,4.6116066,2.6916065,3.1216063,1.8016064,-1.7583935,-2.1183937,-0.9483936,-2.0483935,-2.8283935,-1.0083935,-0.5783936,-0.5783936,-1.9083935,-2.0583935,0.29160646,-1.4383936,1.1916064,1.5916065,-3.8683937,1.0016065,-3.0883934,-3.4683936,-0.96839356,2.2416065,4.0616064,7.8816066,8.881606,7.8016067,2.1216063,-4.0483937,-1.6283935,-2.2283936,0.9316065,-0.61839354,-2.8683937,-2.2883935,7.1916065,-1.7183936,-0.6483936,-0.5083935,-2.0583935,-0.98839355,-1.0683936
-8.108394,-10.7683935,-10.708393,-7.4783936,-2.0883934,-3.5783935,-4.238394,-5.1883936,-2.9283936,0.26160645,2.4216065,-0.038393553,2.0216064,2.4216065,2.5116065,3.4616065,-0.048393555,2.0316064,0.37160644,0.65160644,1.8416065,-3.0983934,-1.2783935,0.46160644,-0.54839355,3.0516064,-2.0683935,-0.26839355,0.11160645,-0.68839353,0.95160645,0.58160645,-3.1083937,2.3316064,0.33160645,-5.488394,-3.7883935,-1.0183935,1.9116064,2.5116065,4.261606,1.6916064,3.6516066,2.7816064,-2.0883934,-0.41839355,-4.4083934,-3.8683937,-7.9683933,6.9416065,-1.5183935,-0.67839354,-1.4683936,-1.0583936,-2.0283935,-2.5683935,-0.58839357
-8.948394,-6.0683937,-6.1483936,-9.248394,-7.008394,-4.5283937,-3.9983935,3.8516064,0.50160646,-0.14839356,-3.6583936,-1.7283936,-4.0683937,-1.4983935,-0.93839353,0.59160644,1.4816065,0.75160646,2.6116064,4.1716065,-0.018393554,2.4816065,-1.5483936,-2.5183935,-3.3883936,-2.0983934,-2.3683937,-0.80839354,0.31160644,3.0316064,-1.2983936,2.1816065,-1.2983936,-0.54839355,0.84160644,-2.6283937,-3.8583937,-1.6083935,-3.3983936,-0.53839356,-4.1283937,-2.3183935,-1.0083935,-1.6683936,-1.0383935,-1.8683935,-0.23839356,-0.84839356,-1.2883935,2.2516065,-0.16839355,-1.4583936,-1.3583935,-5.8783937,-2.6483936,-1.9283936,-3.4283936
-3.5483935,-9.608394,-10.438394,-7.8383937,-5.6783934,-3.5883934,-0.34839356,-2.2783935,-1.2883935,2.3316064,-0.90839356,-4.8983936,-1.4083935,-0.13839355,-0.48839355,-1.1883936,1.5416064,0.91160643,0.76160645,3.0116065,2.4616065,2.4116066,4.7116065,-2.5983934,-4.5783935,-4.1583934,-3.4783936,-1.0483936,-1.8383936,-1.2683935,-2.2083936,-0.59839356,-1.8883935,0.051606447,-2.7583935,-4.1083937,-4.1183934,-1.1383935,-1.6983936,-0.6983936,1.3316064,1.5616064,-0.28839356,-0.93839353,1.2816064,2.2116065,3.0216064,-2.3483934,-0.9483936,1.5516064,-0.52839357,1.1516064,-0.058393553,-1.6083935,0.24160644,0.46160644,-1.6083935
0.88160646,-3.8783937,-1.7583935,-4.008394,4.511606,1.8516065,3.7716064,-0.24839355,8.081607,-0.058393553,-0.40839356,-5.7083936,-7.2883935,-0.93839353,3.3616064,1.1416065,2.1116064,-1.6483935,0.5416064,0.81160647,2.9116066,-1.9783936,4.011606,0.53160644,-4.3183937,-1.9283936,-6.5883937,-2.8983936,-4.5383935,-0.54839355,-3.3283935,0.33160645,-1.3383936,-1.5383935,-2.3983936,-1.8183936,-1.1783936,0.07160644,0.30160645,-0.16839355,-2.2183936,2.1416063,1.2916064,3.5916064,-2.6083937,2.4516065,0.52160645,0.57160646,-1.8983935,1.6016065,-0.7083936,0.97160643,-0.5083935,-1.6483935,-2.0683935,-1.5483936,-0.17839356
0.8016064,2.9516065,5.0816064,-5.8383937,3.1016064,4.1416063,-1.7283936,0.27160645,-0.49839357,-5.0883937,-10.188394,-9.548393,-3.6083937,0.76160645,3.1616066,1.5116065,0.10160644,-1.1983936,0.96160644,-1.9583936,0.88160646,2.7616065,3.4816065,-2.7783935,-4.758394,-4.6883936,-5.6683936,-1.2483935,-3.4283936,-3.3783937,-1.8583935,4.5516067,-0.16839355,-6.988394,-1.2583935,-6.7683935,-1.6283935,-0.59839356,3.0716064,0.35160646,-1.6283935,-1.5183935,1.8216064,-0.98839355,-1.3883935,-0.9483936,-0.21839355,-1.0483936,-0.35839355,0.53160644,-0.028393555,0.71160644,-0.61839354,0.5416064,-1.4783936,-2.4183936,-2.8383934
-2.2483935,-0.48839355,1.8416065,-2.9283936,-1.1183935,5.5616064,4.4116063,3.1216063,-5.758394,-6.2183933,-3.7983935,-0.68839353,-1.9883935,-1.7683935,3.5716064,-0.088393554,2.0516064,0.25160643,-3.1583936,-0.34839356,-1.1483935,0.8016064,1.7516065,2.2516065,1.7916064,0.91160643,-2.9083936,-0.93839353,-5.4783936,-3.2883935,-3.8983936,-4.238394,0.9316065,-2.4983935,-7.008394,-0.42839354,-2.6083937,-1.7083936,0.19160645,-0.79839355,-1.8083936,0.38160646,-3.4083936,1.1516064,0.50160646,-2.0283935,1.6916064,0.07160644,-1.6683936,-0.32839355,0.51160645,0.83160645,0.18160644,-0.42839354,-1.5983936,-1.0183935,-1.0583936
-1.1383935,0.061606444,1.4216064,-2.2883935,-2.0883934,3.1016064,2.7916064,3.1316063,-0.16839355,-10.428393,-1.6883936,-0.9483936,-1.1183935,-3.8783937,-0.30839357,0.38160646,-2.9083936,-0.65839356,-2.6683936,-1.5983936,-3.2683935,-2.9883935,1.5116065,0.35160646,3.0616064,0.9316065,-5.3583937,-1.6883936,-1.0383935,1.5116065,-0.118393555,-0.62839353,0.32160646,-1.2483935,-1.1483935,0.32160646,-2.8783937,-1.2983936,-1.9983935,1.3416065,-0.72839355,-1.3283936,-0.37839356,1.8716065,-0.93839353,-0.8983936,-0.28839356,-1.3483936,-1.7283936,-0.06839356,0.091606446,-1.1183935,-0.97839355,0.11160645,1.9316064,-2.2783935,-1.3783935
1.7516065,1.1416065,0.7316064,3.6816065,2.2916064,0.50160646,1.3016064,-4.0883937,-3.0583935,-5.4083934,-0.99839354,-0.028393555,-5.1383934,-6.5283937,-2.3683937,-5.4683933,-5.6083937,-3.2283936,-3.1983936,-3.8583937,-5.9683933,-4.5683937,-4.4283934,-3.7283936,0.27160645,0.82160646,2.1116064,2.2316065,-0.32839355,1.4816065,1.8616065,-0.29839355,-2.6883936,-0.16839355,-0.32839355,-1.9683936,-2.0983934,-0.79839355,0.46160644,0.82160646,0.57160646,-0.58839357,-0.46839356,0.6716064,1.6516064,2.1916065,-1.7083936,-0.60839355,-0.22839355,-0.53839356,-1.6083935,-0.53839356,0.59160644,-1.1883936,1.5016065,-3.1483936,-2.9183936
0.8016064,7.5716066,5.6716065,1.5316064,11.911607,-3.9283936,-1.9383936,-0.5783936,3.3016064,-2.2883935,-1.4583936,-1.3783935,-4.4383936,-5.008394,-4.8583937,-4.3983936,-1.0183935,-6.0683937,-3.4783936,-5.008394,-4.4783936,-5.3583937,-3.7283936,-3.6583936,-6.9283934,-4.3283935,-1.2583935,-0.078393556,1.2516065,0.57160646,0.91160643,1.2016064,-0.45839354,0.43160644,-0.52839357,1.2716064,-0.67839354,-1.1283935,-0.44839355,-0.15839356,0.27160645,0.35160646,1.3616065,0.091606446,-0.5783936,-0.32839355,-0.48839355,-1.1083935,-1.4183936,-1.9283936,-1.7483935,0.38160646,-0.018393554,-0.58839357,-0.038393553,0.34160644,0.17160645
3.8016064,-2.6883936,-0.028393555,4.6816063,5.8716063,9.6916065,2.1216063,0.88160646,1.2816064,-2.2583935,-3.5283935,-1.7283936,-2.4383936,-2.5983934,-3.3083935,-3.0183935,-3.1983936,-3.7583935,-5.6283937,-4.4483933,-4.8183937,-4.7283936,-5.4283934,-5.6883936,-5.8783937,-7.4183936,-6.5483937,-7.2783937,-5.8083935,-0.79839355,-0.7083936,-0.8883936,-0.25839356,-0.15839356,0.11160645,-0.16839355,0.64160645,2.3016064,-0.77839357,-0.55839354,0.36160645,-0.24839355,1.9316064,-1.2483935,-0.8983936,0.72160643,-1.7183936,-0.72839355,0.25160643,0.20160645,-0.048393555,1.2416065,-1.0083935,-1.5383935,-0.44839355,-0.20839356,-0.68839353
-0.92839354,1.9616065,0.26160645,-1.0383935,0.65160644,0.061606444,-2.0183935,1.9916065,3.5316064,1.4616065,-2.1083937,-1.4783936,-3.1083937,-4.9083934,-2.5483935,-0.12839356,3.3716063,3.2716064,-0.59839356,-3.8983936,-2.7983935,-4.3483934,-4.8683934,-3.8183935,-5.2083936,-6.6383934,-6.5483937,-7.4083934,-8.3083935,-5.738394,-4.3883934,-3.2883935,-2.0683935,-0.7083936,-0.78839356,0.43160644,1.4716065,0.65160644,0.08160645,0.24160644,0.30160645,0.19160645,1.1816064,0.7416065,-0.97839355,-0.7083936,1.9516064,0.83160645,1.4416064,-0.78839356,-0.55839354,0.061606444,-0.55839354,-1.0783936,1.7416065,0.52160645,0.84160644
-3.5483935,-4.1983933,-4.4683933,-5.2683935,-4.5683937,-2.0183935,1.7916064,4.0316067,7.5716066,9.081607,6.2216063,4.5716066,6.4716063,2.7816064,0.45160645,3.0716064,4.491606,1.8416065,3.9116066,3.2216065,0.72160643,-2.8983936,-2.7083936,-2.8283935,-2.5483935,-4.8983936,-7.008394,-6.4983935,-7.5883937,-5.9383936,-5.8283935,-2.7183936,-3.1583936,0.10160644,-1.7483935,-1.2983936,-0.18839355,0.43160644,-0.088393554,0.21160644,0.38160646,1.0816064,0.8016064,-0.22839355,0.38160646,-0.058393553,0.59160644,-0.85839355,-0.14839356,0.30160645,-1.2783935,-0.47839355,0.21160644,0.35160646,0.5416064,0.72160643,0.091606446
-2.9383936,-4.8183937,-3.7283936,-2.5783935,-0.79839355,1.5716064,2.9016066,5.1316066,6.2216063,9.1916065,9.881606,8.6916065,9.281607,8.7316065,10.511606,4.2116065,3.6016064,5.3316064,6.6016064,5.4216065,4.7716064,2.8616064,1.7816064,0.56160647,-0.35839355,-0.9583936,-2.0083935,-2.6683936,-5.0683937,-4.5383935,-3.9083936,-2.5983934,-1.1683936,1.3616065,0.23160644,-0.078393556,-0.058393553,0.11160645,-0.15839356,-0.8183935,-0.078393556,0.76160645,0.29160646,-0.45839354,-0.038393553,0.87160647,0.9316065,-0.7583935,0.011606446,0.051606447,-1.3183936,-0.30839357,-0.72839355,-1.1883936,0.25160643,1.3916065,-0.5683935
-3.8183935,4.8216066,-0.61839354,-0.21839355,4.9216065,5.8716063,5.8316064,6.8816066,7.2916064,8.721606,9.021606,9.841606,7.9816065,7.991606,9.381606,4.6816063,1.2816064,3.9216065,5.8116064,5.6616063,4.0416064,3.1916065,2.2116065,0.9216064,1.0416064,1.4216064,-0.45839354,-2.2383935,-3.9483936,-4.6783934,-5.2283936,-3.6383936,-1.9683936,-0.48839355,0.72160643,0.091606446,-0.088393554,0.091606446,-1.1583935,0.061606444,0.63160646,0.29160646,-0.61839354,0.36160645,-1.1483935,-0.37839356,0.011606446,-0.5683935,0.031606447,-0.49839357,0.71160644,-1.6483935,0.35160646,0.37160644,0.9816064,1.2016064,2.4716065
3.5716064,2.0316064,3.0616064,5.5016065,8.451607,7.4116063,8.381606,7.9316063,8.271606,9.001606,9.361607,9.131606,9.661607,7.4216065,6.4616065,4.7916064,1.6516064,2.3216064,2.8616064,4.9616065,1.2016064,3.6916065,2.7016065,0.69160646,3.1616066,2.2916064,1.6116065,-1.1583935,-0.028393555,-0.088393554,-2.3483934,-1.1483935,-0.8983936,-0.80839354,0.65160644,-0.87839353,-0.67839354,-0.48839355,1.3616065,0.35160646,1.3816065,-0.31839356,0.19160645,-0.18839355,-0.41839355,0.63160646,-0.14839356,-1.3883935,-0.24839355,0.17160645,1.8716065,-0.5783936,0.6716064,1.9416064,-0.24839355,-0.33839357,2.2516065
4.2516065,0.031606447,4.7016063,7.9516063,9.331607,7.741606,8.841606,8.931606,8.451607,9.061606,9.011606,9.271606,8.971606,9.6916065,6.8016067,8.791607,3.4916065,5.7316065,5.2016063,4.9116063,5.8716063,4.7116065,3.1916065,1.6216065,4.2916064,4.3116064,2.1216063,0.38160646,-0.13839355,-1.3883935,-1.5383935,-0.55839354,-0.9483936,-0.5683935,0.23160644,-0.90839356,-0.35839355,1.4916065,-0.048393555,1.3416065,0.53160644,-0.038393553,-0.018393554,0.5416064,0.58160645,0.52160645,-0.6383936,-0.71839356,0.011606446,-2.0683935,-0.17839356,2.0516064,2.4516065,3.1216063,1.0816064,2.3816063,3.3516064
1.9416064,1.7916064,8.061606,8.281607,8.9816065,8.961606,8.7316065,8.931606,9.031607,9.021606,9.121607,8.901607,9.331607,8.411607,10.171606,8.831607,2.6616066,5.8316064,6.4716063,6.5616064,4.761606,4.2316065,3.3916063,0.0016064453,0.45160645,4.0516067,2.2816064,0.87160647,0.45160645,-0.27839357,0.63160646,0.07160644,0.18160644,-0.59839356,-0.68839353,-0.86839354,-0.66839355,-0.018393554,0.041606445,0.23160644,0.65160644,-0.61839354,-0.5183936,0.38160646,0.62160647,0.94160646,0.031606447,-1.0683936,-1.2083936,-2.3383934,-1.7583935,0.50160646,1.4016064,1.3616065,-1.3983935,0.6116064,1.7216065
2.5816064,8.581607,8.211606,8.791607,9.851606,9.561606,9.851606,9.4816065,9.461606,8.791607,8.951607,8.841606,8.791607,8.881606,9.041607,9.001606,5.3316064,6.1216063,8.081607,6.2116065,4.3616066,4.3816066,1.2216065,1.0016065,1.9416064,2.5216064,2.4016066,0.5416064,2.4716065,3.6116064,2.1916065,1.1716064,1.1416065,-0.44839355,-0.71839356,-1.0983936,-0.38839355,0.64160645,-0.06839356,-0.42839354,0.8016064,-1.4483936,-0.68839353,-0.21839355,-1.0183935,-0.45839354,-0.77839357,-0.06839356,-1.5783936,-4.9683933,-3.0583935,-1.2383935,0.66160643,-0.80839354,-1.6983936,-0.7683936,0.07160644
7.9116063,8.071607,8.791607,9.811606,9.651607,9.671606,10.041607,9.931606,9.071607,9.061606,8.871607,9.241607,8.771606,8.571607,8.581607,8.411607,4.3116064,1.9416064,4.2016063,4.261606,5.5616064,4.0716066,3.3416064,1.9416064,0.25160643,1.0816064,1.1616064,3.5216064,5.9616065,3.3816063,2.0916064,1.7416065,1.5916065,-0.9483936,-1.3183936,-1.9283936,-0.84839356,1.1916064,1.1016065,-0.5783936,0.08160645,-0.86839354,0.041606445,0.47160643,1.2716064,-0.22839355,0.8016064,0.20160645,0.091606446,-0.79839355,-4.7283936,-3.2283936,-1.3783935,-2.0883934,-2.6283937,-1.7883935,-1.4083935
9.031607,9.001606,10.451607,9.801606,10.591606,9.771606,10.151607,9.521606,9.031607,9.201607,9.241607,8.951607,8.641606,8.661607,8.621607,8.271606,7.2516065,2.3216064,7.1016064,8.471606,5.3016067,5.2516065,4.0016065,4.0516067,3.4116066,2.8516064,5.2016063,5.6816063,5.0816064,4.3416066,3.4216065,2.3316064,1.6416065,0.12160645,-1.2183936,-2.2083936,-1.9283936,1.3816065,-0.16839355,-0.6983936,0.90160644,-1.3983935,0.14160645,0.19160645,0.36160645,-0.27839357,-0.7583935,0.77160645,1.0116065,-1.1383935,-2.1183937,-6.0283937,-3.7983935,-3.4183936,-2.5383935,-2.9583936,-1.8583935
8.461606,10.281607,11.431606,10.931606,10.181606,9.491607,9.581607,9.721606,9.831607,9.271606,9.501606,9.451607,8.911607,9.081607,8.181606,8.451607,8.031607,1.8516065,8.271606,7.4516063,4.9316063,1.4516064,1.9416064,0.46160644,4.511606,6.1116066,7.011606,6.6716065,5.6616063,5.0816064,4.2016063,2.4816065,2.2916064,1.3816065,-1.4583936,-2.3383934,-2.6483936,-3.0783935,-0.7683936,-1.2583935,0.031606447,-0.35839355,-0.43839356,2.6416063,-1.1683936,0.53160644,0.18160644,-0.8183935,1.8616065,0.33160645,-1.1083935,-0.58839357,-4.9383936,-3.9783936,-3.2583935,-2.1583936,-2.1283937
