json-data/2022072718.json
{"header": {"discipline":0,"disciplineName":"Meteorological products","gribEdition":2,"gribLength":47845,"center":7,"centerName":"US National Weather Service - NCEP(WMC)","subcenter":0,"refTime":"2022-07-27T18:00:00.000Z","significanceOfRT":1,"significanceOfRTName":"Start of forecast","productStatus":0,"productStatusName":"Operational products","productType":1,"productTypeName":"Forecast products","productDefinitionTemplate":0,"productDefinitionTemplateName":"Analysis/forecast at horizontal level/layer at a point in time","parameterCategory":0,"parameterCategoryName":"Temperature","parameterNumber":0,"parameterNumberName":"Temperature","parameterUnit":"K","genProcessType":2,"genProcessTypeName":"Forecast","forecastTime":0,"surface1Type":1,"surface1TypeName":"Ground or water surface","surface1Value":0.0,"surface2Type":255,"surface2TypeName":"Missing","surface2Value":0.0,"gridDefinitionTemplate":0,"gridDefinitionTemplateName":"Latitude_Longitude","numberPoints":65160,"shape":6,"shapeName":"Earth spherical with radius of 6,371,229.0 m","gridUnits":"degrees","resolution":48,"winds":"true","scanMode":0,"nx":360,"ny":181,"basicAngle":0,"lo1":0.0,"la1":90.0,"lo2":359.0,"la2":-90.0,"dx":1.0,"dy":1.0}, "data":
[rows 34 to 67 of 181, columns 0 to 76 of 360]
289.3,289.7,289.1,288.5,288.4,288.4,288.5,288.6,289.1,286.8,287.3,290.3,290.9,288.5,287.7,290.1,290.2,290.5,290.8,291.1,291.4,290.9,286.2,286.9,287.9,286.8,286.6,287.6,285.5,286.6,288.9,289.6,289.9,290.4,290.7,290.5,290.7,292.2,292.4,291.4,292.0,296.1,294.1,292.4,291.8,291.2,290.5,289.7,289.9,289.1,288.5,288.6,289.2,288.7,288.9,288.1,286.2,286.0,284.0,283.4,282.6,283.7,284.6,285.1,288.0,287.9,286.7,288.8,289.6,289.1,287.8,289.1,289.9,290.0,290.9,290.8,290.2
289.7,290.0,290.4,289.6,289.3,289.2,289.3,289.3,289.8,287.7,290.5,290.4,289.9,290.1,290.4,290.6,290.8,290.9,290.9,291.1,291.6,292.1,287.2,286.0,286.2,285.9,286.6,285.8,286.1,286.9,289.3,288.7,288.5,290.9,290.6,292.3,292.1,294.4,293.8,292.3,293.0,293.5,293.2,293.0,292.2,291.1,291.2,290.5,290.7,292.9,290.2,290.6,291.8,290.0,289.2,288.8,287.7,288.0,285.3,287.8,283.7,284.7,285.9,286.2,286.0,288.9,288.2,289.0,290.3,289.4,290.5,291.9,291.7,292.0,293.5,290.6,291.4
288.7,289.0,290.0,290.0,290.1,290.1,290.4,290.6,290.7,288.8,288.9,290.7,289.5,289.6,290.3,289.2,288.1,287.0,288.0,288.9,288.4,288.6,287.4,287.8,287.5,287.6,286.6,285.6,286.3,286.9,289.4,289.1,289.2,290.8,290.6,293.4,294.1,294.4,295.7,293.6,296.4,293.6,294.8,294.0,291.4,291.7,290.5,289.4,290.9,293.0,291.8,291.1,290.2,290.3,289.4,289.7,289.0,287.5,285.4,288.1,289.1,289.2,286.8,287.9,288.8,290.0,289.4,290.4,289.3,291.2,290.6,290.5,294.5,291.2,291.1,296.6,295.2
291.2,290.4,290.1,290.3,290.7,292.1,290.0,289.1,290.2,290.4,289.6,290.6,292.1,292.4,291.1,290.6,289.6,289.3,290.2,291.2,289.3,288.8,290.1,290.0,289.4,286.5,286.6,286.7,285.8,288.5,288.3,290.5,291.0,290.6,290.9,292.1,292.5,292.4,292.6,293.9,295.6,295.6,295.2,293.1,294.7,294.2,293.4,290.2,290.4,293.1,295.5,295.4,293.6,293.6,291.0,290.0,288.6,287.3,285.3,289.8,286.8,288.7,288.8,289.6,288.9,290.5,289.3,289.7,290.0,290.8,289.1,290.2,293.3,295.7,293.9,296.8,293.7
291.5,291.2,291.1,291.5,292.3,292.1,291.7,292.3,292.0,290.1,291.3,291.6,292.0,292.3,291.5,291.8,291.5,291.3,291.3,290.4,289.8,291.0,291.1,290.5,289.3,288.0,287.9,289.3,288.2,288.8,290.0,291.7,292.6,290.5,291.0,293.9,291.7,292.9,292.9,292.6,292.5,292.8,295.1,295.0,294.7,294.6,295.2,294.5,295.8,294.2,293.4,292.2,292.1,292.8,290.9,290.8,289.3,287.1,288.1,288.6,288.0,288.8,289.1,289.5,291.1,291.4,290.8,291.7,291.4,291.9,291.1,291.6,291.5,294.9,296.1,295.1,297.0
293.1,291.3,291.5,292.8,293.7,294.2,293.3,294.2,289.1,289.6,289.3,292.5,292.1,291.2,290.8,288.7,288.3,291.5,291.2,290.9,290.8,289.7,291.4,289.1,289.7,288.3,290.3,289.5,288.9,288.9,291.4,291.3,292.5,292.0,291.8,292.2,294.3,292.3,292.6,291.5,291.1,291.5,294.2,295.5,295.1,294.6,294.7,296.5,295.4,295.0,295.6,294.5,294.1,295.0,294.0,292.9,291.2,291.4,289.8,290.9,290.0,290.6,291.1,292.0,294.2,294.5,293.2,295.0,291.6,291.1,290.8,290.6,291.8,290.8,292.1,293.4,296.3
291.3,292.0,294.6,294.6,294.5,291.2,292.0,291.9,293.5,293.9,293.0,291.4,289.3,289.2,290.3,290.0,289.9,287.0,290.2,291.3,290.5,293.2,291.0,291.2,289.3,288.5,288.6,288.7,288.5,289.0,291.9,291.8,292.9,293.1,294.5,294.7,295.2,291.8,295.3,294.1,292.6,293.7,295.2,295.3,295.6,296.3,297.7,297.0,298.5,297.2,298.2,296.1,297.4,294.9,293.8,296.2,294.3,292.2,291.2,292.7,291.6,292.5,294.1,294.5,296.2,293.7,294.2,291.8,294.7,296.5,292.4,295.8,294.4,292.0,290.9,292.2,292.8
296.4,294.8,296.8,296.4,295.3,296.6,296.1,294.9,295.1,294.7,291.7,291.5,292.9,289.9,287.6,289.6,291.4,293.1,291.4,290.2,285.9,288.8,291.1,286.1,287.5,292.7,293.6,291.4,290.1,294.2,294.4,296.5,294.3,293.2,293.5,295.0,292.0,292.3,294.5,295.2,293.6,295.9,294.9,295.8,295.8,294.1,300.1,299.5,299.6,299.2,297.3,300.8,299.2,298.2,298.9,297.8,297.3,295.0,295.2,294.6,295.2,295.1,297.0,297.2,296.4,295.2,292.2,290.9,291.2,296.3,297.9,294.8,297.4,288.9,289.1,291.1,289.9
299.4,299.1,298.0,298.0,296.2,296.2,294.9,290.3,291.1,290.4,290.7,290.0,291.9,291.0,291.3,290.0,291.2,294.5,295.1,296.9,295.9,295.2,295.9,292.9,291.9,287.9,292.7,293.0,293.4,297.0,296.0,296.8,294.7,293.9,292.0,295.7,292.1,293.3,297.1,291.9,295.7,294.3,294.8,295.5,295.8,296.3,295.7,297.5,300.0,301.6,301.5,303.6,303.2,301.8,300.3,300.0,300.2,300.2,298.5,297.8,298.3,299.0,298.9,299.2,298.9,298.5,295.2,295.3,298.0,296.0,297.9,297.1,294.4,293.7,296.0,296.5,298.0
299.9,300.0,298.5,297.7,293.0,299.3,292.9,294.0,290.3,285.5,285.0,282.2,283.1,284.1,285.4,287.6,292.3,296.0,297.2,295.8,296.7,296.3,296.1,291.5,291.7,288.7,288.2,295.3,294.6,295.5,298.1,296.4,297.7,294.9,295.5,292.8,296.6,291.9,297.5,297.0,294.1,297.2,294.4,294.1,294.8,296.8,296.8,296.4,297.3,300.7,300.7,300.1,299.6,301.6,301.4,303.4,303.1,301.0,302.2,300.8,301.3,300.1,299.7,299.5,299.8,300.1,298.7,298.1,299.2,299.3,300.0,298.6,298.8,298.6,300.2,298.9,300.1
300.4,296.4,294.2,294.7,297.1,298.1,295.6,285.6,284.8,291.4,288.3,291.8,291.8,298.2,291.4,290.4,296.0,296.7,298.5,300.0,296.9,296.8,294.8,292.8,295.1,296.5,292.9,294.4,297.3,296.6,296.9,297.2,297.1,297.3,295.2,298.2,298.0,297.9,296.5,292.6,295.8,293.4,294.4,293.9,292.9,294.4,296.2,297.2,294.6,298.9,298.1,298.2,298.5,300.4,302.5,302.4,302.0,302.5,302.4,297.2,297.1,296.7,297.9,299.8,300.8,300.2,301.5,300.0,300.1,299.0,299.5,299.3,298.4,300.4,292.6,297.5,303.2
299.5,299.5,295.9,293.5,293.9,300.6,290.0,287.3,300.7,300.1,301.1,300.6,300.0,300.2,298.9,291.7,291.0,292.3,295.2,300.0,299.0,298.2,292.0,297.0,296.3,297.2,300.3,297.4,298.6,298.1,298.0,297.8,297.5,296.9,291.0,290.9,297.0,298.2,293.6,295.2,294.1,291.4,291.9,290.3,293.2,293.7,297.0,297.1,298.7,298.4,298.3,299.5,301.6,302.4,303.6,302.9,304.7,304.3,301.2,298.6,297.7,294.2,299.1,300.2,299.6,296.9,301.0,301.7,301.0,300.1,300.5,300.2,301.1,300.1,297.6,298.9,300.5
298.2,300.5,300.9,298.1,303.6,302.9,302.1,293.1,297.1,300.6,300.4,294.9,294.0,300.5,300.1,299.9,293.9,286.0,290.0,288.6,290.5,294.9,292.4,296.3,300.3,301.1,302.7,301.9,295.7,297.8,297.9,297.7,297.7,297.6,297.6,297.7,297.7,297.8,297.8,297.7,281.6,286.5,286.7,288.0,291.6,293.1,297.6,294.6,298.0,297.9,297.2,297.9,302.7,303.7,301.9,302.4,302.2,301.4,299.9,297.6,296.9,297.9,296.1,299.1,297.9,298.4,299.1,297.9,294.9,300.7,302.1,300.1,300.2,302.3,298.9,299.3,303.7
291.1,296.0,298.6,298.3,295.9,296.8,297.6,298.8,299.8,300.1,300.8,298.3,299.4,290.4,300.9,299.9,299.4,299.2,296.5,286.9,286.3,288.6,290.7,292.7,293.5,297.6,296.9,294.9,297.7,298.2,298.5,298.5,298.4,298.5,298.5,298.4,298.2,298.2,298.2,298.1,297.7,293.5,280.2,268.5,286.0,286.9,289.1,293.6,297.8,297.4,297.1,296.1,303.9,304.3,303.6,302.6,301.7,301.2,301.8,297.3,298.8,300.0,297.8,298.2,298.2,298.4,299.4,300.0,300.0,298.2,294.3,298.6,297.4,298.8,299.3,300.0,287.6
306.4,302.4,301.6,300.2,296.3,296.9,297.7,298.8,300.0,292.0,301.9,300.8,299.9,295.9,290.7,295.3,300.9,299.9,300.4,299.1,292.5,295.7,297.8,298.0,292.9,298.8,301.7,296.4,294.1,298.4,298.7,298.6,298.5,299.2,297.2,292.6,298.0,298.1,298.3,298.3,297.9,297.8,290.3,287.9,287.6,286.8,284.1,277.3,291.4,297.4,297.2,296.9,295.1,307.5,305.0,304.1,304.0,304.3,303.2,301.4,301.4,300.0,299.3,301.7,300.9,299.9,300.0,300.3,301.5,299.0,289.7,282.1,281.3,292.1,281.0,284.9,278.0
304.6,299.8,300.9,300.4,299.4,298.3,298.7,299.8,300.0,296.5,300.5,301.1,301.3,301.3,301.3,299.1,297.7,303.9,300.8,299.8,298.9,295.0,292.2,296.5,300.7,296.2,294.7,298.0,297.1,297.9,289.9,288.6,287.2,286.8,289.1,287.3,284.4,287.8,293.9,290.0,295.3,285.8,282.3,281.6,282.7,287.2,299.2,298.0,288.5,293.4,297.3,296.6,295.7,303.6,306.8,304.4,303.4,303.5,306.5,303.9,303.5,303.6,301.3,301.8,302.7,302.1,303.3,303.6,300.1,299.4,293.8,299.7,301.2,296.3,281.6,282.4,282.3
304.7,300.7,301.3,300.6,301.6,300.0,299.9,300.6,300.6,300.2,302.0,301.9,302.6,302.4,301.8,301.5,294.4,300.6,300.5,300.0,295.4,290.3,297.7,299.4,298.9,298.3,296.7,292.6,292.5,291.9,288.3,292.2,295.9,294.7,294.5,288.8,286.4,285.0,283.2,283.7,285.0,285.0,286.3,287.0,297.0,284.3,281.2,297.8,300.6,301.6,297.9,297.2,296.8,302.4,306.7,307.9,306.0,306.8,304.7,304.6,305.8,304.5,304.2,304.1,303.7,303.3,303.6,299.3,299.8,297.3,295.7,293.9,289.3,282.7,283.7,288.8,299.0
300.2,300.9,301.2,301.0,300.7,300.9,301.0,300.7,300.4,301.1,301.8,302.1,302.7,302.8,302.6,302.2,301.5,299.7,300.6,300.1,299.4,297.8,293.2,298.3,299.1,296.3,295.3,298.9,295.4,293.9,290.8,292.9,297.2,297.9,293.2,292.0,290.2,286.7,289.9,296.5,293.9,287.8,291.0,287.5,284.0,300.7,292.0,294.6,295.2,300.7,298.6,297.7,298.1,299.4,306.5,306.8,304.8,306.9,304.0,303.3,302.6,301.9,301.8,302.2,303.4,303.6,304.4,299.4,285.6,285.2,287.9,283.3,269.2,280.9,283.7,285.2,300.7
300.9,300.9,300.9,300.7,300.5,300.4,300.4,300.6,300.7,300.5,300.7,301.6,302.3,300.9,300.0,293.1,296.1,301.9,301.2,300.7,299.9,299.6,293.9,300.1,298.9,296.1,295.2,295.7,293.6,297.2,292.5,295.9,290.1,292.8,294.2,286.5,289.0,289.1,289.7,298.0,301.1,300.2,293.7,283.3,286.4,294.5,299.8,293.4,288.0,300.9,299.8,299.1,299.5,300.1,304.0,304.2,302.9,297.9,300.7,305.6,303.7,302.7,301.3,302.1,303.0,304.4,303.0,302.4,302.9,300.1,296.0,279.4,289.0,284.9,286.9,289.3,292.7
301.0,300.9,300.7,300.1,300.2,300.1,299.9,300.6,300.6,299.4,302.2,301.4,301.1,300.3,301.0,301.6,301.8,301.9,301.4,301.3,300.5,300.3,298.7,296.6,296.9,296.1,295.4,296.5,297.9,291.6,289.9,297.1,286.2,292.5,288.1,296.9,297.1,298.5,303.3,304.3,305.1,304.5,304.9,297.0,291.0,289.4,298.6,289.9,299.3,291.8,291.7,299.8,299.7,300.0,302.0,300.1,296.2,304.6,294.1,291.5,300.0,305.1,302.1,302.1,302.0,303.7,305.5,307.2,306.2,301.9,295.9,285.8,284.9,285.7,284.5,284.1,289.1
299.7,309.2,305.4,305.8,305.1,303.9,303.7,301.9,302.3,303.0,306.3,301.2,301.1,301.1,301.1,301.7,301.7,301.5,301.4,301.3,301.0,300.5,299.7,298.6,298.1,296.8,296.2,297.1,298.8,300.9,301.3,300.8,301.4,301.4,301.6,301.8,294.7,303.8,302.9,304.6,304.8,305.5,304.4,305.7,305.2,296.9,287.7,294.1,299.1,292.9,298.5,298.9,286.7,289.6,301.1,302.4,302.0,306.1,302.0,299.3,300.5,302.3,301.7,304.4,303.1,302.1,296.9,296.4,293.4,296.7,284.7,284.9,291.9,285.8,288.3,271.7,267.3
306.5,304.3,305.3,306.8,305.9,309.6,309.9,305.2,304.2,307.4,308.6,303.2,302.0,301.6,301.4,301.5,301.6,301.3,301.1,301.0,300.9,300.6,299.4,297.4,297.8,296.6,297.4,297.6,298.4,299.3,300.8,301.0,301.5,295.5,301.2,301.5,293.8,300.3,298.1,304.3,305.7,304.9,303.8,306.0,306.0,305.3,296.5,291.9,293.5,299.6,303.4,310.5,308.6,307.9,306.5,306.6,307.8,307.4,305.4,304.5,296.6,303.9,301.0,301.8,298.2,287.6,284.4,282.7,286.5,294.1,290.3,293.1,293.3,289.0,282.5,283.1,288.0
309.2,306.5,304.6,309.0,310.2,313.4,314.1,313.4,311.3,309.1,310.3,301.3,301.2,302.0,301.7,301.4,301.3,301.1,301.0,300.9,300.5,300.2,299.2,297.9,298.3,298.5,298.9,298.3,298.2,299.3,300.0,300.8,301.2,301.2,301.3,301.8,293.0,297.6,300.8,303.5,305.0,305.6,304.3,306.8,306.2,305.9,295.6,294.9,292.1,290.0,304.0,301.3,307.0,308.2,308.8,304.7,307.3,304.5,304.0,298.6,304.4,305.4,302.9,290.8,289.2,288.9,291.9,290.6,291.5,301.4,291.3,297.1,304.8,296.9,289.0,291.8,278.5
308.7,309.8,310.3,309.9,311.7,312.0,310.5,308.7,306.3,306.2,306.8,307.0,300.5,300.8,301.3,301.3,301.2,300.9,300.8,300.6,300.3,300.2,299.8,298.9,299.2,299.5,299.8,299.4,299.2,299.4,300.2,300.7,301.0,301.3,301.5,302.0,299.8,301.4,304.1,303.3,303.5,302.5,304.3,305.7,305.9,307.1,307.5,299.7,300.6,295.5,292.5,303.1,300.2,301.6,305.1,305.1,307.0,308.2,308.8,299.8,298.9,307.0,305.8,301.8,290.9,300.7,300.1,291.5,298.3,293.0,300.7,304.1,305.7,300.2,299.5,293.4,286.1
311.2,310.9,310.9,310.2,310.8,311.0,310.3,309.3,305.8,306.2,307.6,306.8,302.6,300.1,301.1,302.4,301.3,301.0,300.6,300.1,303.4,301.3,303.2,299.4,300.0,299.6,299.9,299.7,299.4,299.5,299.9,300.4,300.6,301.1,301.5,298.3,295.9,302.1,303.2,302.9,303.7,302.5,304.9,306.4,307.5,309.1,308.9,308.5,307.2,307.5,297.8,296.3,300.3,302.3,306.8,304.6,302.5,308.1,310.8,304.2,299.5,308.6,308.8,306.7,305.5,305.2,305.2,300.0,294.8,296.1,303.7,305.8,303.8,303.1,301.2,298.8,296.6
311.1,310.1,308.5,308.9,310.7,311.0,308.5,308.1,307.1,305.1,305.2,304.3,303.4,302.6,304.9,304.7,301.2,300.0,300.3,299.7,299.2,304.6,305.2,302.9,303.1,300.8,299.3,297.5,296.2,299.6,299.6,297.7,301.5,296.8,298.5,299.5,299.4,302.9,302.6,302.5,301.2,304.1,301.5,306.5,306.6,305.6,309.0,309.0,309.2,307.7,301.5,291.1,297.1,303.6,298.6,301.1,301.2,299.2,312.8,306.2,304.4,310.6,309.4,307.6,307.0,305.6,303.6,294.4,295.5,298.1,298.3,306.8,304.7,304.9,303.4,302.4,300.8
310.5,309.7,310.4,309.7,309.7,308.1,307.8,307.2,305.9,304.9,306.3,304.2,304.2,303.2,302.1,302.2,302.1,302.2,300.7,299.6,300.5,303.3,304.3,305.7,304.7,304.8,304.7,305.5,301.4,300.6,301.8,302.2,299.6,298.1,300.6,303.4,302.1,301.1,303.9,303.0,305.3,302.3,305.9,305.4,306.2,306.4,306.8,306.5,309.5,304.7,305.0,304.0,297.5,299.8,296.5,298.2,292.8,297.8,309.5,311.8,303.8,309.3,308.8,306.3,303.8,307.0,305.7,296.9,302.9,301.0,301.3,306.5,306.4,305.9,305.1,304.3,302.6
313.7,312.1,309.9,308.7,308.6,306.5,306.1,305.5,307.3,306.9,305.0,302.9,302.2,302.3,302.1,302.2,302.6,303.9,302.3,302.9,302.4,304.9,302.2,301.1,300.6,299.9,305.3,300.9,304.9,303.6,302.8,303.5,301.6,299.3,295.2,299.3,298.5,297.1,300.5,300.5,299.1,299.7,301.6,305.0,305.1,306.4,305.1,307.3,304.1,305.0,305.2,307.7,304.9,295.9,298.4,300.0,299.2,297.7,295.4,307.5,304.2,298.3,305.5,306.0,303.5,305.5,299.4,298.1,306.7,302.8,307.3,307.3,307.4,305.8,306.5,304.8,303.9
312.9,312.0,310.9,309.5,308.3,307.4,308.3,304.7,304.1,303.1,304.5,299.7,299.4,303.3,302.2,302.2,302.9,303.3,303.2,301.9,301.6,304.8,305.1,302.4,303.2,302.2,301.5,304.6,303.1,302.6,303.5,302.8,299.2,300.9,302.3,302.1,294.6,298.3,297.7,300.5,298.3,299.5,300.7,303.4,305.2,305.6,304.7,304.2,304.5,305.1,305.3,305.6,303.1,304.9,305.1,303.9,300.7,300.2,304.6,300.5,298.5,297.9,297.6,301.9,304.6,303.5,296.1,299.4,302.0,303.8,305.2,305.3,304.4,302.8,302.9,301.8,302.2
312.9,311.8,310.5,311.1,310.2,308.9,308.5,307.4,303.7,306.0,305.1,301.0,299.3,299.5,299.0,303.1,304.0,306.3,304.2,303.7,301.9,305.2,305.6,303.1,304.6,304.4,301.1,301.2,302.1,303.1,303.1,302.5,301.2,304.2,301.0,301.2,299.3,301.2,296.7,295.4,298.7,301.7,302.2,303.8,302.5,306.0,304.7,304.8,303.8,308.4,305.4,305.7,305.9,306.0,303.2,302.1,305.2,304.5,299.3,302.5,305.1,299.1,297.1,298.6,298.7,297.6,297.3,300.3,303.2,305.1,303.4,300.5,301.5,300.6,299.6,299.1,299.8
312.5,313.4,313.7,313.5,312.3,308.9,306.3,305.1,304.3,303.5,304.2,303.9,303.1,301.4,302.9,301.6,303.6,304.0,303.7,303.7,303.5,304.8,303.7,301.0,305.0,303.1,300.5,300.4,302.8,302.2,300.6,301.9,302.4,305.9,301.5,301.2,302.1,303.0,302.0,302.0,301.1,301.8,302.9,304.1,306.3,307.3,307.7,307.7,304.0,308.3,306.1,305.9,305.8,305.6,305.7,305.7,305.4,304.6,300.2,300.4,300.6,300.7,301.4,301.2,298.9,299.8,300.2,300.0,303.7,302.6,301.8,300.2,300.8,299.9,298.2,298.7,300.5
313.1,314.4,315.4,315.6,311.8,308.6,307.3,302.9,301.9,300.9,302.8,300.8,299.3,299.6,301.3,304.4,303.8,301.7,300.8,299.1,300.5,300.4,302.2,304.0,303.3,300.2,298.4,299.3,301.0,300.8,301.5,302.2,301.6,305.4,303.2,301.9,302.6,302.7,302.6,303.6,304.8,305.2,303.9,305.4,305.8,306.0,306.6,306.1,306.2,306.7,304.3,305.7,305.9,305.5,305.7,305.7,303.0,304.3,303.7,302.6,301.9,301.4,301.3,301.0,301.1,301.4,301.3,301.2,301.0,300.9,301.1,301.0,300.8,298.3,297.1,297.8,298.7
313.6,314.5,313.2,312.7,310.5,306.9,305.2,300.9,302.0,304.9,302.4,303.1,299.2,301.1,303.4,304.6,302.5,301.1,301.4,301.5,299.9,300.9,299.5,300.2,300.4,300.1,296.1,298.9,300.2,300.8,301.9,302.8,301.7,304.0,306.0,303.0,303.0,303.1,302.9,304.8,305.0,307.1,303.2,304.6,308.5,307.8,308.1,309.4,307.4,305.6,305.2,305.5,306.4,306.9,307.0,305.4,303.5,303.4,303.5,302.5,301.4,300.7,300.6,300.9,301.3,301.6,301.6,301.4,301.6,302.0,302.9,303.9,300.2,298.5,298.3,296.8,297.6
313.4,311.0,313.4,311.7,310.2,308.1,306.3,305.2,302.2,305.5,305.4,303.9,303.5,303.8,304.6,304.5,301.0,301.6,302.5,301.3,300.5,299.6,300.2,299.5,300.1,300.5,299.2,299.9,302.1,302.6,302.8,305.0,302.4,302.0,304.4,305.0,303.4,303.5,303.4,302.3,301.7,306.9,305.0,303.0,308.5,309.8,306.3,306.0,308.6,308.6,307.8,309.3,308.0,306.6,307.8,307.3,305.3,301.6,299.8,301.8,301.0,299.8,299.9,300.4,300.8,301.3,301.5,301.2,301.0,301.3,301.5,300.9,300.7,299.5,297.9,297.0,296.5
