json-data/2022072818.json
{"header": {"discipline":0,"disciplineName":"Meteorological products","gribEdition":2,"gribLength":79523,"center":7,"centerName":"US National Weather Service - NCEP(WMC)","subcenter":0,"refTime":"2022-07-28T18:00:00.000Z","significanceOfRT":1,"significanceOfRTName":"Start of forecast","productStatus":0,"productStatusName":"Operational products","productType":1,"productTypeName":"Forecast products","productDefinitionTemplate":0,"productDefinitionTemplateName":"Analysis/forecast at horizontal level/layer at a point in time","parameterCategory":2,"parameterCategoryName":"Momentum","parameterNumber":3,"parameterNumberName":"V-component_of_wind","parameterUnit":"m.s-1","genProcessType":2,"genProcessTypeName":"Forecast","forecastTime":0,"surface1Type":103,"surface1TypeName":"Specified height level above ground","surface1Value":10.0,"surface2Type":255,"surface2TypeName":"Missing","surface2Value":0.0,"gridDefinitionTemplate":0,"gridDefinitionTemplateName":"Latitude_Longitude","numberPoints":65160,"shape":6,"shapeName":"Earth spherical with radius of 6,371,229.0 m","gridUnits":"degrees","resolution":48,"winds":"true","scanMode":0,"nx":360,"ny":181,"basicAngle":0,"lo1":0.0,"la1":90.0,"lo2":359.0,"la2":-90.0,"dx":1.0,"dy":1.0}, "data":
[rows 104 to 129 of 181, columns 0 to 58 of 360]
3.7878907,4.0178905,3.7078905,4.2778907,4.7678905,4.9578905,4.9178905,5.387891,5.5578904,5.7178907,6.9678907,6.1078906,4.7478905,0.027890624,-2.2321093,0.6078906,1.2378906,0.46789062,0.09789062,0.7078906,0.5978906,0.48789063,1.3378906,0.9678906,0.8578906,0.7078906,0.57789063,1.1378906,2.0778906,2.0078907,0.41789064,1.7078906,4.2378907,4.0878906,0.32789063,7.5078907,1.9378906,2.0678906,2.3378906,3.3478906,3.1578906,10.007891,8.257891,6.8378906,5.867891,2.3278906,1.4678906,1.4078907,-0.7621094,0.9878906,0.9278906,8.547891,7.597891,5.7378907,3.9478905,3.7178907,4.097891,4.1978908,5.137891
3.7078905,3.9278905,4.3978906,4.677891,5.0078907,4.617891,5.137891,5.6878905,6.5478907,6.657891,7.0878906,6.5178905,4.2678905,1.0578907,1.7878907,1.4778906,-0.81210935,0.6178906,0.3178906,0.5278906,1.1178906,0.5278906,1.0678906,0.74789065,0.44789064,1.6778907,2.1078906,1.3878906,0.17789063,2.1178906,1.7078906,1.4478906,1.9178907,1.7278906,1.8478906,3.8678906,3.6978905,1.7478906,2.9578905,2.0278907,2.6178906,8.417891,7.5378904,5.9878907,4.9378905,3.4978907,0.3178906,1.1578907,-1.3621094,-0.022109374,1.2078906,7.0478907,6.3278904,5.8078904,4.0378904,3.7278907,3.4578905,4.1278906,4.7578907
3.1178906,3.5278907,4.157891,4.7378907,5.137891,5.2078905,5.7478905,5.407891,6.4178905,7.4978905,8.2078905,8.28789,2.9478905,-0.48210937,-1.4321094,0.75789064,1.1578907,0.07789063,-0.86210936,-0.50210935,0.24789062,0.80789065,1.6778907,1.3278906,0.55789065,-0.7121094,-0.4921094,1.6978906,0.6178906,-0.2721094,-0.5121094,0.7178906,0.63789064,1.8978906,3.1278906,1.7878907,1.9678906,2.5178907,2.1578906,2.2678907,2.1578906,6.597891,6.2778907,6.367891,6.097891,3.9478905,0.26789063,0.16789062,0.35789064,1.7278906,3.8078907,5.4478908,6.177891,5.427891,4.1978908,3.5878906,3.7878907,3.7178907,3.5078907
2.7778907,3.2778907,4.137891,4.7878904,4.9178905,5.8778906,6.2678905,6.7578907,6.927891,7.0678906,7.8978906,9.727891,4.1278906,-0.38210937,2.0978906,-0.2721094,1.3678906,0.74789065,0.19789062,-0.092109375,-0.23210937,-0.4921094,0.24789062,1.2078906,0.6778906,-0.5421094,0.13789062,-1.1821094,2.2978907,-2.0921094,-2.2421093,-1.2521094,0.087890625,1.4278907,2.1078906,1.2678906,1.6478906,2.0078907,1.2978907,5.2578907,7.6278906,6.2678905,6.347891,6.7278905,6.4578905,0.6078906,-3.4221094,-1.2821094,0.2578906,0.45789063,3.1378906,4.6878905,4.1478906,4.7878904,4.0778904,2.5378907,3.5078907,3.4678907,3.2878907
2.9578905,2.8278906,3.9078906,5.117891,5.0578904,5.0878906,5.7578907,6.3578906,7.1878905,7.5678906,7.6678905,8.147891,5.5478907,1.7578906,2.8578906,-0.62210935,2.3678906,-0.36210936,-0.73210937,-0.74210936,-0.75210935,-1.2021093,-0.41210938,-1.6421094,-0.74210936,0.8378906,-0.8421094,-1.1721094,-0.30210936,2.0278907,1.3578906,0.15789062,1.3378906,2.2878907,1.3178906,1.6578907,1.6978906,3.7378907,7.407891,6.3978906,7.0678906,6.3278904,6.9778905,7.0378904,4.2278905,1.1378906,-0.32210937,0.017890625,0.5378906,0.5378906,3.0578907,3.8078907,4.3978906,4.1278906,4.1978908,3.1078906,1.8178906,3.1878905,2.7778907
2.7978907,3.4178905,3.8378906,4.3578906,4.657891,5.387891,6.157891,6.2978907,6.847891,6.5078907,7.2978907,7.0478907,5.7578907,2.5978906,1.1178906,-0.68210936,-2.6921093,1.3978906,-2.1221094,-1.8721094,-1.4021094,-0.7821094,-1.5221094,-0.42210937,-1.1321094,-1.9221094,-1.7521094,-0.94210935,0.34789062,3.0778906,2.3278906,1.9078907,-0.5921094,-0.28210938,0.5278906,2.0178907,5.427891,5.7478905,5.6278906,7.0378904,8.69789,8.07789,7.9878907,6.4878907,4.3978906,0.42789063,-0.40210938,0.21789062,1.0978906,1.1778907,2.5578907,4.2378907,4.1278906,2.9278905,3.3478906,2.4978907,1.7178906,2.4978907,1.6878906
3.0878906,3.2378907,2.7578907,3.6978905,4.0878906,4.9178905,4.907891,5.0778904,6.1878905,6.5878906,6.867891,7.6278906,6.0678906,4.887891,-0.062109374,4.3078904,-3.0221093,-2.2821093,-3.1021094,-2.6621094,-2.2421093,-1.0121094,-0.5821094,0.68789065,1.8478906,2.0278907,-0.21210937,1.0978906,1.9578906,0.8378906,1.6878906,1.2978907,3.7878907,-1.5521094,0.36789063,3.5378907,4.3378906,7.3978906,5.887891,7.1878905,7.387891,8.547891,8.56789,7.6978908,6.4778905,0.32789063,1.1778907,-0.40210938,0.26789063,3.6578906,3.1878905,4.2878904,3.9178905,2.3878906,2.1978905,2.8978906,0.8378906,1.1178906,1.8578906
2.8678906,3.6178906,2.8878906,2.2278907,3.1678905,3.7178907,4.927891,5.2978907,5.7078905,5.4178905,6.0278907,6.9978905,7.0178905,5.8578906,2.0778906,3.4478905,1.7878907,-3.9221094,-3.9521093,-1.8621094,-2.4221094,-1.9521093,-0.93210936,-0.092109375,-0.35210937,1.0678906,2.8578906,2.0778906,0.41789064,0.36789063,-0.052109376,0.51789063,0.8678906,-0.9121094,-0.99210936,2.0778906,5.097891,6.4378905,6.3278904,5.6078906,7.2378907,9.017891,9.717891,10.017891,1.4278907,1.8278906,2.3478906,0.36789063,0.15789062,2.7878907,4.0778904,4.4778905,3.9778907,1.8678906,3.6178906,-4.0521092,2.6178906,-0.062109374,-0.26210937
2.6678905,2.7378907,3.3278906,3.7778907,2.6778905,2.9878907,3.5778906,4.5578904,5.4578905,6.0478907,5.4878907,5.887891,7.347891,6.137891,3.5778906,2.2178907,2.4978907,1.4278907,-3.9821093,-4.6221094,-3.4121094,-4.092109,-2.7921095,-2.0121093,-1.9821094,-0.18210937,0.27789062,0.5378906,1.1078906,0.9778906,0.44789064,-0.39210936,1.5678906,2.1978905,-0.5821094,1.4278907,4.157891,3.6978905,5.387891,6.3578906,7.9478908,9.257891,10.937891,11.53789,1.2178906,2.3078907,3.9878907,1.1778907,0.69789064,2.3978906,3.3378906,4.1278906,3.8978906,0.17789063,-1.1421094,0.33789062,0.30789062,0.2878906,-1.4721093
2.5178907,2.6178906,1.8878906,2.8078907,2.3678906,2.2478907,2.8778906,3.7478907,4.5478907,4.5078907,3.9678907,5.1878905,5.867891,5.4378905,4.8578906,0.50789064,1.6778907,-0.38210937,0.99789065,-4.8021092,-4.342109,-3.1221094,-2.5921094,-2.4021094,-2.7021093,-2.1921093,-1.9921094,-4.3021092,-3.4021094,-0.13210937,-0.4321094,-0.26210937,-0.26210937,1.9978906,0.087890625,0.94789064,2.7978907,4.9678907,5.5778904,4.5578904,7.7178907,9.397891,11.917891,13.187891,2.7378907,-0.42210937,-0.98210937,1.6478906,1.4678906,3.0678906,3.1778905,3.4878907,2.9778907,1.3778906,-0.8821094,1.1178906,1.6978906,1.1178906,-1.0421094
2.3578906,2.6978905,2.6778905,2.4678907,2.6878905,2.1178906,2.7078905,2.7678907,3.0578907,3.3578906,2.3778906,3.6178906,4.0578904,4.637891,4.8578906,2.5878906,-0.5421094,-0.14210938,1.9978906,1.4178907,-8.702109,-3.3021095,-4.3321095,-3.6121094,-2.9421093,-2.1921093,-2.8421094,-2.8021095,-2.7521093,-3.1721094,-1.4821094,0.7778906,0.41789064,1.3178906,0.9178906,0.48789063,2.0578907,4.907891,5.1278906,5.0378904,6.7678905,7.867891,8.767891,9.82789,4.2878904,4.6878905,0.8378906,0.40789062,5.5578904,5.5778904,5.5578904,4.8178906,1.3978906,-0.08210938,0.94789064,-0.122109376,1.8078907,1.5378907,-1.9621093
0.8378906,1.6578907,1.3378906,2.6178906,2.4478905,3.0678906,2.4778907,2.5078907,2.6278906,1.8478906,1.7178906,1.5478907,3.8578906,3.8678906,3.7978907,1.3478906,-0.8221094,-0.002109375,1.0178906,2.7578907,0.3178906,-3.7721093,-3.4721093,-4.6421094,-4.1021094,-4.8121095,-2.6921093,-3.4221094,-2.7521093,-3.6921093,-0.44210938,-0.48210937,0.30789062,0.35789064,-0.61210936,-0.30210936,1.9778906,2.5678906,4.7478905,5.427891,5.3378906,4.847891,6.0778904,6.6878905,4.2678905,3.1878905,3.2978907,-0.33210936,4.5778904,5.6878905,6.6278906,6.5278907,3.4978907,-1.5021094,-0.5721094,0.23789063,0.18789062,0.3178906,-0.14210938
3.3278906,1.1978906,1.6578907,2.4378905,1.1778907,1.6778907,2.1678905,2.3378906,2.4378905,0.7778906,-0.10210937,0.80789065,2.7278907,3.2378907,2.8278906,1.1278906,0.9178906,-1.9521093,1.6478906,3.1278906,-1.1621094,-3.5221093,-6.5021095,-4.652109,-4.592109,-4.7621093,-4.3721094,-3.5121093,-2.1921093,-2.6421094,-1.5121094,-1.0321094,-1.4221094,-3.0821095,-1.7421094,-0.36210936,1.6978906,2.5978906,3.2978907,5.0878906,4.3378906,4.887891,4.8078904,5.2578907,4.7378907,4.7478905,4.6678905,4.5278907,5.5478907,6.2078905,5.4378905,6.2678905,6.1878905,1.6978906,-1.6621094,-0.7121094,0.23789063,-0.5721094,-1.4621093
7.4878907,6.4978905,6.0178905,7.5878906,1.6878906,0.88789064,1.2578906,1.3678906,1.5978906,1.7378906,0.14789063,-2.2821093,2.0778906,2.3278906,2.1378906,-0.40210938,-1.4721093,-0.022109374,4.5778904,1.5978906,3.0778906,-1.9621093,-5.1721096,-5.3721094,-6.3521094,-5.9721093,-5.822109,-3.0521095,-2.6121094,-1.6421094,-0.10210937,-1.4321094,-0.69210935,-5.5421095,-3.7221093,-1.4621093,1.4278907,1.1778907,3.0378907,2.6278906,4.4578905,1.6178906,4.2078905,3.8078907,4.8378906,5.1978908,4.637891,4.7578907,5.0378904,5.9378905,6.3378906,7.0278907,6.8778906,6.5378904,2.6578906,-1.8721094,-1.3021094,-1.7921094,-1.5021094
6.9778905,7.347891,7.0178905,7.4578905,9.187891,5.677891,-0.33210936,-0.35210937,0.57789063,0.3178906,0.4778906,-2.6521094,-0.24210937,0.7078906,1.8378906,0.21789062,-1.4121094,1.2578906,0.6478906,2.0378907,3.5778906,3.8578906,-2.4421093,-4.8321095,-6.7921095,-7.7221093,-4.0521092,-3.7621093,-2.3521094,-1.2021093,-0.28210938,-1.4121094,-2.2621093,-7.5821095,-5.5621095,-2.8221095,-0.25210938,1.3778906,1.4178907,2.8878906,2.9478905,4.387891,4.0178905,3.9678907,3.8178906,4.7178907,5.0278907,5.0578904,5.5578904,5.867891,5.5878906,5.7078905,6.3378906,5.927891,6.0878906,4.3578906,0.16789062,-1.5821093,-2.0221093
7.7978907,7.1478906,7.6478906,7.5578904,7.907891,7.8778906,7.9778905,-0.80210936,-1.2921094,-0.99210936,-0.7121094,-3.0421095,-2.9021094,-3.5821095,0.39789063,0.7078906,-1.3421093,-2.5021093,1.0478907,1.7278906,2.5178907,0.93789065,1.3178906,-3.7821093,-6.4821095,-10.412109,-4.882109,-2.1121094,-0.42210937,-1.6621094,0.21789062,-0.6021094,-9.142109,-9.18211,-6.2521095,-4.2221093,-1.2921094,0.12789063,1.0778906,2.3778906,3.0678906,2.8978906,3.7278907,4.5278907,5.2578907,4.9378905,6.1978908,6.0278907,6.137891,6.0278907,5.867891,6.117891,6.5278907,6.7978907,6.3378906,5.9978905,5.6878905,2.3978906,-2.5021093
7.9778905,8.36789,8.32789,7.9978905,7.7778907,8.097891,8.257891,8.727891,-1.1321094,-2.2721093,-2.0821095,-2.2121093,-4.902109,-4.072109,-1.7621094,-0.25210938,-0.67210937,-5.5821095,0.14789063,-1.6321094,-1.4021094,-0.81210935,-1.3721094,0.07789063,-4.1421094,-11.392109,-9.812109,-3.5221093,-2.1921093,-2.9521093,-1.2921094,-7.6221094,-9.55211,-9.09211,-6.7321095,-4.9821095,-2.4121094,-0.47210938,0.56789064,1.2378906,2.1478906,3.3778906,3.2078905,3.3678906,5.7278905,6.6478906,5.907891,6.4978905,7.177891,6.0378904,6.8578906,7.7278905,7.5478907,7.2278905,7.1478906,6.7778907,5.8278904,4.7278905,2.5678906
8.637891,8.82789,8.28789,9.397891,7.927891,7.5378904,7.6478906,8.547891,6.9178905,-1.8421093,-3.4621093,-3.3621094,-5.0421095,-4.4121094,-3.2121093,-0.40210938,-0.9021094,-2.3421094,-5.112109,1.5578907,2.4178905,-3.3521094,-3.4121094,-4.1021094,-2.9721093,-8.392109,-6.882109,-0.87210935,-6.632109,-0.5421094,-2.8721094,-9.192109,-9.352109,-9.372109,-6.9621096,-5.4521093,-3.1321094,-1.2021093,-0.36210936,0.46789062,1.2978907,2.3778906,3.7578907,3.9178905,4.0678906,5.7378907,5.7778907,6.7378907,6.677891,5.8778906,6.5278907,7.4478908,8.017891,8.397891,8.507891,7.7278905,7.427891,6.177891,4.5478907
8.28789,9.36789,9.937891,8.7078905,7.7678905,7.9878907,7.2078905,7.5578904,7.137891,6.8778906,-4.4621096,-4.862109,-4.9821095,-5.4321094,-2.9721093,-2.1921093,-1.3021094,-1.5621094,-4.342109,-0.18210937,-2.6221094,-0.47210938,-6.3521094,-2.0921094,-3.6821094,-1.5721093,-3.6821094,-5.4521093,-4.362109,-4.3721094,-5.9821095,-9.772109,-8.612109,-7.9521093,-7.7621093,-5.862109,-3.9121094,-1.5521094,-1.2721094,-0.23210937,0.46789062,1.4378906,2.1978905,3.0578907,3.6578906,4.5178905,5.3978906,6.097891,6.2678905,6.7378907,7.4878907,7.7378907,8.127891,8.397891,8.387891,8.187891,7.6978908,6.6678905,6.2478905
7.3978906,9.107891,9.52789,9.28789,9.217891,7.5678906,7.677891,7.7378907,6.5878906,4.7978907,1.7178906,-6.0621095,-5.9121094,-5.9121094,-3.7721093,-3.5021093,-1.6421094,-0.86210936,-2.4921093,-5.842109,-2.4421093,-2.3421094,-3.4121094,-1.6121094,-1.4921094,0.14789063,-4.362109,-3.1921093,-7.9921093,-9.622109,-7.5821095,-8.522109,-9.46211,-8.362109,-6.862109,-5.3121095,-3.3721094,-3.0921094,-2.6321094,-1.0921093,-0.5821094,0.48789063,2.3678906,3.9878907,5.867891,6.4178905,7.9878907,8.877891,8.897891,9.40789,9.977891,10.927891,10.847891,11.377891,10.227891,8.02789,6.7978907,6.7978907,5.137891
9.007891,9.28789,9.49789,10.107891,11.097891,9.187891,10.397891,8.267891,8.31789,5.3178906,3.6378906,-7.5121093,-7.2621093,-6.7421093,-4.3721094,-3.5221093,-1.9921094,-1.3921094,-2.0821095,-3.1021094,1.3778906,-1.0121094,-2.1321094,-2.1621094,-3.4921093,-2.2021093,-4.092109,-10.582109,-9.562109,-10.17211,-11.17211,-10.282109,-8.51211,-6.652109,-5.7521095,-5.8321095,-4.2421093,-3.0421095,-1.8021094,0.117890626,1.2278906,3.4678907,3.0078907,3.8778906,4.5778904,5.157891,6.177891,6.7678905,7.4478908,8.307891,8.877891,9.74789,10.31789,11.32789,11.187891,11.36789,11.837891,11.767891,8.32789
8.57789,8.137891,10.807891,9.7078905,8.94789,9.44789,11.337891,10.52789,11.56789,5.4678907,-1.6421094,-9.84211,-8.242109,-7.8921094,-5.5021095,-4.0421095,-1.7521094,-1.6421094,-4.2421093,-5.1021094,-0.62210935,1.5578907,-4.3321095,-3.4121094,-5.8921094,-7.6621094,-9.482109,-10.912109,-11.72211,-10.47211,-9.412109,-9.112109,-7.5521092,-7.132109,-7.072109,-6.4421096,-5.0221095,-2.8021095,-0.9621094,-0.002109375,0.62789065,1.0278907,1.8678906,2.6278906,3.5278907,4.6678905,5.8278904,6.927891,8.107891,8.99789,9.857891,10.53789,11.06789,11.24789,11.597891,11.31789,11.107891,11.607891,10.9578905
7.8978906,8.047891,7.9378905,9.017891,7.8778906,9.40789,11.967891,12.94789,16.21789,4.6078906,-6.842109,-11.46211,-10.0421095,-8.412109,-5.632109,-4.112109,-1.9121094,-1.6321094,-4.882109,-5.1921096,-3.5021093,-5.6721096,-6.0021095,-7.2521095,-7.6921096,-9.082109,-10.322109,-10.2921095,-10.05211,-9.7921095,-9.30211,-9.00211,-9.032109,-8.5421095,-5.572109,-5.2321095,-4.2121096,-3.4021094,-2.3021095,-1.6021094,-0.37210938,0.44789064,1.4678906,2.7178907,4.2078905,5.3578906,6.4778905,7.9778905,8.937891,9.667891,10.65789,11.427891,11.847891,12.257891,12.387891,12.07789,12.187891,11.81789,11.337891
5.8578906,7.927891,8.507891,8.99789,8.337891,8.397891,10.807891,13.36789,15.557891,17.22789,-7.9521093,-11.442109,-10.97211,-8.332109,-5.8721094,-4.1021094,-1.1721094,-3.6221094,-6.2021093,-7.132109,-6.7121096,-6.652109,-8.572109,-9.71211,-9.75211,-9.51211,-8.46211,-9.00211,-9.312109,-9.25211,-9.482109,-9.142109,-7.5121093,-7.7721095,-6.5421095,-6.6421094,-6.5221095,-5.0821095,-3.2821093,-1.4121094,-0.7921094,0.5478906,1.6878906,2.9778907,4.7378907,6.117891,7.1678905,8.4578905,9.56789,10.597891,11.56789,11.86789,11.7078905,12.047891,12.23789,11.517891,12.177891,12.28789,11.347891
4.117891,5.2278905,6.9878907,7.6978908,9.107891,7.2378907,10.137891,13.52789,16.357891,19.857891,-0.62210935,-8.662109,-10.872109,-9.2921095,-7.0621095,-4.7321095,-1.0021094,-5.9721093,-7.4421096,-9.162109,-6.862109,-4.3721094,-3.8921094,-6.3021092,-8.42211,-8.372109,-8.192109,-8.55211,-8.55211,-8.492109,-9.352109,-9.692109,-8.80211,-8.482109,-8.0421095,-7.5321093,-6.7121096,-4.9721093,-3.4721093,-1.7721094,-0.18210937,1.3478906,2.6978905,4.0178905,5.0878906,6.427891,7.7178907,8.77789,9.65789,10.28789,10.86789,11.19789,11.807891,12.28789,12.637891,12.847891,13.507891,11.967891,11.757891
2.9878907,3.5578907,5.1078906,6.5678906,7.3978906,9.337891,8.217891,11.19789,14.03789,16.76789,19.617891,-8.982109,-10.2921095,-8.362109,-8.51211,-4.8521094,-4.7321095,-4.9121094,-5.5321093,-7.5321093,-7.4221096,-5.8321095,-4.7721095,-5.6821094,-7.1621094,-6.4521093,-6.0021095,-5.4121094,-6.342109,-9.67211,-8.372109,-8.832109,-8.76211,-8.5421095,-7.9421096,-7.4921093,-5.7821093,-4.7921095,-3.8921094,-2.1121094,-0.31210938,1.3678906,2.9478905,4.2978907,5.597891,7.0878906,8.27789,8.81789,9.587891,10.02789,10.627891,11.86789,12.377891,12.607891,12.57789,12.507891,12.307891,12.257891,11.36789
