json-data/2022072112.json
{"header": {"discipline":0,"disciplineName":"Meteorological products","gribEdition":2,"gribLength":79695,"center":7,"centerName":"US National Weather Service - NCEP(WMC)","subcenter":0,"refTime":"2022-07-21T12:00:00.000Z","significanceOfRT":1,"significanceOfRTName":"Start of forecast","productStatus":0,"productStatusName":"Operational products","productType":1,"productTypeName":"Forecast products","productDefinitionTemplate":0,"productDefinitionTemplateName":"Analysis/forecast at horizontal level/layer at a point in time","parameterCategory":2,"parameterCategoryName":"Momentum","parameterNumber":3,"parameterNumberName":"V-component_of_wind","parameterUnit":"m.s-1","genProcessType":2,"genProcessTypeName":"Forecast","forecastTime":0,"surface1Type":103,"surface1TypeName":"Specified height level above ground","surface1Value":10.0,"surface2Type":255,"surface2TypeName":"Missing","surface2Value":0.0,"gridDefinitionTemplate":0,"gridDefinitionTemplateName":"Latitude_Longitude","numberPoints":65160,"shape":6,"shapeName":"Earth spherical with radius of 6,371,229.0 m","gridUnits":"degrees","resolution":48,"winds":"true","scanMode":0,"nx":360,"ny":181,"basicAngle":0,"lo1":0.0,"la1":90.0,"lo2":359.0,"la2":-90.0,"dx":1.0,"dy":1.0}, "data":
[rows 78 to 103 of 181, columns 295 to 353 of 360]
0.31112793,1.0811279,1.141128,-0.02887207,-0.7688721,-3.058872,-4.088872,-3.708872,-4.218872,-2.738872,-2.8488722,-1.5488721,-2.278872,-2.8488722,-2.508872,-3.258872,-3.338872,-4.008872,-3.5988722,-3.6188722,-4.578872,-3.938872,-4.828872,-4.858872,-5.888872,-5.628872,-5.558872,-6.318872,-7.188872,-5.5388722,-4.898872,-5.688872,-4.808872,-2.308872,0.77112794,3.1211278,4.331128,3.811128,2.231128,1.5411279,0.25112793,-0.6988721,-0.27887207,-1.2088721,-3.238872,-2.988872,-2.538872,-0.7788721,-1.1788721,0.8111279,0.5611279,1.9411279,1.5311279,-0.41887206,-0.18887207,0.8011279,1.4011279,1.8211279,3.701128
0.9311279,-0.00887207,1.2711279,0.58112794,-0.5188721,-2.018872,-3.778872,-3.8488722,-2.948872,-2.218872,-3.008872,-3.0988722,-1.7888721,-3.3688722,-3.328872,-3.6088722,-3.808872,-3.468872,-4.008872,-3.468872,-4.0188723,-3.968872,-4.438872,-4.218872,-5.138872,-5.938872,-5.908872,-5.2288723,-6.338872,-6.638872,-5.2288723,-5.008872,-5.278872,-2.1088722,4.411128,4.341128,5.411128,4.5011277,3.981128,3.711128,3.191128,2.1011279,0.96112794,1.0811279,-1.3088721,-1.2888721,-1.748872,-1.6888721,-1.128872,0.6211279,3.051128,1.761128,1.3311279,1.241128,0.94112796,2.8611279,3.3511279,2.251128,3.241128
0.8011279,-0.29887208,-0.49887207,0.59112793,-1.7088721,-2.1388721,-2.318872,-2.478872,-3.968872,-4.908872,-4.2888722,-3.468872,-3.3588722,-3.1088722,-1.028872,-1.638872,-2.428872,-3.928872,-3.3988721,-3.428872,-4.5188723,-5.078872,-5.678872,-6.328872,-6.678872,-6.388872,-6.858872,-8.248872,-6.868872,-4.908872,-4.4788723,-3.3988721,-1.4288721,1.6611279,4.431128,5.791128,5.741128,5.541128,5.221128,4.4811277,4.891128,3.471128,3.051128,3.781128,3.581128,2.731128,1.9111279,1.0911279,1.9211279,3.771128,5.081128,3.771128,1.511128,1.9011279,3.3811278,2.431128,2.8711278,2.971128,2.501128
0.20112793,-1.1588721,-0.8388721,0.01112793,0.0011279297,-1.778872,-1.738872,-2.488872,-2.508872,-3.078872,-4.598872,-4.168872,-4.258872,-4.408872,-3.318872,-3.458872,-4.298872,-4.328872,-4.7688723,-3.928872,-4.448872,-3.6488721,-4.618872,-4.908872,-6.638872,-4.008872,-4.958872,-6.328872,-5.458872,-4.148872,-2.5988722,-2.798872,1.131128,4.671128,5.2711277,5.631128,5.421128,5.5011277,5.0011277,5.691128,6.371128,6.201128,5.921128,5.171128,5.511128,5.031128,4.131128,3.811128,5.351128,5.971128,5.971128,5.011128,1.731128,1.0711279,1.351128,2.801128,1.971128,2.691128,2.3411279
0.27112794,-0.5088721,-0.34887207,-0.35887206,-0.11887207,-0.07887207,-1.248872,-1.358872,-2.698872,-1.9688721,-2.718872,-3.048872,-3.168872,-3.278872,-3.988872,-3.1088722,-3.508872,-3.208872,-3.728872,-3.338872,-3.418872,-2.748872,-3.4088721,-3.8888721,-2.418872,-2.538872,-2.458872,-0.18887207,0.8111279,2.031128,3.6311278,4.531128,4.9611278,4.931128,5.2511277,5.5011277,6.201128,5.2311277,5.871128,6.641128,6.7311277,6.631128,6.581128,6.161128,5.391128,5.431128,5.871128,6.371128,6.431128,6.761128,6.7311277,7.071128,6.691128,1.4611279,1.2011279,1.391128,1.481128,1.6911279,2.241128
0.6111279,0.09112793,-0.28887206,0.25112793,0.07112793,0.29112792,-0.20887206,-2.488872,-1.028872,-1.528872,-1.268872,-1.388872,-1.7088721,-2.808872,-3.268872,-4.258872,-4.058872,-3.748872,-2.298872,-2.458872,-0.66887206,-0.5688721,-0.11887207,1.0811279,1.4111279,2.1311278,3.191128,3.691128,4.321128,3.941128,4.181128,4.871128,6.641128,7.2711277,7.071128,6.041128,6.2111278,6.241128,6.951128,6.761128,6.041128,5.421128,6.111128,5.701128,5.801128,5.9811277,6.041128,6.5211277,7.281128,7.851128,8.181128,8.581128,7.801128,7.2311277,2.011128,1.7711279,1.261128,0.84112793,1.3211279
0.05112793,0.46112794,0.6211279,-0.18887207,0.64112794,-0.26887208,0.14112793,-0.55887204,-0.45887208,-0.06887207,-0.11887207,-0.5088721,-0.9688721,-1.2288721,-1.648872,-2.1088722,-2.458872,-2.748872,-2.058872,-1.868872,-0.91887206,-0.5288721,1.4611279,2.741128,3.571128,4.361128,4.611128,5.7311277,6.281128,6.221128,6.441128,7.111128,7.321128,9.281128,7.701128,7.591128,6.551128,6.901128,7.361128,6.2511277,5.551128,5.301128,5.121128,4.9611278,6.191128,6.181128,7.0211277,8.081128,7.921128,7.811128,7.761128,7.641128,7.891128,7.0011277,6.261128,3.441128,1.8011279,0.8111279,0.9911279
-0.28887206,0.21112794,-0.05887207,-0.35887206,-0.54887205,-0.84887207,-0.5188721,-0.8888721,-0.54887205,-0.15887207,-0.6888721,0.01112793,-0.018872071,-1.4288721,-0.98887205,-0.92887205,-1.528872,-1.628872,-0.42887208,0.7811279,1.4111279,2.321128,3.281128,3.6511278,3.741128,4.791128,5.471128,5.511128,6.281128,7.241128,7.921128,7.221128,6.811128,6.131128,7.111128,7.511128,7.141128,6.7111278,6.071128,5.011128,4.941128,4.651128,5.091128,5.951128,5.651128,6.431128,7.391128,7.401128,7.681128,7.7711277,8.211128,7.671128,7.351128,6.611128,6.131128,5.2311277,4.9811277,2.001128,2.211128
-0.24887207,0.01112793,-0.11887207,-0.46887207,-0.09887207,-0.6488721,-0.99887204,-1.488872,-0.44887206,-0.23887207,-0.018872071,-0.10887207,0.22112793,0.13112792,-0.97887206,-0.9588721,-0.49887207,0.35112792,0.8511279,0.88112795,1.8411279,1.721128,2.931128,3.701128,6.4611278,7.951128,8.021128,5.781128,4.301128,6.781128,5.941128,7.031128,7.241128,7.661128,7.161128,7.011128,6.171128,5.741128,5.241128,5.101128,4.471128,4.621128,4.631128,4.901128,5.671128,5.7311277,6.2711277,6.201128,6.321128,6.471128,6.201128,6.191128,6.371128,6.911128,6.671128,6.081128,4.761128,4.511128,4.391128
0.18112794,0.11112793,-0.30887207,-0.27887207,-0.42887208,0.8011279,-0.5088721,-0.8388721,-0.47887206,-0.37887207,0.11112793,-0.53887206,-0.47887206,-0.32887208,-0.99887204,-1.368872,-0.8188721,-0.38887206,0.35112792,0.8711279,0.94112796,2.261128,1.881128,3.431128,3.011128,5.831128,4.0011277,5.451128,7.0011277,7.291128,6.571128,6.511128,7.051128,6.671128,6.341128,6.381128,5.891128,5.131128,5.161128,4.991128,4.091128,3.911128,4.011128,4.341128,4.841128,5.2511277,5.821128,5.781128,5.601128,5.321128,5.421128,5.331128,5.531128,6.031128,6.4811277,6.281128,5.611128,5.641128,4.7711277
0.02112793,-0.5188721,-0.45887208,-0.00887207,-0.25887206,-0.07887207,0.15112793,-0.03887207,-0.14887208,-0.8888721,-0.41887206,-0.08887207,-0.13887207,-0.24887207,-0.36887208,-1.6588721,-0.92887205,-0.38887206,-0.10887207,0.05112793,0.03112793,0.57112795,3.3511279,4.321128,4.2311277,5.081128,6.091128,6.051128,6.541128,6.421128,5.9611278,5.861128,6.801128,5.621128,4.2511277,4.361128,5.291128,5.081128,4.531128,4.701128,4.381128,4.191128,3.691128,3.951128,4.551128,4.371128,5.011128,4.951128,5.0211277,5.061128,4.831128,4.911128,5.671128,5.4611278,5.801128,6.161128,5.851128,5.2711277,5.761128
-0.39887208,-0.28887206,-0.6388721,-0.5288721,-0.38887206,-0.02887207,-0.44887206,-0.12887207,-0.7788721,-0.55887204,-0.36887208,-0.08887207,-0.04887207,-0.39887208,-1.258872,-1.1588721,-1.498872,-0.7088721,-0.13887207,-0.07887207,-0.31887206,1.4511279,2.501128,3.511128,4.301128,4.641128,5.471128,5.541128,5.7711277,4.841128,5.441128,4.451128,5.061128,4.311128,3.071128,2.781128,3.721128,4.161128,3.8711278,3.411128,2.801128,3.181128,3.0911279,3.291128,3.051128,3.661128,3.501128,3.951128,4.0211277,4.421128,2.931128,3.251128,3.8811278,4.081128,4.031128,4.891128,5.0211277,5.221128,5.201128
-0.72887206,-0.44887206,-0.27887207,-0.25887206,-0.33887208,-0.26887208,0.10112793,-0.19887207,-1.148872,-0.8788721,-0.49887207,-0.25887206,-0.30887207,-1.028872,-2.078872,-1.8488721,-1.7188721,-1.5888721,-1.638872,-1.778872,0.30112794,1.121128,1.511128,2.6211278,3.3411279,4.701128,5.311128,5.081128,4.551128,3.6411278,3.8911278,3.9011278,3.731128,3.731128,4.141128,3.3511279,2.3711278,2.8411279,3.211128,2.6011279,2.061128,1.5211279,1.601128,1.371128,2.0911279,2.6011279,2.671128,2.471128,1.9611279,2.781128,2.531128,0.9911279,2.321128,3.301128,3.081128,3.8511279,2.981128,2.781128,3.031128
-0.59887207,-0.99887204,-0.90887207,-1.008872,-0.8188721,-0.6388721,-1.0488721,-0.46887207,-0.6288721,-0.41887206,-0.07887207,-0.85887206,-0.73887205,-1.398872,-1.0888721,-0.72887206,-1.5888721,-0.07887207,0.94112796,0.76112795,-0.5288721,-0.44887206,1.9511279,1.7111279,4.261128,5.131128,6.131128,5.4811277,3.8611279,3.6411278,3.171128,2.771128,2.8511279,3.0911279,3.781128,4.341128,2.501128,1.6711279,2.241128,3.1311278,2.721128,0.95112795,0.69112796,0.43112794,1.121128,1.991128,1.8111279,2.321128,2.831128,2.501128,1.5911279,2.1411278,1.9011279,2.711128,3.271128,2.531128,3.501128,3.261128,2.261128
-0.7788721,-0.55887204,-0.8988721,-1.118872,-0.6888721,-1.028872,-0.60887206,-0.8988721,-0.38887206,-1.108872,-1.2088721,-1.238872,-1.148872,-0.84887207,-0.7688721,-0.5188721,-0.08887207,-0.29887208,0.6711279,1.511128,1.3211279,1.8111279,-0.11887207,3.301128,5.0211277,6.431128,5.971128,5.551128,4.801128,3.711128,3.181128,3.161128,2.6411278,2.3711278,2.261128,2.571128,3.261128,2.311128,2.261128,1.511128,1.0211279,2.3711278,-0.53887206,-0.61887205,-0.25887206,1.141128,1.3411279,1.0311279,1.881128,2.241128,2.3911278,1.0711279,1.871128,2.171128,3.3911278,2.431128,3.1411278,3.711128,4.101128
-0.5288721,-0.6488721,-0.8288721,-1.2088721,-1.4288721,-1.368872,-0.37887207,-0.97887206,-0.98887205,-0.33887208,-0.49887207,-0.41887206,-1.018872,-0.80887204,-0.9388721,-0.8388721,-0.6288721,1.111128,1.3011279,1.491128,1.971128,1.881128,0.36112794,0.9311279,1.741128,2.3811278,7.361128,6.5211277,4.171128,3.771128,3.741128,3.3611279,3.511128,3.161128,2.471128,2.6111279,2.731128,1.631128,1.9611279,2.3411279,0.88112795,0.64112794,1.011128,-1.5488721,-1.018872,-0.97887206,0.05112793,0.30112794,0.18112794,1.731128,3.201128,3.481128,1.8011279,1.9411279,2.281128,2.8911278,3.581128,2.431128,3.041128
-0.44887206,-0.44887206,-0.6888721,-0.79887205,-0.9488721,-0.54887205,-0.36887208,-1.108872,-0.67887205,0.30112794,0.5311279,-0.00887207,0.26112792,-0.39887208,0.25112793,-0.14887208,0.46112794,0.36112794,1.131128,1.1511279,1.861128,1.8211279,0.7411279,2.001128,0.5411279,1.991128,2.731128,6.341128,5.191128,3.171128,3.461128,2.661128,2.501128,2.981128,2.3711278,2.041128,1.261128,0.22112793,0.10112793,1.381128,0.05112793,0.13112792,1.1811279,0.50112796,-0.67887205,-1.6888721,-1.4188721,-1.528872,-0.74887204,0.65112793,1.6611279,2.771128,2.281128,1.5711279,2.811128,3.201128,2.1211278,2.301128,3.051128
0.03112793,-0.7088721,-0.33887208,0.0011279297,-0.65887207,-0.03887207,-0.02887207,-0.07887207,-0.11887207,0.13112792,0.01112793,0.7211279,0.44112793,0.34112793,0.40112793,0.8511279,0.9311279,1.2911279,1.1511279,0.82112795,1.9511279,1.9211279,2.201128,2.0911279,1.8111279,2.081128,2.6211278,4.371128,5.041128,3.571128,3.081128,2.761128,2.3411279,2.291128,2.541128,2.1511278,1.751128,1.351128,-0.07887207,0.8511279,-0.34887207,0.14112793,0.8011279,1.231128,-1.138872,-0.45887208,-0.8788721,0.32112792,0.6611279,1.101128,0.84112793,2.001128,3.201128,3.451128,2.551128,1.9311279,4.031128,3.571128,3.761128
-0.13887207,-0.41887206,-0.67887205,-0.31887206,-0.08887207,0.49112794,-0.11887207,-0.09887207,0.51112795,0.9811279,0.9111279,0.25112793,0.6611279,0.63112795,1.0511279,0.9811279,0.8711279,0.28112793,1.3111279,1.981128,2.931128,1.9511279,2.3411279,1.7111279,2.1411278,3.3811278,2.8911278,1.871128,5.591128,3.1311278,2.6511278,2.911128,2.511128,1.9411279,1.741128,2.1511278,1.991128,1.3211279,1.221128,0.25112793,0.8111279,0.02112793,-0.06887207,0.18112794,0.58112794,-0.6288721,0.27112794,-0.04887207,0.27112794,-0.16887207,0.32112792,0.39112794,0.88112795,1.991128,3.3611279,3.8611279,2.911128,3.471128,3.171128
-0.37887207,0.26112792,-0.30887207,-0.7188721,0.23112793,-0.31887206,0.51112795,1.1711279,0.82112795,0.84112793,0.63112795,0.9211279,0.90112793,0.59112793,1.251128,0.95112795,0.76112795,1.6911279,1.5811279,2.061128,1.8011279,2.521128,3.031128,3.441128,2.081128,3.701128,4.2511277,4.401128,8.111128,5.421128,3.221128,2.471128,2.281128,2.081128,1.4011279,0.9711279,2.471128,2.471128,1.371128,1.471128,1.731128,1.101128,0.49112794,0.10112793,-0.45887208,-0.30887207,-0.10887207,0.23112793,-0.8188721,-0.08887207,0.52112794,0.9111279,0.64112794,1.0311279,3.1411278,3.3511279,3.241128,3.061128,2.251128
0.8611279,-0.24887207,0.21112794,-0.5188721,-0.06887207,0.13112792,0.52112794,1.221128,0.31112793,0.8011279,0.8511279,1.121128,0.7911279,0.84112793,0.18112794,1.991128,0.47112793,0.51112795,1.0611279,2.081128,2.291128,1.9111279,2.691128,2.501128,4.291128,2.951128,5.261128,6.121128,5.011128,3.431128,3.8511279,3.661128,1.5311279,1.231128,1.8311279,1.981128,2.5911279,3.3611279,3.551128,3.421128,3.321128,2.951128,1.891128,1.2111279,0.27112794,0.08112793,0.6611279,1.6911279,0.89112794,-0.10887207,0.36112794,1.5211279,1.511128,1.2011279,0.8711279,2.1311278,3.061128,2.801128,2.931128
0.48112792,0.7311279,0.05112793,0.15112793,0.23112793,0.13112792,0.30112794,0.65112793,0.6111279,-0.00887207,0.64112794,0.9211279,0.45112792,0.43112794,0.40112793,1.0611279,-0.38887206,0.77112794,0.83112794,1.5611279,1.981128,3.081128,3.3411279,3.461128,4.631128,5.5011277,5.031128,5.081128,3.6511278,3.041128,5.691128,5.9811277,4.051128,1.481128,1.6611279,2.511128,2.761128,3.001128,3.491128,4.181128,3.6011279,3.251128,3.791128,4.101128,1.4311279,1.4611279,1.101128,1.5311279,1.3111279,1.9611279,2.311128,1.3111279,1.4511279,1.3411279,0.83112794,1.1611279,0.9911279,2.4011278,3.071128
0.34112793,0.27112794,0.7211279,0.03112793,-0.03887207,0.07112793,0.43112794,0.02112793,0.10112793,0.39112794,-0.13887207,-0.18887207,0.19112793,0.6711279,0.6811279,0.43112794,-0.29887208,0.45112792,0.18112794,0.33112794,2.201128,0.9711279,3.211128,2.231128,7.2311277,7.791128,6.241128,4.321128,2.571128,4.9611278,5.0011277,5.601128,4.971128,2.681128,1.741128,1.9011279,3.0911279,3.051128,2.161128,2.071128,3.241128,4.391128,4.101128,4.141128,4.071128,1.5611279,3.4011278,4.181128,5.011128,2.081128,3.461128,4.191128,2.481128,1.5411279,1.4111279,1.011128,2.1311278,3.031128,2.1511278
-0.12887207,-0.018872071,0.03112793,0.70112795,-0.02887207,0.36112794,0.21112794,0.25112793,-0.8888721,0.0011279297,-0.37887207,-0.27887207,0.04112793,1.0311279,0.9111279,0.39112794,0.10112793,-1.3488721,-0.14887208,1.231128,1.5511279,1.101128,2.171128,6.2111278,4.111128,4.421128,2.1411278,3.8711278,3.3711278,4.091128,3.691128,5.151128,5.0011277,2.691128,2.1211278,1.601128,1.991128,2.301128,2.571128,1.2811279,2.3811278,2.961128,3.191128,4.2511277,4.5211277,4.281128,1.2711279,1.1611279,0.52112794,3.291128,3.251128,3.321128,3.6411278,3.231128,0.7911279,2.3911278,1.9511279,1.3011279,3.181128
-0.38887206,-0.21887207,-0.37887207,-0.41887206,-0.04887207,0.22112793,0.08112793,-0.24887207,-0.08887207,-0.6888721,-0.38887206,-0.46887207,0.02112793,0.28112793,-0.21887207,-0.5288721,-0.28887206,0.47112793,0.42112792,0.59112793,0.47112793,1.9611279,1.621128,1.991128,2.031128,3.281128,3.531128,2.731128,4.451128,1.501128,1.7011279,3.1411278,4.901128,4.641128,3.031128,1.851128,1.5611279,1.9511279,1.111128,1.5711279,0.84112793,-0.26887208,1.101128,1.6711279,3.421128,3.8911278,2.671128,2.921128,1.361128,1.3411279,2.6411278,2.711128,1.981128,1.7911279,1.8011279,0.22112793,0.7911279,1.471128,1.501128
-1.0888721,-1.768872,-0.48887208,-0.5888721,-1.2288721,-1.0488721,-0.41887206,-1.0788721,-0.7588721,-1.9788721,-0.6488721,-0.02887207,0.5611279,-0.29887208,-0.8788721,-0.92887205,-0.37887207,-0.32887208,1.2111279,1.231128,1.8111279,1.9211279,0.6711279,1.4011279,1.3011279,3.931128,2.531128,2.9011278,6.0011277,1.1911279,1.6811279,3.3811278,3.301128,4.471128,4.031128,2.791128,1.371128,0.15112793,-0.018872071,-0.02887207,-0.06887207,-0.34887207,-0.05887207,0.30112794,1.511128,2.291128,2.031128,1.7811279,2.301128,1.8311279,1.7011279,2.521128,2.411128,2.051128,2.281128,2.201128,3.061128,2.931128,3.521128
