json-data/2022072212.json
{"header": {"discipline":0,"disciplineName":"Meteorological products","gribEdition":2,"gribLength":79397,"center":7,"centerName":"US National Weather Service - NCEP(WMC)","subcenter":0,"refTime":"2022-07-22T12:00:00.000Z","significanceOfRT":1,"significanceOfRTName":"Start of forecast","productStatus":0,"productStatusName":"Operational products","productType":1,"productTypeName":"Forecast products","productDefinitionTemplate":0,"productDefinitionTemplateName":"Analysis/forecast at horizontal level/layer at a point in time","parameterCategory":2,"parameterCategoryName":"Momentum","parameterNumber":3,"parameterNumberName":"V-component_of_wind","parameterUnit":"m.s-1","genProcessType":2,"genProcessTypeName":"Forecast","forecastTime":0,"surface1Type":103,"surface1TypeName":"Specified height level above ground","surface1Value":10.0,"surface2Type":255,"surface2TypeName":"Missing","surface2Value":0.0,"gridDefinitionTemplate":0,"gridDefinitionTemplateName":"Latitude_Longitude","numberPoints":65160,"shape":6,"shapeName":"Earth spherical with radius of 6,371,229.0 m","gridUnits":"degrees","resolution":48,"winds":"true","scanMode":0,"nx":360,"ny":181,"basicAngle":0,"lo1":0.0,"la1":90.0,"lo2":359.0,"la2":-90.0,"dx":1.0,"dy":1.0}, "data":
[rows 104 to 129 of 181, columns 295 to 353 of 360]
-1.6835376,-1.3635375,-0.6735376,-0.6735376,-0.16353759,0.6464624,-1.3635375,-1.5535376,-1.6235375,-1.7635376,-1.1835376,-1.1535376,-0.3535376,0.8364624,0.19646241,0.26646242,0.6064624,-0.5735376,1.3864625,-0.13353759,1.5964624,0.8564624,2.1964624,1.1464624,1.9064624,1.6364625,3.6864624,2.6764624,2.2964623,2.4964623,3.1464624,3.4264624,2.1764624,1.0764624,1.9864624,2.6364625,2.4864624,2.8064623,2.8864625,2.8264625,2.7564623,2.4164624,2.0864625,1.3564624,1.9864624,2.3764625,2.7764623,2.8064623,3.2864623,5.7664623,6.386462,5.7564626,3.8264625,3.5764625,4.386462,5.8564625,1.2164624,3.6264625,4.616462
-1.0835376,-1.4535376,-1.4035376,-0.9035376,-0.4635376,-1.6235375,-1.5135376,-1.0835376,-1.1935376,-0.8735376,-1.3535376,-2.0235376,-0.6835376,0.5564624,-0.4035376,0.2464624,0.90646243,-0.45353758,-1.8035376,-0.9735376,-0.4635376,1.0164624,0.19646241,0.9264624,1.6064624,0.90646243,3.7464623,5.1064625,2.5764625,2.1864624,3.6164625,3.2564623,2.5164623,1.3764625,1.8564624,2.9164624,3.3664625,3.6164625,2.4464624,2.2764623,2.2064624,3.2164624,3.1464624,3.4264624,2.8864625,3.8064623,4.0464625,4.4164624,3.4964623,3.7464623,2.8264625,2.6964624,3.2764623,3.2364624,2.7764623,4.426462,4.616462,2.4764624,3.1564624
-0.4735376,-0.9235376,-1.4235376,-1.9735376,-1.4335376,-1.7235376,-1.9235376,-2.1135375,-1.4435376,-1.4235376,-1.4235376,-1.1335377,0.3164624,0.1664624,0.4364624,-1.7535377,-0.4735376,-1.8135376,-1.9235376,-0.5435376,-1.1935376,0.3764624,1.3364624,1.2864624,0.9564624,0.65646243,1.6464624,4.5564623,3.6064625,3.2364624,3.3664625,3.1664624,2.5464623,2.2164624,1.2664624,1.9064624,2.0364623,2.7764623,2.7564623,2.2464623,1.8764625,1.7764624,2.3564625,3.1664624,2.8664625,3.1664624,3.4564624,2.4764624,1.4664624,1.2264624,1.0164624,2.3864625,1.7664624,0.7264624,3.0264623,1.2864624,1.8264624,3.7264624,1.0664624
-0.1835376,-0.9235376,-1.3435376,-2.1235375,-3.2235377,-1.6935376,-0.3935376,-1.3635375,-1.1535376,-1.1635376,-2.2235377,-1.7835376,0.3664624,-1.0635376,-1.6035376,-1.6035376,-2.6535375,-2.6435375,-1.8635375,-1.3435376,0.0964624,0.9364624,0.22646241,-0.0935376,0.5564624,0.9264624,1.5864624,3.1664624,3.8464625,3.7064624,2.1364625,2.3264625,2.5064623,2.5064623,2.0064623,1.4164624,1.4764624,1.5664624,1.4764624,0.9964624,1.4964623,0.9864624,1.2164624,1.8364624,1.9264624,1.7464623,-0.0635376,0.7364624,1.0364624,1.9864624,2.4064624,2.6564624,2.3664625,2.0364623,2.1964624,1.7864624,2.2664623,2.8064623,3.0264623
-0.4735376,-0.1035376,-4.0635376,-3.3135376,-2.8035376,-1.3435376,-1.0735376,-0.8635376,-1.4035376,-1.9135376,0.0464624,-0.84353757,-1.2435375,-2.8035376,-2.5535376,-2.5635376,-1.4035376,-2.7535377,-2.2235377,-1.1435376,-1.2635376,-1.7335376,0.4364624,-0.5235376,-0.2335376,1.6464624,1.1164623,1.9764624,2.3664625,1.9364624,2.3664625,1.9464624,1.4464624,2.1064625,1.9664624,1.4964623,1.1464624,0.9264624,0.4164624,-0.2535376,0.8364624,0.2864624,0.5164624,0.8664624,-0.1035376,2.3664625,2.9764624,1.8164624,3.1664624,2.3764625,1.9364624,0.3764624,2.7964623,2.1464624,1.7264624,1.7764624,1.6664624,1.9064624,2.0964625
-0.043537598,-0.6335376,0.5664624,-4.1735377,-3.7835376,-3.0535376,-1.8635375,-1.8535376,-2.0235376,-1.8635375,-0.9135376,-1.4035376,-3.2635376,-2.8035376,-2.3135376,-2.6235375,-3.1735375,-2.3035376,-1.7835376,-1.3135376,-1.5735376,-0.5135376,0.0464624,-1.5735376,-0.3935376,0.9764624,-0.1735376,0.006462402,0.6864624,0.6464624,1.6264625,1.7464623,0.9464624,1.3164624,0.2064624,-0.043537598,0.0464624,-0.073537596,0.8264624,0.3864624,0.7164624,0.8764624,1.9564624,1.1964624,0.8364624,2.7864623,2.7364624,3.0364623,2.5364623,1.7264624,1.8864625,1.6064624,3.8364625,3.2664623,3.6864624,3.4864624,3.9464624,4.156462,3.4864624
1.0964624,-0.2535376,1.0664624,-3.6635375,-4.3735375,-3.6235375,-1.5035377,-2.4335375,-0.7635376,-0.5135376,-1.0235376,-1.6335377,-3.0035377,-3.2135377,-2.6635375,-1.9835376,-2.3735375,-1.7035376,-1.8135376,-0.6435376,-1.7235376,-1.0635376,-1.2535377,-0.5235376,-1.2135376,-0.6835376,-1.3635375,-0.3935376,-0.4335376,-0.4435376,0.8464624,0.5464624,0.5764624,0.7064624,0.7164624,-0.2935376,0.2864624,0.2164624,-0.16353759,0.8664624,-0.9635376,0.2464624,0.8864624,0.3964624,2.0164623,2.1864624,1.6864624,1.0664624,0.7964624,1.5564624,2.4664624,2.3964624,4.2664623,4.0164623,3.7964623,4.616462,4.2264624,3.5264623,2.8964624
-0.2335376,-0.6435376,0.6864624,-2.3835375,-6.1035376,-4.7135377,-3.0835376,-3.4835377,-1.0235376,-0.2435376,-1.4035376,-3.3435376,-2.5035377,-1.8435376,-2.2035377,-2.0335376,-2.4435377,-0.3235376,-1.5735376,-0.5435376,-0.4235376,-1.4735376,-0.5535376,0.7664624,-0.6535376,-3.5035377,-1.8835377,-1.4035376,-0.4735376,-1.4735376,-0.4035376,-0.5735376,-0.7835376,0.4064624,-0.6735376,-0.13353759,-0.7235376,0.4164624,0.056462403,-1.3935376,-0.1835376,0.3264624,-0.1935376,0.22646241,1.0264624,1.0864624,0.5764624,0.8164624,0.8864624,1.2364624,2.3164625,2.0964625,3.0864625,4.1064625,2.9964623,3.2464623,3.0864625,2.8464625,3.9864624
-0.0935376,-0.0935376,2.8764625,-0.1435376,-3.8735375,-3.9935377,-3.6935377,-3.4235375,-2.8535376,-1.8035376,-0.4035376,-2.2635376,-2.5135376,-2.7335377,-1.4535376,-1.4435376,-0.7135376,-1.4335376,-1.0835376,-1.2935376,-0.48353758,-0.7635376,-0.8535376,-1.1535376,-3.4635377,-3.8435376,-2.4835377,-2.1735375,-2.1435375,-1.6735376,-2.1235375,-1.7835376,-1.0335376,-1.8035376,-1.8435376,-1.1735376,-0.5035376,0.6964624,0.5364624,-2.2735376,0.6364624,1.6064624,-0.3635376,-0.2935376,-0.013537598,0.2864624,1.2164624,0.90646243,0.4964624,1.0464624,1.4264624,1.3064624,1.3764625,3.1164625,1.3864625,2.4364624,2.7364624,3.3964624,3.5364623
0.6064624,-0.2735376,2.1764624,1.2964624,-3.4835377,-4.2735376,-4.113538,-2.7035377,-2.6835375,-1.3535376,-2.1735375,-2.1335375,-3.0235376,-2.2335377,-0.073537596,-0.6435376,-1.0835376,0.0864624,-0.5035376,0.3864624,-1.2735376,-1.0735376,-2.1335375,-6.1935377,-4.8135376,-4.1535378,-2.9035375,-2.6435375,-2.8135376,-2.2235377,-1.8935376,-2.3435376,-2.6735375,-0.8635376,-1.8435376,-2.0035377,-1.1735376,-0.073537596,0.7064624,-1.1935376,0.0864624,0.8764624,-0.5135376,-0.3935376,0.5064624,-0.113537595,0.6764624,0.7564624,0.026462402,-0.8535376,-0.3835376,1.7464623,2.3364625,3.0764625,2.3964624,2.5564623,3.5064623,2.4564624,3.1364625
-0.0935376,-0.3735376,2.4264624,1.5164624,-1.6935376,-5.6935377,-3.9335375,-3.1735375,-2.5135376,-0.9735376,-1.9235376,-1.6435376,-2.1035376,0.6464624,-0.5835376,0.0464624,-0.1835376,-1.1535376,-0.7535376,-1.3335376,-3.1735375,-3.7735376,-5.6535378,-4.9035378,-3.6135375,-2.7435377,-2.2535377,-1.3535376,-1.5035377,-3.3335376,-2.0835376,-2.3035376,-2.3435376,-1.4135376,-2.2835376,-2.5435376,-1.5335376,0.0464624,-0.6435376,-2.6835375,-1.4935375,-0.5535376,-1.1135375,-0.023537599,-1.4735376,0.1464624,1.0064625,1.6664624,1.9164624,1.6664624,0.1364624,0.6664624,1.8964624,1.2564625,1.7064624,2.2464623,1.6264625,2.2364624,3.6564624
0.066462405,1.3364624,2.9264624,0.6064624,-2.3135376,-1.8235376,-3.9835377,-2.4635377,-1.0235376,-2.4735377,-3.8435376,-3.2835376,-1.1835376,-1.5535376,0.2064624,-0.8135376,-0.1935376,-1.0635376,-2.0235376,-4.2735376,-4.1035376,-4.613538,-4.7535377,-4.383538,-2.9135375,-2.0335376,-0.8735376,0.1564624,0.3364624,-2.5835376,-3.9235375,-3.6335375,-3.6835375,-2.1935377,-3.3535376,-2.9935377,-1.1835376,-0.9635376,-1.1435376,-2.9335375,-1.9135376,-1.2835376,-2.1835375,-1.2235376,-0.7435376,-0.2135376,0.4664624,1.0764624,1.2964624,1.7764624,1.8664623,2.2364624,1.6764624,1.9364624,1.7464623,1.3864625,2.6664624,3.8564625,3.1364625
2.0864625,3.9564624,2.4064624,0.3964624,-2.8135376,-2.6135375,-2.8635375,-3.0135376,-2.9535377,-2.6935377,-1.8735375,-1.0735376,-0.13353759,-0.1235376,-0.8035376,-0.8535376,-0.5335376,-2.3735375,-4.8035374,-5.2135377,-5.6835375,-5.3735375,-4.7035375,-3.4835377,-3.2435377,-2.3335376,-1.0335376,0.7364624,0.1664624,1.2464623,-4.4435377,-3.0235376,-3.2335377,-3.4235375,-2.8235376,-2.8235376,-3.0935376,-2.7035377,-0.2235376,-1.1435376,-2.2635376,-1.3135376,-0.8335376,-1.4735376,-1.4935375,-0.9335376,-0.7835376,-0.7035376,-0.3735376,-0.2735376,-0.113537595,0.7664624,0.5564624,2.3664625,0.9164624,2.2664623,2.3764625,3.9064624,4.136462
1.2764624,3.4664624,2.8564625,-0.0935376,-2.0135376,-2.9135375,-2.9335375,-3.6735375,-3.4035375,-3.0735376,-2.5035377,-0.9235376,-0.9135376,-2.5935376,-1.3035376,-0.4335376,-0.3235376,-5.593538,-5.6635375,-6.4335375,-5.8735375,-5.6935377,-5.1835375,-5.1435375,-4.4335375,-2.9835377,-2.1535375,-0.4735376,0.006462402,-1.0035377,-4.0635376,-4.2235374,-3.9135375,-3.8135376,-4.0035377,-4.1735377,-4.1435375,-3.8535376,-1.9235376,-1.5235376,-1.7635376,-1.0035377,-0.3135376,-2.7935376,-1.6635376,-2.4435377,-1.8035376,-1.5435376,-0.9735376,-1.3235376,-0.59353757,-1.9235376,-0.013537598,-0.2435376,1.0764624,1.6264625,1.5064625,2.0464623,2.9564624
1.5764624,3.2464623,3.7964623,3.4164624,1.0764624,-0.053537596,-1.2035376,-3.4035375,-3.0735376,-4.1235375,-2.6535375,-4.383538,-1.9535376,-0.9735376,-1.2235376,-0.8035376,-1.4535376,-8.823538,-8.603538,-8.153538,-7.9835377,-7.1535378,-6.9535375,-5.1935377,-5.0535374,-3.6335375,-2.8235376,-0.9335376,-0.4235376,-0.9035376,-2.6035376,-4.2835374,-5.4835377,-4.9935374,-4.9435377,-5.2935376,-5.0635376,-5.0135374,-4.1435375,-2.7435377,-2.4035375,-2.0735376,-1.6735376,-1.5235376,-0.84353757,-2.0535376,-2.0135376,-2.9335375,-1.0935376,-2.0235376,-1.9935375,-1.4435376,-0.5035376,0.8564624,1.2164624,0.3764624,1.3064624,0.4364624,1.4264624
-2.3035376,0.036462404,4.406462,3.8264625,3.3564625,1.9364624,1.8764625,1.7564625,-0.2235376,-1.0235376,-0.9135376,-2.4835377,-2.0635376,-1.1235375,-1.2835376,-1.5035377,-1.9135376,-8.823538,-9.353538,-7.6035376,-7.4535375,-7.0435376,-6.7635374,-6.593538,-5.7535377,-5.0835376,-3.3935375,-0.6535376,-0.113537595,-0.2735376,-2.8435376,-4.883538,-6.113538,-5.4435377,-4.9235377,-5.6535378,-6.9035378,-5.5235376,-5.4835377,-4.3935375,-3.0035377,-3.0435376,-3.3135376,-3.6635375,-2.2635376,-0.59353757,0.7164624,1.6664624,3.6564624,2.8964624,1.6864624,2.5564623,2.6764624,2.4864624,3.4464624,2.9964623,4.6964626,4.5664625,5.116462
-0.2935376,0.9764624,2.3164625,2.2964623,2.7364624,1.8864625,1.4464624,-0.023537599,0.016462402,-1.9535376,-0.4035376,-0.0935376,-1.7035376,-1.0335376,-1.0835376,-1.1035376,-2.4135375,-5.6635375,-6.613538,-7.4635377,-6.4135375,-6.4935374,-6.5135374,-5.2735376,-5.823538,-5.133538,-4.613538,-2.5835376,-0.4135376,0.4664624,-2.1535375,-5.383538,-5.2235374,-5.9735374,-4.9035378,-5.8735375,-7.2735376,-8.4335375,-5.6935377,-4.4535375,-1.7035376,-0.9835376,-4.363538,-2.3435376,-1.4535376,-1.1935376,-0.9535376,-0.6135376,0.6164624,0.9664624,1.8964624,1.3664623,1.8764625,2.7564623,3.1464624,2.7564623,3.7464623,5.0164623,6.0664625
0.7964624,-0.59353757,2.6264625,2.1064625,1.5364624,0.9664624,0.1864624,0.1164624,-0.9735376,-1.6935376,-1.4335376,-0.9235376,-0.8335376,-0.073537596,-1.8835377,0.016462402,-0.9235376,-2.4635377,-3.2135377,-2.8535376,-5.3135376,-6.2535377,-7.2335377,-5.8735375,-5.5135374,-4.6535378,-3.9035375,-2.9535377,-1.9635376,-0.1035376,0.7164624,-4.4235377,-5.4835377,-6.0435376,-6.1035376,-5.9135375,-6.1735377,-4.1735377,-3.0835376,-3.4535377,-2.3735375,-1.7535377,-3.8535376,-3.7935376,-2.4035375,-2.4335375,-2.2235377,-1.8435376,-1.4835376,-0.9835376,0.0864624,1.0464624,1.8864625,2.4464624,2.5964625,4.0464625,4.4564624,4.6964626,4.886462
-1.6735376,0.3964624,0.8764624,1.1464624,1.3964624,0.4864624,1.3464624,-0.3535376,-1.0435376,-0.8535376,0.6064624,1.0564624,0.6164624,-0.9335376,0.1364624,-1.2835376,-0.2335376,-0.9835376,-2.6035376,-3.0935376,-4.0135374,-5.3935375,-6.7435374,-7.0535374,-7.4235377,-6.0235376,-5.323538,-4.133538,-2.7935376,-1.4835376,-0.3335376,0.4564624,-4.9835377,-5.823538,-7.9235377,-9.453538,-9.193538,-8.123538,-7.1035376,-5.2035375,-4.093538,-3.7835376,-3.7735376,-3.4235375,-4.6635375,-4.5035377,-4.2635374,-3.4035375,-2.0635376,-1.3635375,-0.8735376,-0.1435376,0.9264624,1.8664623,2.3464625,2.5564623,2.9964623,3.5164623,3.7764623
-1.9635376,-1.0035377,-0.5435376,1.0564624,1.5764624,0.8864624,2.2864623,1.2164624,-0.073537596,-0.6035376,0.8664624,1.4764624,0.5364624,0.8164624,0.26646242,0.3964624,0.8964624,0.6964624,1.2264624,0.8964624,-0.7635376,-4.5635376,-6.7235374,-7.5435376,-7.4535375,-7.9835377,-7.113538,-6.1635375,-4.7835374,-3.5435376,-2.6035376,-1.2535377,-2.0735376,-5.6435375,-9.463537,-9.863538,-9.203538,-9.353538,-9.033538,-6.5135374,-4.613538,-4.4935374,-4.5235376,-5.2935376,-5.0035377,-4.9035378,-5.113538,-3.8635375,-2.6835375,-2.1535375,-1.8235376,-1.3335376,-0.073537596,1.8864625,1.2864624,1.2464623,1.9764624,3.1064625,3.4564624
-0.4235376,-1.3535376,0.1464624,0.6164624,1.1464624,2.0364623,1.6164623,2.0964625,1.0764624,0.7964624,0.3164624,0.7864624,0.7564624,0.8964624,1.7964624,1.6764624,2.4464624,2.2664623,2.6864624,2.6164625,2.8164625,2.4064624,-1.6035376,-6.2435374,-7.2935376,-6.9735374,-7.7335377,-8.113538,-7.323538,-6.0235376,-4.883538,-4.4935374,-2.6935377,-4.363538,-8.333538,-10.763537,-10.583538,-9.793537,-9.293537,-9.673537,-7.4535375,-6.113538,-5.1735377,-5.7035375,-5.4735374,-5.2735376,-5.1035376,-3.9135375,-3.2135377,-2.8735375,-2.6435375,-1.3135376,-0.6535376,-0.2635376,0.0864624,1.2764624,1.2264624,2.1864624,3.3864625
0.2064624,-0.4635376,-0.4935376,-0.6735376,0.0464624,0.4264624,0.2364624,0.65646243,0.1564624,-0.16353759,-0.4935376,1.0064625,1.0264624,0.4164624,0.3364624,0.6964624,1.9164624,2.3864625,2.4464624,3.3564625,3.5664625,2.2364624,2.2564623,4.4764624,0.6864624,-5.1835375,-6.8935375,-7.9535375,-8.333538,-7.883538,-7.2235374,-5.3335376,-5.4935374,-3.6935377,-5.7135377,-10.9335375,-11.483538,-10.953538,-10.233538,-10.763537,-9.263537,-8.273538,-8.173537,-7.4835377,-5.9435377,-6.2135377,-5.0035377,-4.6835375,-3.9935377,-3.5035377,-2.4035375,-1.8035376,-1.7635376,-1.3435376,0.2764624,0.036462404,1.5564624,1.8764625,2.6664624
-1.8135376,-0.033537596,-0.3135376,-0.2635376,-0.4035376,-0.0835376,0.5564624,0.8064624,-0.1735376,-0.5435376,-0.6635376,0.9164624,1.9564624,1.1364625,1.3764625,1.9564624,2.0464623,1.3564624,1.4364624,1.8164624,2.0764625,2.2564623,2.7564623,2.4464624,2.1664624,1.9864624,4.0964622,-7.2735376,-8.6435375,-9.693538,-8.953538,-8.853538,-4.9035378,-8.353538,-5.4535375,-6.9035378,-12.303537,-12.223537,-11.723537,-11.963537,-9.773538,-8.283538,-8.693538,-9.093537,-7.593538,-6.6235375,-6.6035376,-5.7635374,-4.8035374,-4.2635374,-3.6935377,-2.4435377,-1.8435376,-1.2435375,-0.6935376,0.006462402,0.6464624,1.7764624,2.9364624
-0.1035376,1.2564625,-0.073537596,1.6564624,1.0464624,1.1664624,1.5964624,1.1664624,0.5764624,1.6464624,-0.2735376,0.016462402,0.8264624,1.3664623,1.6164623,1.9364624,1.7664624,1.8764625,1.4164624,1.6264625,1.7664624,1.7364624,1.5964624,0.5764624,1.2764624,2.0264623,2.7664623,3.2064624,5.2764626,-9.943538,-10.463537,-10.263537,-10.413538,-8.203538,-8.343537,-9.203538,-9.823538,-12.343537,-12.983538,-12.013537,-11.723537,-8.703538,-9.593537,-8.963537,-9.113538,-8.653538,-7.5035377,-6.5635376,-6.0535374,-5.0235376,-4.0635376,-3.3535376,-2.4235375,-1.7135376,-0.3735376,0.0764624,0.5564624,1.4464624,1.9364624
0.6864624,1.0264624,1.3164624,-0.8635376,-0.5135376,0.29646242,0.5164624,0.65646243,1.3764625,0.6464624,0.3364624,0.2364624,1.9464624,2.2564623,2.4664624,2.4764624,2.6764624,2.1064625,0.7564624,0.7864624,0.5564624,0.5764624,0.0964624,0.7064624,0.2864624,0.0464624,1.1964624,1.7864624,3.1964624,3.3564625,3.5064623,-8.503537,-11.543537,-11.8935375,-9.743538,-9.543537,-10.413538,-11.363538,-13.943538,-13.023538,-12.023538,-12.4335375,-9.383537,-10.873538,-9.953538,-8.923537,-8.703538,-7.7635374,-6.1835375,-5.4835377,-4.9335375,-4.4035378,-2.9335375,-2.2035377,-1.2935376,-0.2935376,0.4364624,0.9764624,1.2564625
-1.2035376,1.2164624,0.5464624,0.4964624,1.5564624,3.1364625,3.0164623,1.3864625,1.9664624,1.3964624,-0.073537596,-0.84353757,0.5764624,0.7564624,1.2564625,1.6664624,1.9964623,0.6864624,-0.3435376,-0.6635376,-0.9035376,-0.9935376,-0.8635376,-0.3935376,-0.2035376,0.1564624,1.1564624,0.7764624,0.7164624,1.4464624,2.2764623,1.0764624,5.2864623,-11.423537,-12.173537,-10.8935375,-11.563538,-11.553537,-13.773538,-14.133537,-13.363538,-13.293537,-12.573538,-10.293537,-10.783538,-10.4335375,-9.083538,-8.113538,-7.0035377,-6.1635375,-4.9035378,-4.5035377,-3.5635376,-2.9635377,-2.4835377,-1.4335376,-0.6235376,0.3664624,1.3564624
