json-data/2022072018.json
{"header": {"discipline":0,"disciplineName":"Meteorological products","gribEdition":2,"gribLength":47828,"center":7,"centerName":"US National Weather Service - NCEP(WMC)","subcenter":0,"refTime":"2022-07-20T18:00:00.000Z","significanceOfRT":1,"significanceOfRTName":"Start of forecast","productStatus":0,"productStatusName":"Operational products","productType":1,"productTypeName":"Forecast products","productDefinitionTemplate":0,"productDefinitionTemplateName":"Analysis/forecast at horizontal level/layer at a point in time","parameterCategory":0,"parameterCategoryName":"Temperature","parameterNumber":0,"parameterNumberName":"Temperature","parameterUnit":"K","genProcessType":2,"genProcessTypeName":"Forecast","forecastTime":0,"surface1Type":1,"surface1TypeName":"Ground or water surface","surface1Value":0.0,"surface2Type":255,"surface2TypeName":"Missing","surface2Value":0.0,"gridDefinitionTemplate":0,"gridDefinitionTemplateName":"Latitude_Longitude","numberPoints":65160,"shape":6,"shapeName":"Earth spherical with radius of 6,371,229.0 m","gridUnits":"degrees","resolution":48,"winds":"true","scanMode":0,"nx":360,"ny":181,"basicAngle":0,"lo1":0.0,"la1":90.0,"lo2":359.0,"la2":-90.0,"dx":1.0,"dy":1.0}, "data":
[rows 27 to 53 of 181, columns 0 to 60 of 360]
284.7902,284.99017,285.09018,285.2902,285.6902,285.7902,286.09018,286.59018,286.8902,289.6902,289.1902,292.1902,289.2902,291.49017,294.1902,295.99017,295.59018,292.8902,290.49017,289.2902,289.3902,289.7902,290.1902,290.8902,290.49017,290.3902,290.99017,290.09018,289.8902,291.49017,290.59018,291.6902,291.6902,292.3902,291.2902,290.8902,290.3902,289.1902,290.3902,289.1902,289.09018,288.8902,288.6902,289.3902,288.09018,288.09018,287.7902,287.59018,287.49017,286.7902,286.99017,287.3902,287.1902,287.3902,286.49017,286.49017,288.3902,288.6902,288.2902,287.2902,285.8902
284.8902,285.09018,285.1902,285.7902,286.7902,286.49017,288.6902,288.59018,289.09018,290.3902,289.6902,294.09018,292.7902,293.2902,295.6902,296.2902,295.7902,292.1902,288.8902,288.8902,289.09018,289.49017,290.8902,291.1902,291.3902,290.99017,290.49017,290.2902,291.59018,292.49017,291.6902,293.2902,292.2902,292.59018,292.2902,290.49017,292.49017,290.8902,289.3902,290.1902,288.49017,287.6902,287.09018,287.1902,286.8902,286.49017,286.2902,285.6902,285.7902,286.2902,286.49017,286.49017,286.99017,286.99017,286.59018,287.49017,287.8902,287.3902,286.6902,286.09018,286.49017
285.7902,285.8902,285.8902,286.3902,286.7902,288.09018,289.09018,289.1902,287.6902,291.3902,295.7902,295.59018,295.7902,296.7902,297.09018,296.59018,296.59018,298.3902,289.2902,289.3902,289.8902,290.09018,292.8902,291.3902,291.2902,290.8902,291.2902,290.7902,292.1902,293.1902,293.49017,287.59018,287.6902,292.7902,292.2902,290.3902,290.49017,289.99017,288.6902,287.49017,287.1902,287.59018,285.2902,285.6902,285.49017,284.6902,284.3902,284.3902,284.3902,284.99017,285.1902,284.7902,284.3902,284.6902,285.2902,285.6902,286.2902,287.59018,286.49017,285.1902,286.7902
286.3902,286.7902,286.99017,287.09018,287.49017,288.49017,289.3902,291.2902,291.8902,294.3902,296.59018,295.3902,297.8902,296.99017,296.2902,297.49017,299.2902,297.8902,297.8902,290.2902,290.8902,290.49017,290.8902,291.8902,291.7902,290.6902,290.59018,290.6902,290.8902,290.8902,293.3902,293.09018,290.7902,291.8902,291.7902,289.1902,288.59018,287.99017,287.6902,286.7902,285.2902,285.1902,285.2902,285.3902,284.7902,284.99017,284.3902,284.2902,284.1902,284.2902,283.99017,284.09018,284.2902,284.6902,283.8902,284.59018,285.09018,285.2902,283.49017,285.49017,287.7902
287.49017,287.49017,287.2902,287.3902,287.59018,287.99017,289.3902,294.3902,295.09018,296.8902,291.7902,291.1902,298.8902,293.1902,296.09018,297.59018,299.49017,296.3902,292.1902,290.99017,290.99017,291.09018,291.1902,291.09018,290.3902,289.99017,289.6902,289.8902,291.09018,290.99017,291.99017,293.09018,291.99017,289.59018,288.7902,288.99017,289.2902,287.7902,287.6902,286.99017,286.49017,286.09018,285.59018,285.1902,284.8902,284.09018,284.09018,283.8902,284.2902,284.1902,284.99017,284.09018,284.2902,284.09018,284.2902,284.8902,285.7902,284.7902,283.49017,282.7902,285.8902
287.1902,287.2902,287.49017,287.49017,287.6902,288.49017,288.3902,289.3902,290.09018,292.09018,289.59018,290.09018,298.59018,300.1902,300.49017,300.2902,300.3902,291.2902,291.7902,292.49017,291.8902,291.59018,291.3902,291.09018,291.1902,290.49017,289.7902,288.7902,293.6902,290.3902,290.49017,291.09018,290.99017,286.59018,287.49017,287.3902,286.6902,285.99017,285.99017,286.2902,285.8902,286.49017,286.09018,286.09018,286.1902,285.49017,287.1902,285.09018,285.2902,285.09018,284.2902,283.99017,284.1902,284.7902,284.49017,284.6902,285.2902,284.3902,283.8902,283.6902,287.1902
287.59018,287.8902,288.1902,288.2902,288.49017,288.99017,288.6902,288.6902,289.09018,290.3902,303.7902,290.6902,291.3902,300.49017,296.59018,298.1902,299.1902,291.6902,291.99017,292.09018,291.99017,291.7902,290.6902,290.8902,290.99017,288.99017,289.09018,288.99017,287.6902,290.59018,290.59018,290.1902,285.6902,285.2902,285.1902,285.2902,285.6902,285.59018,285.99017,285.3902,285.6902,285.8902,286.09018,284.49017,287.49017,284.49017,285.3902,284.2902,284.3902,284.59018,284.3902,284.6902,284.1902,284.7902,284.7902,284.2902,284.1902,284.3902,284.2902,284.1902,283.99017
288.49017,288.6902,289.09018,289.7902,290.09018,289.59018,289.3902,289.3902,290.09018,296.8902,300.59018,292.3902,292.09018,296.49017,294.09018,291.3902,291.3902,291.3902,291.6902,291.8902,292.09018,291.49017,291.49017,290.59018,288.1902,287.2902,288.6902,288.99017,289.09018,289.8902,289.6902,289.49017,286.1902,284.7902,284.7902,285.8902,286.1902,286.3902,285.2902,285.6902,284.99017,284.59018,284.09018,284.3902,284.09018,287.1902,284.99017,284.6902,286.09018,283.99017,284.1902,283.99017,284.1902,284.99017,285.09018,285.1902,284.6902,284.49017,284.6902,283.8902,283.49017
289.1902,289.59018,290.1902,290.3902,290.49017,290.1902,289.99017,290.49017,290.99017,294.99017,292.49017,292.7902,296.99017,291.49017,291.6902,291.8902,291.6902,291.49017,291.3902,291.8902,292.3902,292.8902,290.99017,290.6902,289.09018,287.59018,288.7902,287.3902,286.2902,287.2902,289.1902,289.2902,288.99017,289.1902,287.2902,287.3902,286.1902,285.1902,285.2902,284.8902,285.2902,285.6902,286.2902,285.49017,285.7902,286.1902,286.99017,288.2902,286.99017,292.59018,285.6902,285.3902,284.59018,285.2902,284.99017,285.2902,284.99017,284.8902,282.8902,283.2902,284.49017
288.1902,288.8902,289.7902,290.59018,290.8902,291.1902,291.1902,291.49017,291.99017,294.7902,298.1902,299.99017,303.2902,302.8902,298.6902,299.3902,299.3902,298.6902,299.09018,295.49017,294.1902,292.1902,290.8902,290.49017,290.09018,287.3902,287.6902,286.49017,286.3902,288.3902,285.6902,286.1902,286.59018,286.1902,287.7902,285.6902,285.1902,284.59018,284.99017,284.59018,285.2902,285.59018,285.7902,286.99017,285.8902,288.6902,288.6902,288.2902,287.49017,289.7902,286.59018,286.8902,285.6902,286.6902,287.7902,284.8902,285.1902,283.49017,281.8902,283.1902,285.49017
290.6902,290.59018,290.2902,289.99017,290.99017,292.59018,298.59018,296.59018,299.6902,299.6902,300.3902,307.09018,307.8902,304.1902,303.59018,301.59018,301.3902,301.2902,300.3902,298.6902,296.1902,294.1902,293.2902,290.3902,289.09018,287.7902,287.59018,287.6902,286.7902,288.09018,285.99017,287.99017,286.8902,286.59018,287.09018,285.7902,284.7902,284.1902,286.49017,285.59018,286.2902,285.99017,287.1902,286.09018,289.09018,289.49017,289.59018,289.49017,289.49017,287.8902,287.6902,291.1902,290.59018,290.09018,289.2902,282.8902,284.8902,283.2902,282.49017,286.2902,286.99017
294.7902,298.2902,291.2902,291.59018,292.8902,299.59018,300.8902,301.7902,304.7902,302.09018,304.49017,305.7902,307.1902,305.3902,303.1902,303.3902,304.49017,303.7902,301.59018,298.09018,296.3902,295.09018,293.2902,292.09018,291.49017,289.99017,288.7902,288.7902,289.3902,289.1902,287.7902,288.3902,287.59018,286.7902,285.8902,284.7902,284.99017,285.49017,286.09018,287.2902,286.8902,286.7902,290.1902,291.3902,291.09018,287.09018,287.1902,287.59018,288.49017,289.3902,291.09018,292.09018,289.8902,286.6902,286.7902,287.59018,286.99017,284.1902,285.6902,288.49017,288.8902
295.8902,293.09018,292.59018,292.7902,294.8902,297.7902,298.7902,301.1902,298.2902,300.49017,302.1902,306.7902,306.09018,303.7902,301.2902,297.49017,298.3902,302.1902,299.49017,297.7902,296.7902,294.6902,294.49017,292.49017,293.7902,291.8902,291.2902,290.7902,289.8902,289.49017,290.8902,288.8902,287.7902,287.2902,285.3902,285.8902,285.6902,286.09018,287.49017,286.7902,289.1902,292.2902,289.6902,288.8902,288.8902,287.6902,290.2902,288.6902,288.99017,289.8902,293.8902,293.1902,290.8902,291.59018,290.8902,290.3902,290.3902,288.7902,287.7902,290.8902,291.1902
291.7902,292.1902,293.8902,294.99017,294.8902,293.7902,291.3902,297.8902,295.7902,304.09018,303.8902,302.6902,299.09018,297.6902,297.7902,296.99017,296.8902,294.3902,296.2902,296.6902,296.1902,295.49017,293.7902,294.2902,292.59018,292.3902,292.3902,292.59018,292.2902,292.8902,291.59018,292.1902,289.09018,287.49017,287.49017,288.2902,287.6902,288.1902,287.99017,290.49017,290.3902,291.8902,289.8902,289.99017,291.2902,292.99017,294.09018,294.49017,293.2902,292.49017,292.7902,293.6902,293.09018,293.1902,293.49017,293.8902,292.49017,290.7902,291.1902,292.49017,293.3902
297.7902,291.1902,297.7902,295.99017,293.3902,292.59018,293.59018,292.09018,292.1902,298.2902,298.3902,301.49017,301.49017,297.09018,294.3902,295.49017,297.8902,299.99017,296.1902,292.8902,290.49017,294.09018,294.6902,290.3902,292.6902,295.09018,294.3902,294.49017,294.2902,293.49017,291.7902,292.09018,292.1902,290.8902,290.2902,289.2902,288.7902,292.99017,292.99017,294.7902,290.7902,294.49017,290.59018,294.7902,291.3902,291.8902,298.8902,297.3902,295.8902,295.7902,294.49017,298.09018,296.8902,295.6902,297.59018,294.7902,293.59018,293.1902,293.8902,295.1902,298.59018
296.99017,298.09018,298.49017,296.99017,295.99017,293.59018,292.3902,289.7902,289.49017,291.3902,291.49017,293.2902,296.7902,297.3902,295.6902,295.99017,296.49017,300.8902,301.2902,297.8902,296.7902,301.09018,301.49017,298.8902,292.59018,288.7902,296.6902,297.6902,297.49017,298.3902,298.49017,296.59018,296.2902,295.8902,294.09018,295.99017,290.49017,290.8902,295.7902,289.99017,293.7902,293.3902,293.09018,295.3902,295.3902,295.7902,295.09018,298.2902,298.09018,298.99017,301.09018,302.1902,301.59018,298.3902,298.3902,296.59018,297.49017,297.59018,298.59018,298.6902,302.2902
299.59018,298.59018,298.59018,298.09018,294.8902,298.09018,293.49017,291.2902,288.99017,289.6902,290.59018,286.49017,287.2902,287.99017,290.8902,291.59018,294.8902,298.1902,297.7902,298.6902,300.6902,299.49017,298.09018,293.09018,294.8902,288.49017,289.49017,295.59018,295.2902,293.49017,293.2902,294.6902,296.49017,295.49017,296.6902,296.2902,295.3902,293.2902,297.49017,296.59018,292.6902,292.99017,295.3902,295.09018,294.7902,296.7902,296.1902,295.99017,294.3902,298.59018,300.3902,299.1902,298.1902,299.3902,298.2902,299.2902,299.3902,301.3902,302.8902,303.49017,304.6902
297.49017,297.49017,296.1902,296.8902,298.8902,298.1902,294.49017,284.49017,287.09018,296.2902,291.7902,295.49017,295.2902,299.49017,293.49017,293.2902,295.09018,296.99017,298.59018,298.8902,298.6902,298.7902,296.1902,294.7902,294.99017,289.99017,289.7902,294.6902,295.59018,294.8902,296.49017,296.1902,296.09018,296.6902,296.49017,297.8902,297.3902,297.1902,296.59018,292.49017,293.3902,292.59018,290.7902,292.2902,294.3902,291.99017,293.7902,293.3902,292.09018,299.7902,299.2902,299.1902,299.1902,301.09018,302.7902,301.6902,302.8902,304.49017,304.2902,297.6902,297.1902
298.8902,299.99017,296.49017,294.49017,297.2902,306.59018,293.1902,290.8902,306.09018,306.6902,307.6902,306.7902,302.8902,299.49017,298.7902,293.6902,295.2902,294.2902,299.09018,298.8902,296.8902,298.2902,292.59018,295.99017,294.6902,293.1902,296.59018,294.2902,296.2902,295.8902,296.7902,296.59018,296.1902,295.99017,289.2902,289.99017,296.09018,297.09018,290.09018,296.3902,291.59018,289.49017,287.7902,288.2902,291.49017,294.2902,296.09018,296.2902,298.8902,298.7902,298.99017,298.99017,298.99017,302.7902,304.6902,304.2902,305.6902,304.99017,304.6902,298.59018,297.99017
298.1902,300.8902,300.59018,299.1902,305.6902,306.3902,303.59018,298.49017,299.8902,300.59018,301.2902,299.7902,296.1902,299.3902,299.3902,298.7902,299.2902,288.99017,291.2902,288.8902,292.8902,295.6902,294.7902,298.2902,297.3902,296.6902,294.8902,293.3902,294.2902,296.99017,296.8902,296.6902,296.59018,296.7902,297.09018,296.99017,296.49017,296.49017,296.99017,297.2902,284.1902,286.3902,287.49017,288.49017,291.09018,295.7902,296.6902,292.7902,297.8902,297.49017,297.49017,297.59018,299.8902,304.1902,304.3902,305.3902,306.3902,306.99017,306.09018,297.6902,297.1902
292.2902,297.49017,300.49017,300.3902,299.2902,299.99017,300.49017,300.8902,302.1902,301.59018,301.09018,300.6902,303.1902,295.49017,299.8902,299.3902,298.2902,297.8902,293.1902,287.1902,287.2902,288.6902,293.3902,288.49017,290.09018,290.2902,290.6902,291.09018,296.8902,297.09018,297.1902,297.2902,297.2902,297.49017,297.49017,297.2902,296.7902,296.6902,297.1902,297.59018,297.49017,293.49017,284.7902,274.59018,286.8902,288.49017,291.3902,292.7902,297.49017,297.2902,297.49017,296.6902,305.99017,306.8902,306.7902,305.49017,306.6902,306.7902,307.49017,304.7902,305.7902
308.1902,304.6902,304.8902,303.7902,298.1902,299.99017,300.6902,300.7902,301.09018,296.99017,301.1902,300.3902,300.59018,296.7902,291.1902,297.49017,299.59018,298.7902,298.49017,298.1902,292.3902,289.2902,293.8902,292.49017,286.1902,293.09018,294.7902,289.99017,290.09018,297.09018,297.1902,297.3902,297.59018,298.1902,296.09018,293.1902,296.7902,296.7902,297.1902,297.49017,297.2902,297.3902,291.6902,288.8902,287.2902,289.09018,287.09018,279.2902,289.3902,297.59018,297.7902,297.7902,296.7902,307.3902,307.3902,307.2902,307.3902,307.8902,306.8902,307.1902,305.7902
307.6902,300.59018,300.1902,299.99017,300.2902,300.49017,300.2902,300.8902,301.09018,301.6902,300.3902,301.09018,300.59018,300.7902,300.8902,299.99017,299.49017,303.2902,298.49017,297.99017,296.6902,292.2902,290.2902,293.6902,293.6902,295.2902,292.7902,292.6902,294.7902,296.2902,289.2902,288.49017,284.3902,285.09018,285.8902,284.49017,283.6902,288.59018,293.1902,290.49017,295.59018,285.1902,285.7902,283.3902,284.7902,289.7902,301.3902,300.1902,288.99017,290.7902,297.7902,297.99017,297.3902,301.2902,308.99017,307.3902,305.3902,307.09018,308.3902,307.3902,307.1902
306.99017,301.49017,301.1902,301.09018,305.2902,301.1902,300.7902,300.99017,301.1902,302.1902,300.99017,301.59018,303.09018,301.99017,300.8902,300.59018,293.49017,299.1902,299.09018,297.7902,292.2902,286.7902,292.3902,298.49017,295.59018,296.6902,295.6902,291.09018,292.8902,287.1902,285.1902,288.7902,293.1902,291.7902,291.09018,286.09018,283.49017,287.1902,283.7902,286.7902,286.09018,287.3902,289.7902,288.1902,299.6902,285.8902,281.59018,297.49017,299.3902,300.49017,298.2902,297.99017,297.7902,299.2902,300.09018,304.1902,302.7902,304.2902,303.1902,303.09018,306.3902
300.3902,301.09018,301.3902,301.1902,301.3902,301.49017,301.2902,301.2902,300.99017,300.1902,301.09018,301.6902,302.2902,302.1902,301.7902,301.1902,300.3902,298.09018,299.3902,298.59018,297.8902,298.09018,287.1902,295.59018,297.6902,295.6902,294.8902,294.49017,292.1902,290.1902,287.59018,290.59018,295.2902,294.49017,290.7902,289.3902,288.2902,286.09018,290.6902,296.2902,295.49017,286.6902,291.8902,292.3902,287.49017,300.7902,293.2902,291.8902,293.1902,300.99017,299.09018,298.49017,298.7902,300.09018,299.2902,299.8902,299.6902,303.2902,300.6902,300.8902,301.2902
300.49017,300.2902,300.2902,300.09018,300.1902,300.3902,300.2902,299.99017,299.6902,299.49017,299.7902,300.59018,300.6902,301.59018,299.3902,293.59018,293.8902,299.99017,299.2902,298.7902,298.49017,298.59018,289.99017,293.7902,295.59018,295.7902,294.99017,296.09018,291.2902,298.1902,292.2902,293.09018,287.49017,292.6902,292.3902,286.99017,288.99017,292.99017,292.6902,297.3902,301.8902,302.99017,295.49017,285.99017,288.49017,294.7902,301.7902,291.8902,286.59018,301.2902,300.49017,300.1902,300.6902,301.1902,302.7902,302.09018,302.1902,294.6902,297.49017,304.49017,302.2902
299.1902,298.7902,298.8902,298.6902,298.7902,299.7902,300.09018,300.1902,300.09018,303.2902,305.59018,301.09018,300.49017,299.3902,300.7902,299.1902,300.49017,300.2902,299.3902,299.09018,298.99017,298.8902,297.2902,294.2902,296.59018,295.59018,294.8902,295.6902,298.49017,293.6902,288.8902,299.2902,284.8902,291.99017,286.59018,298.59018,297.99017,298.09018,304.09018,304.3902,305.3902,305.99017,307.1902,300.7902,294.8902,292.49017,299.8902,291.99017,299.59018,290.59018,291.99017,300.99017,301.09018,301.09018,302.6902,299.3902,294.2902,300.1902,289.49017,288.59018,299.99017
