json-data/2022072012.json
{"header": {"discipline":0,"disciplineName":"Meteorological products","gribEdition":2,"gribLength":79460,"center":7,"centerName":"US National Weather Service - NCEP(WMC)","subcenter":0,"refTime":"2022-07-20T12:00:00.000Z","significanceOfRT":1,"significanceOfRTName":"Start of forecast","productStatus":0,"productStatusName":"Operational products","productType":1,"productTypeName":"Forecast products","productDefinitionTemplate":0,"productDefinitionTemplateName":"Analysis/forecast at horizontal level/layer at a point in time","parameterCategory":2,"parameterCategoryName":"Momentum","parameterNumber":3,"parameterNumberName":"V-component_of_wind","parameterUnit":"m.s-1","genProcessType":2,"genProcessTypeName":"Forecast","forecastTime":0,"surface1Type":103,"surface1TypeName":"Specified height level above ground","surface1Value":10.0,"surface2Type":255,"surface2TypeName":"Missing","surface2Value":0.0,"gridDefinitionTemplate":0,"gridDefinitionTemplateName":"Latitude_Longitude","numberPoints":65160,"shape":6,"shapeName":"Earth spherical with radius of 6,371,229.0 m","gridUnits":"degrees","resolution":48,"winds":"true","scanMode":0,"nx":360,"ny":181,"basicAngle":0,"lo1":0.0,"la1":90.0,"lo2":359.0,"la2":-90.0,"dx":1.0,"dy":1.0}, "data":
[rows 104 to 129 of 181, columns 177 to 235 of 360]
3.5048156,3.9648156,3.3048158,3.5248156,3.3148158,3.7848158,2.8048158,2.4348156,3.4348156,3.0348158,2.7148156,3.8848157,4.0248156,4.7148156,3.9848156,4.5448155,4.3348155,4.8948154,5.0648155,4.6248155,5.244816,5.414816,4.9848156,3.8848157,4.3848157,1.5148157,0.5248157,-0.41518432,-0.8051843,-1.2651843,0.004815674,0.5648157,1.3748157,0.09481567,-1.7851844,-1.0151843,-0.69518435,0.27481568,0.7148157,-0.9351843,-0.50518435,-2.3251843,-1.6251843,-1.4851843,-1.9551843,-0.45518434,-0.19518432,-1.8151844,-2.1351843,-1.9251844,-1.0651844,-0.89518434,-1.5851843,-2.6551843,-2.3651843,-1.3751843,-1.4151844,-0.9351843,0.5748157
2.7748156,2.3948157,2.7248156,2.5648158,2.6148157,2.5048156,2.9248157,3.2648156,3.2148156,3.6348157,3.4548156,3.4548156,4.0948157,3.8548157,4.1948156,4.704816,5.7948155,5.914816,6.034816,6.2148156,6.5748158,6.9448156,7.6248155,4.8948154,2.7848158,4.014816,2.9148157,0.53481567,-0.27518433,-1.1651844,-0.8051843,0.19481568,1.1148157,1.5048157,-0.44518432,-0.43518433,-0.8651843,-0.6551843,-0.70518434,-0.07518432,0.06481567,-0.5951843,-2.5751843,-2.2751844,-1.7151843,-0.4851843,0.6248157,0.28481567,0.5148157,-1.0351844,-0.8651843,-2.1951842,-2.2851844,-2.6651843,-3.0351844,-1.7651843,-1.7351843,-1.5151843,-1.2151843
2.8248158,2.2048156,2.9148157,2.6648157,2.6848156,3.7948158,4.1548157,4.684816,4.0948157,3.6348157,3.7948158,3.8148158,3.7948158,4.054816,3.9048157,4.1248155,3.9048157,4.1448154,4.8648157,6.014816,7.1948156,7.6348157,8.874816,7.554816,4.9448156,5.1148157,4.184816,3.1748157,0.67481565,-0.83518434,-0.9051843,0.33481568,0.5748157,0.7748157,-0.7951843,-2.4851844,-1.7051843,-1.2951844,-1.3151844,-0.6751843,-0.23518433,-1.4651843,-0.11518433,-0.96518433,-2.4551842,-1.8151844,-0.9951843,-0.7251843,-1.3551843,-1.5851843,-1.3551843,-1.4751843,-2.6451843,-3.0851843,-2.1451843,-2.1451843,-1.2851844,-0.6151843,-1.7651843
2.6648157,4.8448157,2.3448157,2.7548156,4.014816,3.8948157,3.6148157,4.014816,4.5448155,4.0448155,3.7848158,3.9648156,4.5648155,4.3948154,4.0948157,4.1948156,4.0248156,5.6148157,5.8948154,5.5648155,6.1448154,6.4648156,7.3248158,8.944816,7.5648155,6.6248155,4.9448156,5.4048157,3.9948156,1.6848156,0.35481566,-0.52518433,-0.035184328,1.5448157,0.91481566,-2.8051844,-2.5151844,-1.8251843,-1.8751843,-1.4851843,-0.63518435,-0.12518433,-0.64518434,-0.76518434,-1.1651844,-1.3151844,-2.0251844,-1.4151844,-1.6151843,-0.6651843,-3.0151844,-2.8751843,-2.6751842,-3.3451843,-2.2351844,-2.7551844,-2.6851842,-2.2751844,-0.13518433
2.4748156,-0.095184326,2.7348156,3.2848158,3.1048157,3.0848157,3.6948156,3.6848156,4.0448155,4.784816,4.5848155,4.1048155,3.1148157,4.014816,4.164816,4.4048157,5.264816,5.2548156,4.8148155,5.6748157,5.914816,6.5948157,6.704816,6.304816,8.134815,7.8848157,7.6248155,5.764816,4.6348157,4.5848155,2.4848156,2.0748158,1.7148156,2.3748157,2.6548157,-1.8451843,-2.3451843,-2.0751843,-1.3951843,-2.6851842,-1.9051843,-0.44518432,-0.0051843263,0.6448157,-1.7751843,-1.8151844,-1.9551843,-0.5951843,-1.6351843,-0.9951843,-2.4351842,-4.4951844,-2.9151843,-2.1651843,-2.5851843,-2.4351842,-1.7651843,-2.2451844,-1.7851844
-1.1451843,-0.42518434,0.53481567,0.49481568,0.8248157,1.9348156,3.0048156,2.9848156,2.2748156,2.1048157,2.7848158,2.3448157,2.8648157,3.1748157,4.4448156,5.0748158,4.9248157,5.414816,5.8148155,5.2348156,5.2948155,5.744816,5.8948154,6.8148155,6.534816,7.1948156,8.654816,8.924816,5.724816,3.8148158,3.5348158,3.5648158,3.0948157,2.7848158,3.0148156,3.2548156,0.024815673,-2.0551844,-1.6051843,-3.1351843,-3.1151843,-2.1751842,-0.8751843,-0.82518435,-0.8451843,-0.43518433,0.024815673,-1.5651844,-2.4951844,-3.1551843,-4.255184,-4.0151844,-2.8551843,-2.8551843,-3.2051842,-2.9951844,-3.3951843,-2.6951842,-2.3151844
-1.3851843,-1.1651844,-0.015184326,0.31481567,1.0348157,1.3548157,2.0548158,3.0848157,3.4848156,2.7148156,2.8248158,2.7448156,3.1048157,3.7348156,4.034816,4.6948156,4.9848156,4.974816,4.5648155,4.7148156,5.4448156,5.0248156,4.3448157,6.1948156,6.3348155,7.244816,8.3148155,9.094815,9.184815,8.704816,2.3748157,4.554816,5.3548155,3.5848157,3.6348157,4.9048157,4.224816,2.9648156,-1.0751843,-3.1451843,-3.9251842,-3.5551844,-2.3751843,-1.4351844,-1.6551843,-1.2251843,-1.9851843,-1.8051844,-2.2751844,-3.5351844,-5.6351843,-4.3451843,-3.2151842,-3.3251843,-3.1751842,-2.3351843,-3.2951844,-3.6851842,-2.9451842
-1.4551843,-1.5051843,-1.0951843,-0.5951843,0.5648157,1.1248157,1.5348157,1.9848157,2.6648157,2.3948157,2.1948156,2.4148157,2.9548156,2.2548156,2.1548157,2.9848156,2.9748156,3.3948157,3.4248157,3.5348158,4.204816,5.284816,6.6148157,6.284816,5.684816,6.4048157,7.7748156,8.694816,9.984816,9.484816,8.114816,9.164816,5.434816,3.7848158,3.8548157,3.9148157,4.2548156,5.204816,3.7648156,-1.2651843,-1.5551844,-1.8351843,-2.6051843,-2.9651842,-1.7651843,-1.7751843,-1.9251844,-0.9851843,-1.1751844,-2.2151842,-5.5351844,-5.2651844,-4.4151845,-3.5151844,-4.1151843,-3.6951842,-3.4951844,-4.1551843,-4.255184
-1.9751843,-1.6851844,-1.6051843,-1.3651843,-0.46518433,0.31481567,0.8848157,1.2748157,1.6248157,2.2748156,0.9648157,1.0748156,1.8848157,1.7748157,1.0248157,1.1948156,1.9048157,2.8248158,3.2348156,3.4848156,4.6248155,5.2148156,5.764816,6.744816,6.5848155,7.224816,6.724816,8.374816,9.534816,11.114816,11.0648155,10.224815,10.464816,8.484816,5.9448156,4.1248155,6.184816,6.3848157,5.0248156,3.4548156,2.6348157,2.7948158,0.7148157,-1.3451843,-2.8751843,-1.9051843,-1.6251843,-1.2851844,-0.71518433,-2.3851843,-4.6651845,-6.0551844,-5.0351844,-4.3851843,-3.3151844,-3.7151842,-2.2751844,-5.6851845,-5.4051843
-2.0851843,-2.4451842,-3.2051842,-2.2751844,-1.8151844,-0.81518435,0.2648157,0.93481565,1.7648157,1.1548157,0.37481567,0.66481566,0.6448157,0.5648157,0.33481568,0.8948157,1.2048156,1.7148156,3.0348158,3.5948157,4.3248158,4.994816,6.1548157,6.1248155,7.1948156,7.0748158,6.664816,7.8448157,8.244816,9.664816,11.304815,11.8548155,11.144815,11.294816,9.624816,8.264815,9.024816,10.084816,11.754816,4.6048155,4.1748157,4.0748158,3.7348156,2.2748156,-0.9251843,-0.8551843,-2.2551844,-1.9251844,-1.9951843,-1.7451843,-3.1851842,-6.1451845,-5.5551844,-5.1451845,-4.505184,-3.8751843,-3.9051843,-3.5051844,-5.8551846
-3.8751843,-4.6151843,-4.4051843,-3.4351842,-2.4451842,-1.3751843,-0.7851843,-0.56518435,0.61481565,0.35481566,-0.095184326,0.34481567,-0.065184325,0.5248157,0.9548157,0.36481568,1.1348157,1.4648156,2.1648157,3.5848157,4.5948157,5.3648157,5.954816,6.5048156,6.8848157,7.5648155,7.7348156,8.084816,9.294816,9.534816,10.034816,10.154816,10.924816,10.834816,10.334816,10.274816,8.434815,10.114816,10.884815,10.084816,5.6148157,4.4048157,4.6948156,4.6048155,3.0748158,1.1848156,-1.8151844,-2.9351842,-2.8451843,-3.7451844,-2.8351843,-3.6951842,-5.3851843,-5.485184,-5.8551846,-5.1451845,-5.485184,-3.7251844,-5.4751844
-2.9151843,-4.1351843,-5.085184,-4.1251845,-3.7851844,-2.2551844,-1.9251844,-1.3251843,-1.8451843,-1.8151844,-1.8351843,-1.3551843,-0.34518433,-0.42518434,0.024815673,0.9648157,1.3948157,2.6248157,2.8048158,2.7548156,3.3948157,3.7448156,4.974816,5.0648155,5.264816,6.1548157,7.4848156,8.054815,7.784816,8.574816,9.674816,9.964816,10.974815,10.944816,10.774816,10.3548155,10.134815,8.304815,7.664816,9.5648155,9.654816,8.674816,6.9448156,6.1448154,4.9848156,7.2148156,11.824816,1.4648156,-1.8051844,-2.5951843,-2.2651844,-4.8051844,-5.1551843,-5.465184,-5.5951843,-6.8851843,-5.8851843,-4.735184,-3.8951843
-2.5951843,-4.1151843,-4.985184,-4.7451844,-4.0351844,-3.2151842,-2.6451843,-3.3051844,-3.5751843,-2.6851842,-2.2751844,-2.2551844,-1.2451843,-0.6751843,-1.1651844,0.4848157,0.74481565,0.8948157,1.0248157,1.6948156,2.0748158,2.4948156,3.2848158,3.6248157,3.4948156,4.3548155,5.1048155,6.2948155,7.054816,7.454816,7.914816,8.964816,9.514815,10.274816,10.884815,11.004816,10.234816,10.414816,9.1048155,10.574816,10.044816,8.954816,10.414816,9.924816,9.144815,7.534816,6.184816,8.534816,9.244816,5.494816,0.93481565,-1.5251843,-2.8351843,-5.8851843,-6.195184,-5.835184,-6.585184,-4.7451844,-6.335184
-2.7451844,-4.045184,-4.6351843,-6.1251845,-5.445184,-4.2051845,-4.025184,-5.6151843,-4.9951844,-3.8251843,-3.5351844,-3.3951843,-3.0851843,-2.7651844,-2.2251844,-1.8251843,-1.6751844,-1.7651843,-1.2451843,-0.035184328,1.0248157,2.0148156,2.0848157,3.2448156,3.7248156,4.0048156,4.8348155,5.5948157,5.554816,7.0248156,7.454816,7.5048156,8.494816,9.054815,9.964816,10.614816,11.004816,9.804815,9.1048155,8.494816,7.954816,8.634815,10.304815,10.884815,9.3548155,9.284816,9.364816,9.194816,6.224816,7.304816,8.834816,5.7148156,2.7748156,-2.2451844,-4.2851844,-6.1151843,-6.195184,-5.8051844,-2.8051844
-0.33518434,-1.9951843,-5.1551843,-6.5951843,-6.755184,-6.215184,-5.6351843,-5.8951845,-5.7051845,-5.0351844,-5.2451844,-4.5351844,-4.7051845,-3.7551844,-3.5251844,-2.4451842,-2.8751843,-2.4651842,-1.3951843,0.054815672,-0.045184325,0.41481566,2.1248157,1.2648157,2.5548158,3.7648156,4.494816,5.5248156,6.3348155,6.744816,7.3948154,8.0648155,7.5948157,7.6048155,7.5448155,8.264815,9.484816,9.234816,8.394815,9.454816,8.244816,8.804815,8.944816,8.654816,8.684815,9.5648155,8.284816,9.114816,8.324816,9.794816,11.1048155,9.164816,9.394815,7.8648157,2.3748157,-2.5351844,-4.1851845,-5.9951844,-5.4151845
1.7348157,1.5248157,0.074815676,-6.9051843,-8.365185,-7.215184,-7.045184,-8.515184,-7.8551846,-7.195184,-5.1751842,-6.715184,-6.3851843,-6.235184,-4.255184,-4.3751845,-3.6751842,-2.8951843,-1.6051843,-1.1851844,0.31481567,-0.6851843,0.21481568,1.7348157,2.4448156,3.2548156,4.0648155,5.0748158,5.244816,5.7548156,6.994816,7.284816,8.264815,8.514815,7.6948156,7.0248156,8.334816,8.824816,8.194816,7.3448157,7.414816,5.6748157,7.554816,7.9648156,9.1048155,8.494816,7.6348157,8.164816,6.1048155,7.184816,9.174816,7.914816,9.544816,9.974815,8.144815,7.474816,2.3848157,-2.6651843,-5.7051845
2.5048156,2.5848157,2.9648156,1.6648157,-6.715184,-9.475184,-8.925184,-9.505184,-9.375184,-8.865185,-8.275185,-6.9351845,-7.525184,-7.1551843,-6.4251842,-5.3651843,-4.3651843,-3.4151843,-3.2051842,-1.9751843,-0.8451843,-0.14518432,-0.39518434,1.5448157,1.1648157,2.9848156,3.4148157,4.4248157,4.8448157,5.5648155,6.704816,7.1548157,7.8248158,7.954816,8.774816,7.9448156,8.054815,8.084816,8.124816,7.7948155,7.6148157,7.264816,6.514816,5.1348157,5.224816,6.6748157,7.5248156,8.804815,7.454816,7.1548157,6.5948157,7.4248157,7.9848156,9.074816,10.824816,9.394815,8.834816,7.1148157,7.4448156
-1.2051843,0.8148157,1.3048156,2.2048156,2.3848157,-10.295184,-10.045184,-9.855185,-10.085184,-10.215184,-9.6851845,-9.675184,-7.5751843,-8.6451845,-7.6351843,-6.9051843,-6.025184,-5.025184,-3.8751843,-2.1851842,-1.3351843,-1.2951844,-0.7251843,2.2848158,1.8348156,1.7548157,3.2948158,3.8648157,4.804816,5.4848156,6.3748155,7.014816,7.724816,8.144815,8.364816,9.264815,8.764815,8.324816,7.0248156,7.724816,7.054816,7.164816,7.0948157,5.6748157,7.1248155,5.7748156,6.2948155,6.8848157,4.664816,6.184816,4.6248155,4.3548155,7.4248157,7.3148155,8.004816,7.0648155,9.974815,8.464816,9.164816
-0.25518432,-2.2851844,-1.3451843,-2.0851843,-0.4851843,-8.455184,-12.285184,-11.8951845,-11.295184,-11.005184,-9.665184,-9.455184,-9.215184,-8.305184,-7.585184,-7.8751845,-7.3051844,-6.275184,-5.275184,-3.6151843,-2.3651843,-1.0551844,-0.9051843,0.72481567,2.3448157,2.4648156,2.8148158,4.284816,4.5248156,5.244816,5.9248157,6.0848155,7.954816,7.5048156,8.414816,8.694816,8.674816,8.584816,7.164816,8.124816,7.554816,6.5248156,6.3548155,8.054815,6.664816,7.664816,7.4448156,6.5948157,6.0048156,6.034816,5.724816,5.0448155,4.7548156,1.7348157,4.434816,5.1048155,5.224816,4.8948154,6.1548157
0.67481565,0.34481567,-1.2051843,-0.9751843,-4.3751845,-3.3251843,-13.735185,-14.055184,-14.115185,-12.865185,-11.155185,-10.475184,-9.765184,-9.665184,-8.035184,-7.7051845,-7.9751844,-7.5351844,-6.005184,-4.965184,-4.3051844,-1.2351843,-1.1551843,0.80481565,1.7948157,2.9448156,3.8748157,4.1748157,4.914816,5.5848155,6.0948157,6.744816,7.5848155,7.284816,8.144815,8.734816,8.494816,7.054816,8.634815,7.724816,7.054816,7.474816,6.954816,7.1548157,7.264816,9.144815,8.864816,8.344815,6.534816,6.1748157,7.224816,6.1248155,4.5948157,3.7748156,3.9148157,4.2148156,4.3748155,3.1048157,3.6848156
-1.0351844,-1.5551844,-0.8451843,-1.5751843,-2.2051842,-3.8051844,-12.365185,-14.4351845,-14.245184,-12.915184,-11.985185,-11.275185,-10.595184,-10.545184,-9.745184,-8.995184,-7.3051844,-7.5751843,-6.4051843,-5.445184,-4.715184,-3.3151844,-0.9251843,-0.12518433,1.6248157,2.7848158,4.414816,4.9648156,4.8548155,5.434816,6.264816,7.0948157,8.094815,7.6348157,8.054815,8.334816,8.404816,7.7148156,8.244816,7.2748156,7.684816,7.5648155,6.8948154,5.7948155,7.3648157,7.8748155,7.6348157,8.174816,7.244816,6.8848157,5.7148156,5.7348156,5.914816,5.3948154,4.2148156,3.7048156,2.3648157,2.7948158,3.3048158
-1.1851844,-3.5651844,-2.0851843,-2.7651844,-3.5251844,-4.835184,-12.815185,-15.575184,-15.425184,-14.015184,-13.095184,-12.065185,-11.3951845,-11.915184,-10.405185,-9.565185,-9.275185,-8.545184,-7.1251845,-6.3051844,-4.795184,-3.8851843,-1.8851843,-0.40518433,1.1248157,2.4448156,3.3448157,4.1748157,5.414816,5.744816,5.9648156,6.4648156,7.3448157,8.194816,7.454816,8.544816,8.094815,8.254816,8.324816,6.954816,7.534816,7.914816,8.034816,7.9848156,7.494816,7.744816,9.044816,7.534816,7.2548156,7.164816,6.3448157,5.454816,4.664816,4.8548155,2.6048157,2.6748157,2.5448158,1.0848156,1.5348157
-0.58518434,-4.1151843,-5.4551845,-2.7651844,-4.1551843,-7.2651844,-11.365185,-13.595184,-14.955184,-14.125184,-12.765184,-12.175184,-12.225184,-11.825184,-11.295184,-9.255184,-8.445185,-8.535184,-7.7251844,-6.3651843,-4.6551843,-3.7151842,-2.1551843,-0.2951843,1.0848156,2.9748156,3.3048158,3.9648156,4.9448156,5.6448154,6.0748158,6.704816,8.214816,9.254816,8.274816,7.9648156,8.044816,8.074816,8.804815,7.304816,7.7548156,7.8348155,7.554816,7.4248157,7.934816,8.444816,9.544816,7.9648156,7.9448156,7.684816,7.184816,5.5648155,4.4848156,4.6948156,3.6048157,1.4148157,0.55481565,-0.6051843,-1.3351843
-0.18518433,-2.5651844,-3.6251843,-4.6351843,-5.8651843,-8.205184,-11.945185,-14.365185,-15.105185,-14.775185,-13.695185,-13.485185,-12.505184,-12.255184,-10.6451845,-9.865185,-9.125184,-8.275185,-7.3251843,-5.8951845,-4.9951844,-4.3451843,-2.6651843,-0.71518433,1.0448157,3.2048156,3.6348157,3.9648156,4.704816,5.6548157,7.9248157,7.5448155,8.014815,8.234816,8.764815,8.984816,7.6948156,7.994816,8.414816,8.494816,8.264815,7.724816,7.1348157,8.174816,10.134815,9.134815,8.824816,8.204816,8.234816,7.8548155,7.534816,7.0048156,6.0248156,5.0648155,4.034816,2.4848156,1.1448157,0.28481567,-0.9151843
-0.20518433,-1.6251843,-7.965184,-6.445184,-7.4351845,-9.405185,-13.445185,-15.345184,-15.775185,-14.915184,-14.235185,-13.255184,-12.805184,-13.485185,-12.315185,-10.565185,-9.365185,-8.285184,-7.3251843,-6.255184,-4.985184,-4.085184,-2.7651844,-1.6151843,0.55481565,3.1648157,3.0848157,4.034816,4.994816,5.8648157,6.434816,6.9648156,7.0648155,7.8148155,7.934816,8.164816,8.284816,8.994816,7.0048156,7.514816,7.804816,8.344815,8.874816,7.684816,6.664816,9.014815,8.504816,8.124816,8.114816,8.404816,8.134815,7.4048157,7.0648155,5.1148157,4.0648155,2.2448156,0.7048157,0.09481567,-1.5251843
-2.0951843,-2.5651844,-8.705184,-4.795184,-10.245184,-11.125184,-14.785184,-16.345184,-16.575184,-15.405185,-13.945185,-13.165184,-12.945185,-12.525185,-11.235185,-9.915184,-9.375184,-8.345184,-7.945184,-6.2651844,-4.9151845,-3.3551843,-1.5451844,-0.055184327,1.0048157,2.3048158,3.4948156,4.1448154,4.9848156,5.7748156,6.6448154,6.8848157,7.434816,7.2748156,7.3248158,7.4048157,7.4248157,6.914816,8.174816,8.374816,6.494816,7.204816,7.3848157,7.994816,8.984816,7.474816,8.194816,8.034816,8.174816,8.584816,8.514815,8.394815,7.554816,7.284816,4.034816,2.2048156,-0.35518432,-1.2851844,-1.2451843
