json-data/2022072518.json
{"header": {"discipline":0,"disciplineName":"Meteorological products","gribEdition":2,"gribLength":48191,"center":7,"centerName":"US National Weather Service - NCEP(WMC)","subcenter":0,"refTime":"2022-07-25T18:00:00.000Z","significanceOfRT":1,"significanceOfRTName":"Start of forecast","productStatus":0,"productStatusName":"Operational products","productType":1,"productTypeName":"Forecast products","productDefinitionTemplate":0,"productDefinitionTemplateName":"Analysis/forecast at horizontal level/layer at a point in time","parameterCategory":0,"parameterCategoryName":"Temperature","parameterNumber":0,"parameterNumberName":"Temperature","parameterUnit":"K","genProcessType":2,"genProcessTypeName":"Forecast","forecastTime":0,"surface1Type":1,"surface1TypeName":"Ground or water surface","surface1Value":0.0,"surface2Type":255,"surface2TypeName":"Missing","surface2Value":0.0,"gridDefinitionTemplate":0,"gridDefinitionTemplateName":"Latitude_Longitude","numberPoints":65160,"shape":6,"shapeName":"Earth spherical with radius of 6,371,229.0 m","gridUnits":"degrees","resolution":48,"winds":"true","scanMode":0,"nx":360,"ny":181,"basicAngle":0,"lo1":0.0,"la1":90.0,"lo2":359.0,"la2":-90.0,"dx":1.0,"dy":1.0}, "data":
[rows 130 to 155 of 181, columns 180 to 239 of 360]
286.66754,286.86755,286.86755,286.66754,286.56757,286.56757,286.46756,285.96756,285.66754,285.86755,285.86755,285.96756,285.76755,285.66754,285.86755,285.96756,285.86755,285.86755,285.76755,285.66754,285.26755,284.86755,284.56757,284.36755,284.36755,284.36755,284.46756,284.46756,284.56757,284.56757,284.36755,284.26755,284.26755,283.96756,284.16754,284.36755,284.26755,284.26755,284.26755,284.66754,285.16754,284.86755,284.86755,285.26755,285.36755,285.16754,285.46756,285.36755,285.86755,286.16754,285.96756,285.46756,285.26755,284.96756,284.96756,285.36755,285.56757,285.76755,285.76755,285.76755
286.26755,286.36755,286.36755,286.46756,286.76755,286.76755,286.46756,285.86755,285.66754,285.36755,285.26755,285.46756,285.26755,285.06757,284.96756,284.76755,284.56757,284.16754,284.16754,284.26755,284.36755,284.26755,284.36755,284.16754,283.96756,283.86755,283.66754,283.66754,284.06757,284.16754,283.96756,283.66754,283.46756,283.26755,283.06757,283.06757,283.26755,283.56757,283.56757,283.66754,284.06757,284.16754,284.06757,284.26755,284.26755,284.26755,284.76755,284.96756,284.96756,284.76755,284.46756,284.36755,284.36755,284.16754,284.36755,284.56757,284.46756,284.86755,285.06757,285.36755
285.86755,285.96756,285.96756,285.86755,285.86755,286.16754,286.06757,285.46756,285.16754,284.66754,284.66754,284.46756,284.26755,284.16754,284.16754,283.96756,283.76755,283.36755,283.26755,283.26755,283.16754,283.26755,283.36755,283.26755,283.26755,283.06757,283.06757,283.06757,283.06757,283.16754,283.16754,283.36755,283.16754,282.96756,282.66754,282.66754,282.86755,283.06757,283.06757,283.16754,283.36755,283.36755,283.16754,283.46756,283.76755,283.56757,283.66754,283.96756,283.96756,283.76755,283.66754,283.86755,283.96756,284.06757,284.16754,284.16754,284.06757,284.06757,284.26755,284.86755
285.46756,285.46756,285.36755,285.06757,284.86755,284.96756,285.06757,284.76755,284.46756,284.26755,284.16754,283.86755,283.66754,283.36755,283.16754,283.36755,283.56757,283.26755,282.86755,282.66754,282.56757,282.56757,282.56757,282.56757,282.46756,282.46756,282.56757,282.66754,282.56757,282.46756,282.56757,282.66754,282.76755,282.86755,282.66754,282.46756,282.46756,282.56757,282.76755,282.96756,283.06757,282.76755,282.36755,282.56757,282.76755,282.76755,282.86755,282.96756,283.06757,283.06757,283.26755,283.36755,283.56757,283.96756,284.06757,283.76755,283.66754,283.56757,283.46756,283.56757
283.26755,283.56757,283.96756,284.36755,284.26755,284.36755,284.36755,284.26755,283.96756,283.66754,283.56757,283.56757,283.46756,283.16754,283.06757,282.76755,282.86755,282.66754,282.46756,282.16754,282.26755,282.36755,282.26755,282.06757,281.86755,281.86755,281.96756,282.16754,281.96756,281.96756,281.96756,281.96756,282.26755,282.26755,282.16754,282.26755,282.16754,282.26755,282.46756,282.56757,282.46756,282.26755,281.86755,281.76755,282.06757,282.26755,282.36755,282.46756,282.56757,282.46756,282.76755,282.86755,282.66754,282.36755,282.56757,282.66754,282.86755,282.96756,282.66754,282.66754
282.16754,282.56757,282.96756,283.56757,284.46756,284.26755,283.86755,283.56757,283.56757,283.36755,282.96756,282.96756,282.96756,282.96756,282.76755,282.66754,282.76755,282.66754,282.26755,282.06757,281.96756,281.96756,281.76755,281.56757,281.46756,281.36755,281.56757,281.56757,281.56757,281.46756,281.46756,281.56757,281.66754,281.56757,281.86755,282.16754,282.06757,281.56757,281.66754,282.06757,282.06757,281.76755,281.66754,281.66754,281.76755,281.76755,281.66754,281.66754,281.86755,281.96756,282.16754,281.96756,281.66754,281.66754,281.86755,282.06757,281.96756,281.56757,281.56757,281.86755
282.46756,282.86755,283.26755,283.96756,284.46756,284.06757,283.56757,283.56757,283.46756,283.06757,282.66754,282.76755,282.76755,282.66754,282.46756,282.46756,282.76755,282.56757,282.06757,281.76755,281.76755,281.66754,281.66754,281.56757,281.36755,281.26755,281.26755,281.16754,281.16754,281.06757,281.06757,281.16754,281.26755,281.26755,281.36755,281.46756,281.26755,281.16754,281.16754,281.46756,281.56757,281.46756,281.36755,281.26755,281.26755,281.26755,281.16754,281.16754,281.26755,281.26755,281.26755,280.96756,281.06757,281.36755,281.46756,281.46756,281.26755,281.06757,281.06757,281.16754
281.86755,281.96756,282.56757,283.36755,283.86755,283.76755,283.26755,283.16754,283.06757,282.66754,282.66754,282.46756,282.56757,282.36755,281.96756,281.76755,281.86755,281.76755,281.56757,281.46756,281.46756,281.46756,281.46756,281.56757,281.56757,281.46756,281.16754,281.06757,281.16754,281.06757,281.06757,280.96756,280.96756,280.96756,280.96756,280.96756,280.86755,280.76755,280.76755,280.96756,281.06757,281.06757,281.06757,280.86755,280.86755,280.96756,280.96756,280.96756,281.06757,280.96756,280.86755,280.76755,280.66754,280.66754,280.76755,280.66754,280.66754,280.56757,280.66754,280.66754
280.56757,280.06757,280.46756,281.36755,282.56757,283.16754,283.06757,282.96756,282.76755,282.86755,282.76755,282.46756,282.16754,281.86755,281.56757,281.36755,281.36755,281.36755,281.26755,281.26755,281.36755,281.36755,281.36755,281.36755,281.36755,281.36755,281.26755,281.06757,280.96756,280.96756,280.96756,280.86755,280.86755,280.86755,280.96756,280.96756,280.86755,280.76755,280.66754,280.76755,280.76755,280.76755,280.76755,280.66754,280.66754,280.76755,280.76755,280.86755,280.86755,280.66754,280.56757,280.56757,280.26755,279.96756,279.96756,279.96756,279.96756,279.96756,280.06757,280.06757
279.66754,279.46756,280.06757,280.76755,281.46756,282.26755,282.66754,282.66754,282.46756,282.46756,282.16754,282.16754,282.26755,282.16754,281.96756,281.46756,281.06757,280.66754,280.46756,280.66754,280.96756,281.16754,281.16754,281.06757,280.96756,281.06757,281.16754,281.06757,280.86755,280.56757,280.56757,280.56757,280.66754,280.66754,280.76755,280.76755,280.76755,280.66754,280.66754,280.76755,280.66754,280.66754,280.66754,280.56757,280.56757,280.56757,280.56757,280.56757,280.56757,280.36755,280.06757,279.86755,279.86755,279.76755,279.66754,279.66754,279.66754,279.76755,279.66754,279.56757
279.26755,279.46756,279.96756,280.86755,281.06757,281.46756,281.96756,281.76755,281.06757,280.66754,280.56757,280.86755,281.66754,281.76755,281.46756,280.96756,280.36755,279.86755,279.66754,279.76755,280.06757,280.46756,280.66754,280.76755,280.86755,280.86755,280.86755,280.76755,280.56757,280.46756,280.36755,280.36755,280.36755,280.46756,280.66754,280.66754,280.66754,280.56757,280.46756,280.46756,280.56757,280.56757,280.66754,280.76755,280.76755,280.76755,280.46756,280.26755,280.06757,279.76755,279.66754,279.56757,279.46756,279.46756,279.46756,279.56757,279.56757,279.46756,279.36755,279.26755
279.36755,279.56757,279.86755,280.26755,280.46756,280.66754,281.26755,280.96756,280.36755,279.86755,279.86755,280.16754,280.26755,280.36755,280.16754,279.86755,279.46756,279.16754,278.96756,279.06757,279.36755,279.36755,279.56757,279.76755,279.96756,280.06757,280.16754,280.16754,280.16754,280.16754,280.06757,280.06757,279.96756,279.96756,279.96756,280.16754,280.46756,280.56757,280.56757,280.56757,280.56757,280.66754,280.76755,280.86755,280.86755,280.76755,280.46756,280.06757,279.76755,279.56757,279.56757,279.66754,279.56757,279.46756,279.36755,279.36755,279.26755,279.26755,279.16754,278.86755
279.46756,279.66754,279.76755,279.86755,279.76755,280.06757,280.46756,280.46756,280.06757,279.76755,279.86755,279.66754,279.16754,278.86755,278.96756,278.86755,278.66754,278.56757,278.56757,278.76755,278.86755,278.96756,278.86755,278.76755,278.96756,279.26755,279.36755,279.56757,279.66754,279.76755,279.76755,279.76755,279.66754,279.46756,279.16754,279.26755,279.56757,279.76755,279.76755,279.76755,279.86755,279.96756,280.06757,280.16754,280.36755,280.66754,280.46756,280.06757,279.66754,279.36755,279.36755,279.36755,279.36755,279.26755,279.26755,279.26755,279.16754,279.06757,278.86755,278.66754
279.16754,279.56757,279.66754,279.76755,279.66754,279.76755,279.96756,279.86755,279.76755,279.56757,279.36755,278.96756,278.06757,277.46756,277.66754,278.06757,278.16754,277.96756,278.06757,278.26755,278.26755,278.26755,278.06757,278.16754,278.06757,278.36755,278.66754,278.76755,278.66754,278.76755,278.66754,278.96756,279.06757,278.96756,278.66754,278.56757,278.56757,278.26755,278.26755,278.36755,278.46756,278.76755,278.96756,279.06757,279.16754,279.36755,279.76755,279.96756,279.56757,279.16754,278.86755,278.76755,278.76755,278.76755,278.86755,278.86755,278.76755,278.66754,278.56757,278.46756
279.36755,279.56757,279.86755,280.06757,279.86755,279.56757,279.36755,279.26755,279.16754,279.06757,278.56757,278.06757,277.56757,277.36755,277.66754,277.76755,277.86755,277.76755,277.46756,277.16754,277.06757,276.96756,276.86755,276.96756,277.16754,277.46756,277.46756,277.36755,277.06757,276.96756,276.86755,277.16754,277.46756,277.96756,278.06757,278.06757,278.06757,277.76755,277.46756,277.56757,277.76755,277.96756,277.86755,277.66754,277.56757,277.66754,277.76755,278.26755,278.26755,278.56757,278.66754,278.56757,278.56757,278.66754,278.66754,278.56757,278.26755,278.16754,278.06757,278.16754
279.56757,279.56757,279.46756,279.36755,279.16754,278.96756,278.86755,278.56757,278.36755,278.06757,277.46756,277.36755,277.46756,277.56757,277.56757,277.46756,277.26755,276.96756,276.66754,276.26755,276.26755,276.16754,275.96756,275.96756,275.96756,275.96756,275.76755,275.86755,275.76755,275.16754,275.06757,274.86755,274.66754,275.06757,275.56757,276.46756,277.06757,277.46756,277.36755,277.16754,277.16754,277.16754,277.06757,276.96756,276.56757,276.46756,276.36755,276.26755,276.36755,276.56757,276.96756,277.56757,278.26755,278.56757,278.56757,278.36755,278.26755,278.16754,277.86755,277.76755
279.46756,279.36755,279.06757,278.76755,278.46756,278.36755,278.16754,278.06757,277.96756,277.56757,277.26755,277.26755,277.46756,277.66754,277.46756,276.96756,276.46756,275.96756,275.66754,275.56757,275.46756,275.46756,275.36755,275.26755,274.86755,274.56757,274.26755,274.06757,273.76755,273.56757,273.46756,273.56757,273.56757,273.36755,273.26755,273.56757,274.06757,275.16754,276.26755,276.66754,276.66754,276.56757,276.76755,276.46756,275.86755,275.56757,275.56757,275.46756,275.56757,275.56757,275.76755,276.16754,276.76755,277.16754,277.56757,277.86755,277.76755,277.76755,277.56757,277.56757
278.66754,278.76755,278.46756,278.16754,277.86755,277.76755,277.56757,277.36755,277.06757,276.86755,276.56757,276.36755,276.86755,276.86755,276.66754,276.36755,275.66754,275.06757,274.86755,274.76755,274.86755,274.86755,274.76755,274.46756,274.06757,273.86755,273.46756,273.16754,272.66754,272.36755,272.46756,272.36755,272.56757,272.56757,272.16754,271.96756,272.16754,272.56757,273.26755,274.16754,275.16754,275.06757,275.46756,275.36755,274.76755,274.56757,274.86755,275.06757,275.16754,275.36755,275.66754,275.86755,275.96756,276.06757,276.26755,276.46756,276.56757,276.56757,276.56757,276.46756
278.16754,277.96756,277.56757,277.06757,276.76755,276.56757,276.46756,276.26755,275.96756,275.76755,275.56757,275.36755,275.36755,275.56757,275.46756,275.26755,274.86755,274.06757,274.56757,274.56757,274.56757,274.36755,273.96756,273.46756,273.16754,273.06757,272.76755,272.56757,272.26755,272.06757,271.76755,271.46756,271.26755,271.26755,271.36755,271.46756,271.86755,272.06757,272.36755,272.56757,272.66754,272.76755,272.86755,273.06757,273.26755,273.56757,273.86755,274.16754,274.56757,274.76755,274.96756,275.16754,275.26755,275.36755,275.46756,275.66754,275.56757,275.36755,275.46756,275.46756
277.16754,276.66754,276.06757,275.76755,275.86755,275.66754,275.66754,275.36755,275.26755,275.26755,275.16754,274.86755,274.86755,274.56757,274.56757,274.36755,274.16754,274.06757,274.16754,274.16754,273.96756,273.76755,273.36755,272.96756,272.76755,272.56757,272.16754,271.96756,271.56757,271.46756,271.26755,271.16754,271.16754,271.26755,271.36755,271.46756,271.66754,271.86755,272.06757,272.16754,272.36755,272.46756,272.36755,272.46756,272.56757,272.66754,272.86755,272.96756,273.56757,273.76755,274.16754,274.56757,274.76755,274.76755,274.66754,274.76755,274.66754,274.46756,274.56757,274.66754
275.46756,275.06757,274.76755,274.66754,274.86755,274.86755,274.86755,274.86755,274.86755,274.96756,274.96756,274.76755,274.56757,274.36755,274.26755,274.06757,273.86755,273.76755,273.46756,273.46756,273.16754,272.96756,272.76755,272.66754,272.46756,272.06757,271.66754,270.66754,271.16754,271.16754,268.96756,269.16754,271.16754,271.16754,271.26755,271.36755,271.46756,271.66754,271.86755,271.96756,272.06757,272.16754,272.26755,272.26755,272.26755,272.36755,272.46756,272.56757,272.66754,272.86755,273.06757,273.26755,273.46756,273.76755,273.96756,274.16754,274.16754,274.06757,274.06757,274.26755
274.16754,273.96756,273.76755,273.76755,273.76755,273.86755,273.86755,273.86755,273.96756,274.06757,274.16754,273.96756,273.56757,273.56757,273.26755,273.36755,273.16754,272.96756,272.56757,272.66754,272.46756,272.26755,272.16754,272.06757,271.96756,271.66754,271.56757,270.46756,268.16754,262.06757,261.66754,262.96756,271.16754,271.16754,271.16754,271.16754,271.26755,271.46756,271.66754,271.76755,271.86755,271.86755,271.96756,271.96756,272.06757,272.16754,272.26755,272.36755,271.36755,272.46756,272.56757,272.66754,272.76755,272.86755,273.16754,273.66754,273.86755,273.96756,273.86755,273.96756
273.96756,273.66754,273.46756,273.36755,273.16754,273.06757,272.86755,272.76755,272.76755,272.66754,272.56757,272.36755,271.96756,271.46756,271.96756,271.56757,271.66754,272.06757,272.16754,271.56757,271.36755,270.76755,270.86755,270.76755,270.06757,269.46756,268.56757,266.86755,263.06757,260.36755,257.96756,256.66754,260.36755,264.86755,269.76755,271.16754,271.16754,271.16754,271.26755,271.36755,271.46756,271.56757,271.56757,271.66754,271.76755,271.86755,271.96756,272.06757,272.06757,272.06757,272.16754,272.26755,272.36755,272.66754,272.86755,273.16754,273.36755,273.46756,273.56757,273.56757
272.36755,272.16754,271.26755,272.16754,272.16754,271.66754,271.46756,271.76755,270.76755,271.06757,269.86755,269.56757,270.06757,270.86755,270.56757,270.66754,271.06757,271.46756,271.96756,272.06757,270.86755,270.26755,269.56757,268.06757,266.76755,266.76755,263.76755,261.26755,259.26755,257.16754,256.26755,254.56755,255.26755,255.46756,258.26755,261.26755,266.36755,270.76755,271.16754,271.16754,271.16754,271.16754,271.16754,271.26755,271.46756,271.66754,271.76755,271.86755,271.96756,271.96756,272.06757,272.06757,272.26755,272.36755,272.46756,272.56757,272.66754,272.86755,273.06757,273.16754
268.06757,268.56757,269.66754,268.46756,268.26755,265.46756,267.06757,267.86755,266.36755,264.56757,264.36755,265.86755,266.56757,267.96756,266.56757,268.16754,269.06757,269.56757,268.76755,267.86755,267.16754,265.76755,264.56757,264.36755,262.16754,260.76755,258.86755,257.96756,257.46756,255.26755,254.06755,254.16756,253.06755,252.26755,252.76755,254.16756,253.46756,254.06755,256.46756,261.86755,266.06757,271.16754,271.16754,271.16754,271.16754,271.16754,271.36755,271.46756,271.56757,271.56757,271.56757,271.66754,271.76755,271.86755,271.96756,271.96756,272.16754,272.26755,272.36755,272.56757
263.56757,261.86755,261.46756,262.06757,261.76755,261.96756,262.46756,263.46756,263.06757,262.86755,264.66754,265.66754,265.06757,265.76755,265.66754,265.36755,265.36755,264.26755,263.16754,262.36755,261.76755,261.06757,260.26755,258.76755,257.66754,257.36755,256.76755,256.96756,255.26755,253.26755,252.06755,250.26755,249.26755,249.36755,249.76755,250.46756,252.46756,252.26755,252.86755,252.36755,252.06755,251.96756,256.96756,258.46756,266.16754,271.16754,271.16754,271.16754,271.16754,271.16754,271.16754,271.16754,271.26755,271.26755,271.36755,271.46756,271.46756,271.56757,271.66754,271.06757
