json-data/2022072518.json
{"header": {"discipline":0,"disciplineName":"Meteorological products","gribEdition":2,"gribLength":79280,"center":7,"centerName":"US National Weather Service - NCEP(WMC)","subcenter":0,"refTime":"2022-07-25T18:00:00.000Z","significanceOfRT":1,"significanceOfRTName":"Start of forecast","productStatus":0,"productStatusName":"Operational products","productType":1,"productTypeName":"Forecast products","productDefinitionTemplate":0,"productDefinitionTemplateName":"Analysis/forecast at horizontal level/layer at a point in time","parameterCategory":2,"parameterCategoryName":"Momentum","parameterNumber":2,"parameterNumberName":"U-component_of_wind","parameterUnit":"m.s-1","genProcessType":2,"genProcessTypeName":"Forecast","forecastTime":0,"surface1Type":103,"surface1TypeName":"Specified height level above ground","surface1Value":10.0,"surface2Type":255,"surface2TypeName":"Missing","surface2Value":0.0,"gridDefinitionTemplate":0,"gridDefinitionTemplateName":"Latitude_Longitude","numberPoints":65160,"shape":6,"shapeName":"Earth spherical with radius of 6,371,229.0 m","gridUnits":"degrees","resolution":48,"winds":"true","scanMode":0,"nx":360,"ny":181,"basicAngle":0,"lo1":0.0,"la1":90.0,"lo2":359.0,"la2":-90.0,"dx":1.0,"dy":1.0}, "data":
[rows 52 to 77 of 181, columns 295 to 353 of 360]
6.371637,6.201637,6.541637,6.651637,6.391637,7.121637,7.041637,7.351637,5.541637,4.4916368,4.181637,4.251637,3.911637,3.321637,2.341637,0.54163694,-1.3183631,-2.258363,-2.6283631,-1.908363,-1.038363,-0.14836304,1.3116369,3.011637,3.941637,5.2416368,5.031637,4.581637,4.081637,3.731637,3.781637,3.481637,3.281637,3.6316369,3.721637,3.951637,3.471637,3.821637,3.6316369,3.931637,0.25163695,2.091637,2.911637,2.691637,2.551637,2.3916368,2.511637,2.351637,1.721637,0.761637,-0.08836304,-0.508363,-0.66836303,-0.058363035,0.631637,1.611637,6.791637,5.851637,3.071637
4.551637,5.041637,5.961637,5.251637,5.141637,5.551637,6.141637,6.671637,6.021637,6.161637,6.531637,6.421637,6.161637,5.201637,5.281637,3.151637,0.011636963,-2.258363,-3.998363,-2.338363,-0.38836303,0.741637,2.051637,2.101637,3.411637,3.041637,3.811637,3.6416368,3.161637,2.931637,2.261637,2.541637,1.6916369,1.361637,2.071637,3.041637,2.401637,2.6316369,3.001637,2.671637,2.521637,1.6716369,0.70163697,-0.16836303,-0.59836304,-0.808363,-1.368363,-1.398363,-1.838363,-2.1183631,-2.598363,-2.748363,-2.1183631,-0.998363,-0.23836304,1.911637,2.771637,5.641637,8.521637
3.761637,3.011637,4.301637,4.431637,4.411637,4.031637,4.631637,4.661637,5.391637,5.5116367,6.281637,6.251637,5.621637,4.731637,4.331637,4.7416368,3.181637,2.061637,0.19163696,-0.38836303,-0.43836305,0.36163697,1.3016369,1.731637,1.891637,3.061637,3.711637,2.691637,2.161637,0.65163696,-0.53836304,-0.988363,-0.18836303,0.14163697,0.59163696,0.18163696,0.32163697,0.20163697,-0.018363036,-0.42836303,-1.3083631,-2.078363,-2.188363,-2.6383631,-3.068363,-2.588363,-3.048363,-3.1083632,-2.988363,-3.418363,-3.698363,-3.528363,-3.088363,-2.298363,-0.66836303,1.351637,3.3816369,6.061637,6.101637
2.101637,1.591637,1.5616369,2.221637,2.521637,2.8816369,3.3616369,4.131637,3.961637,4.711637,4.2616367,3.781637,3.791637,3.541637,3.781637,4.981637,5.901637,4.911637,3.441637,2.011637,0.41163695,1.261637,2.3716369,2.8616369,3.481637,3.201637,2.531637,1.511637,0.37163696,-1.378363,-2.448363,-1.598363,-1.9283631,-2.308363,-2.648363,-2.3783631,-2.778363,-3.208363,-3.6083632,-3.838363,-3.948363,-4.128363,-3.338363,-3.168363,-2.788363,-3.688363,-4.108363,-4.138363,-4.468363,-4.338363,-4.578363,-4.048363,-4.058363,-2.958363,-1.148363,0.751637,1.731637,3.341637,3.511637
0.86163694,0.79163694,0.741637,0.32163697,0.45163697,0.73163694,0.95163697,2.041637,2.351637,2.681637,3.721637,3.511637,2.8616369,3.001637,3.3716369,3.831637,4.061637,4.061637,3.571637,2.311637,1.881637,2.581637,3.101637,2.771637,3.511637,2.651637,1.121637,0.121636964,-2.428363,-2.6183631,-2.668363,-3.6383631,-3.328363,-4.638363,-4.458363,-4.198363,-4.198363,-4.658363,-4.748363,-4.768363,-4.388363,-4.468363,-3.8783631,-3.278363,-3.188363,-3.518363,-4.5083632,-4.938363,-4.868363,-5.278363,-4.618363,-3.8583632,-4.358363,-3.668363,-2.158363,-0.758363,0.98163694,1.131637,0.78163695
-1.488363,-1.018363,-0.95836306,-0.90836304,-1.748363,-1.598363,-0.76836306,-0.72836304,0.58163697,0.40163696,1.651637,2.581637,3.241637,2.6316369,2.581637,2.721637,2.801637,2.331637,1.9216369,1.161637,2.581637,2.091637,1.771637,3.791637,2.451637,1.131637,-0.46836305,-2.088363,-2.568363,-3.498363,-4.028363,-4.678363,-5.2383633,-4.728363,-4.048363,-4.088363,-4.608363,-4.408363,-4.538363,-4.838363,-5.128363,-4.328363,-4.208363,-2.6383631,-1.6983631,-2.948363,-5.408363,-5.668363,-5.868363,-4.228363,-4.698363,-4.748363,-4.018363,-3.708363,-3.238363,-1.988363,-2.3883631,-3.3683631,-0.21836303
-2.768363,-2.688363,-2.848363,-2.6083632,-2.538363,-2.958363,-2.758363,-2.018363,-1.468363,-1.3183631,-0.70836306,0.20163697,1.031637,1.5616369,1.651637,1.241637,0.681637,1.381637,1.501637,0.631637,0.931637,2.041637,2.691637,1.531637,0.21163696,-0.808363,-1.398363,-2.738363,-2.918363,-3.778363,-4.808363,-5.088363,-5.058363,-5.5083632,-4.678363,-4.418363,-4.298363,-4.898363,-4.578363,-4.958363,-4.468363,-4.228363,-3.208363,-4.118363,-1.4483631,-3.028363,-4.328363,0.0016369629,-7.608363,-4.198363,-4.628363,-5.218363,-3.788363,-3.798363,-3.178363,-2.958363,-3.828363,1.771637,1.221637
-2.818363,-4.328363,-4.298363,-3.758363,-4.138363,-4.138363,-3.318363,-3.148363,-3.6083632,-3.218363,-2.778363,-2.058363,-1.758363,-1.158363,-1.288363,-1.388363,-1.158363,-0.95836306,-0.508363,1.091637,1.901637,1.021637,0.16163696,-0.568363,-2.6383631,-2.688363,-3.328363,-3.348363,-4.348363,-4.778363,-3.8883631,-4.978363,-5.048363,-5.228363,-4.878363,-5.638363,-4.898363,-4.768363,-4.4883633,-4.408363,-4.428363,-4.7583632,-4.178363,-3.078363,-5.308363,-2.408363,-2.458363,-4.388363,-5.978363,-5.528363,-3.838363,-4.708363,-3.508363,-4.7383633,-2.218363,1.1916369,-0.63836306,2.011637,-12.278363
-3.6183631,-4.748363,-5.5083632,-4.668363,-4.378363,-4.648363,-4.058363,-3.768363,-3.428363,-2.738363,-1.5483631,-3.328363,-3.718363,-3.508363,-3.038363,-3.038363,-2.6083632,-1.788363,-0.57836306,-0.618363,-1.4283631,-1.458363,-1.9283631,-2.8683631,-3.538363,-2.8883631,-4.718363,-4.898363,-5.858363,-5.678363,-5.288363,-4.908363,-5.418363,-5.828363,-6.028363,-5.588363,-5.748363,-5.358363,-5.038363,-5.688363,-4.198363,-3.218363,-5.188363,-2.148363,-5.178363,-2.8683631,-4.698363,-4.958363,-4.538363,-6.128363,-3.728363,-3.8783631,-2.538363,-3.788363,-0.79836303,0.821637,4.971637,-6.408363,5.341637
-4.718363,-4.4883633,-4.518363,-5.528363,-5.438363,-5.048363,-4.948363,-4.778363,-4.618363,-3.8783631,-2.808363,-3.738363,-3.8783631,-3.758363,-2.528363,-2.3583632,-2.1083632,-2.018363,-3.008363,-2.988363,-2.998363,-3.148363,-3.308363,-3.258363,-5.7583632,-4.418363,-5.378363,-5.398363,-4.498363,-5.688363,-3.918363,-4.888363,-5.788363,-5.768363,-6.038363,-5.528363,-5.648363,-5.538363,-5.778363,-5.448363,-3.3783631,-5.118363,-6.538363,-2.278363,-3.988363,-3.448363,-4.7583632,-6.598363,-3.228363,-3.398363,-2.928363,-3.768363,-1.2983631,-1.6883631,-3.528363,3.181637,2.941637,2.421637,4.051637
-3.928363,-5.368363,-4.878363,-5.0083632,-4.058363,-3.508363,-4.798363,-5.368363,-5.568363,-5.448363,-4.608363,-4.698363,-5.378363,-4.608363,-4.138363,-4.128363,-4.068363,-3.738363,-4.098363,-3.928363,-4.878363,-4.7583632,-5.658363,-5.068363,-5.4883633,-6.108363,-6.038363,-6.628363,-5.888363,-5.848363,-5.0083632,-5.328363,-6.538363,-6.798363,-6.818363,-5.9883633,-5.548363,-5.998363,-6.108363,-4.118363,-3.458363,-3.6183631,-6.278363,-2.798363,-3.338363,-3.798363,-2.978363,-6.548363,3.351637,-3.528363,2.161637,0.39163697,-2.3583632,-2.428363,1.761637,-1.908363,0.681637,0.11163697,-0.49836305
-5.588363,-4.708363,-4.778363,-5.878363,-5.208363,-5.368363,-5.2583632,-5.588363,-6.388363,-6.158363,-6.678363,-4.878363,-5.968363,-4.468363,-5.918363,-5.018363,-4.498363,-4.938363,-4.958363,-4.478363,-5.288363,-5.218363,-5.678363,-7.088363,-5.538363,-5.918363,-5.898363,-5.998363,-5.358363,-5.598363,-5.228363,-5.778363,-6.578363,-6.838363,-7.0083632,-6.828363,-6.188363,-6.138363,-4.798363,-5.298363,-3.708363,-4.428363,-4.018363,-4.268363,-3.428363,-2.348363,0.40163696,1.211637,-1.458363,-0.91836303,-1.1983631,-2.598363,-1.538363,-3.098363,-5.118363,-5.598363,-5.278363,-5.2583632,-2.348363
-5.748363,-6.838363,-5.518363,-5.858363,-4.998363,-4.808363,-6.188363,-6.208363,-6.398363,-5.468363,-6.808363,-7.368363,-6.658363,-6.398363,-5.868363,-5.678363,-5.098363,-5.208363,-6.268363,-4.848363,-4.328363,-4.828363,-4.618363,-5.588363,-5.908363,-6.468363,-7.538363,-6.208363,-6.328363,-5.818363,-5.458363,-6.178363,-6.208363,-5.958363,-6.578363,-6.878363,-6.458363,-6.418363,-5.088363,-5.358363,-5.208363,-4.458363,-3.088363,-3.598363,-2.448363,-1.838363,0.011636963,-0.60836303,-2.508363,-0.51836306,-3.488363,-1.6883631,-6.588363,-8.838363,-7.638363,-8.388363,-6.468363,-6.668363,-5.268363
-7.428363,-7.148363,-6.678363,-6.828363,-6.288363,-5.088363,-5.448363,-5.968363,-6.048363,-6.438363,-6.158363,-6.528363,-7.248363,-7.808363,-6.528363,-6.468363,-6.058363,-5.328363,-6.328363,-6.818363,-6.108363,-6.048363,-6.198363,-6.718363,-6.648363,-6.318363,-7.068363,-5.658363,-6.618363,-5.548363,-7.298363,-6.0083632,-6.388363,-5.908363,-6.268363,-7.338363,-6.528363,-6.568363,-6.168363,-6.808363,-5.348363,-4.2583632,-2.688363,-3.1183631,-2.008363,-0.89836305,-0.57836306,-0.868363,-1.838363,-1.5783631,1.591637,-8.538363,-7.468363,-7.308363,-6.858363,-5.428363,-7.768363,-6.828363,-5.708363
-7.388363,-7.648363,-7.968363,-7.378363,-7.728363,-6.5083632,-6.308363,-5.498363,-6.298363,-7.028363,-6.778363,-6.558363,-6.688363,-6.348363,-6.618363,-6.298363,-6.568363,-6.748363,-5.548363,-6.568363,-6.0083632,-6.718363,-6.998363,-5.948363,-6.718363,-6.478363,-5.808363,-6.448363,-5.168363,-5.698363,-7.218363,-6.088363,-6.308363,-5.368363,-5.958363,-7.028363,-6.768363,-6.658363,-6.828363,-7.018363,-5.528363,-4.128363,-1.908363,-1.838363,-1.1983631,-0.64836305,1.231637,1.641637,0.72163695,-0.53836304,-1.1983631,-9.668363,-7.108363,-4.788363,-5.928363,-5.178363,-3.808363,-4.168363,-3.3883631
-7.438363,-7.608363,-7.708363,-8.048363,-7.038363,-7.638363,-6.828363,-6.388363,-7.448363,-7.428363,-6.638363,-6.728363,-6.118363,-7.548363,-6.328363,-6.628363,-5.978363,-6.9883633,-5.558363,-7.048363,-7.058363,-6.528363,-6.268363,-6.628363,-6.098363,-6.2383633,-6.318363,-5.138363,-6.098363,-6.588363,-6.068363,-6.608363,-5.968363,-5.2583632,-6.868363,-7.278363,-6.888363,-7.158363,-7.058363,-6.428363,-5.568363,-3.758363,-1.358363,-0.96836305,-0.97836304,-0.08836304,0.24163696,3.341637,-0.13836303,0.53163695,-5.7383633,-8.038363,-8.988363,-5.148363,-5.438363,-5.818363,-6.2583632,-4.878363,0.20163697
-7.378363,-7.048363,-8.148363,-7.808363,-7.918363,-8.018363,-7.868363,-8.638363,-7.268363,-7.938363,-7.068363,-7.138363,-6.958363,-7.288363,-5.7583632,-6.708363,-5.958363,-7.108363,-7.458363,-7.648363,-7.158363,-6.288363,-6.2383633,-7.118363,-6.628363,-6.128363,-4.928363,-6.188363,-6.618363,-6.718363,-6.018363,-6.268363,-5.538363,-5.358363,-7.388363,-7.118363,-7.288363,-7.178363,-6.728363,-6.078363,-5.578363,-2.778363,-0.46836305,-0.59836304,0.17163697,-0.048363037,0.65163696,2.581637,0.89163697,3.8616369,-12.618363,-7.688363,-8.208363,-7.598363,-7.598363,-6.328363,-5.968363,-5.168363,-3.488363
-8.398363,-7.878363,-8.538363,-8.028363,-7.278363,-8.048363,-7.808363,-8.438363,-7.928363,-7.398363,-7.568363,-7.178363,-6.798363,-6.318363,-6.248363,-6.9883633,-7.438363,-6.938363,-7.538363,-7.098363,-7.248363,-7.098363,-6.048363,-7.618363,-5.898363,-4.958363,-6.298363,-6.128363,-6.278363,-6.068363,-5.358363,-5.608363,-5.668363,-5.928363,-7.618363,-7.828363,-7.648363,-6.868363,-6.118363,-4.788363,-5.048363,-2.188363,-0.76836306,0.0016369629,0.13163696,1.481637,1.781637,2.181637,4.601637,-5.538363,-4.5083632,-6.5083632,-5.778363,-4.908363,-4.348363,-5.628363,-6.288363,-5.308363,-3.588363
-8.9983635,-9.008363,-8.148363,-7.228363,-7.268363,-7.2583632,-8.048363,-7.608363,-7.938363,-7.908363,-8.018363,-7.328363,-7.188363,-6.338363,-6.688363,-6.128363,-7.798363,-7.458363,-7.148363,-6.878363,-6.768363,-6.838363,-6.918363,-5.358363,-5.688363,-6.058363,-5.908363,-5.378363,-5.998363,-5.548363,-5.348363,-5.718363,-5.2583632,-6.088363,-7.888363,-7.7383633,-8.798363,-7.148363,-6.208363,-4.548363,-4.278363,-2.008363,-0.66836303,-1.098363,1.5516369,2.551637,2.221637,2.051637,5.651637,5.711637,-6.648363,-5.478363,-4.138363,-1.6983631,-4.598363,-5.718363,-6.418363,-5.068363,-3.1283631
-8.9983635,-8.388363,-8.958363,-9.038363,-7.648363,-8.378363,-8.218363,-7.4883633,-7.298363,-8.208363,-7.908363,-8.118363,-7.868363,-7.168363,-8.018363,-6.978363,-7.2583632,-7.648363,-7.678363,-6.768363,-6.848363,-5.9883633,-5.038363,-5.628363,-6.418363,-5.788363,-5.028363,-5.068363,-5.858363,-4.748363,-5.248363,-5.468363,-5.498363,-5.608363,-6.088363,-6.408363,-6.058363,-7.668363,-5.7583632,-4.268363,-3.508363,-3.398363,-1.1883631,0.19163696,1.291637,2.221637,3.591637,3.401637,3.091637,4.661637,-5.858363,-3.208363,-3.408363,0.65163696,-5.528363,-4.688363,-6.558363,-6.078363,-3.318363
-9.188363,-9.028363,-8.688363,-8.458363,-7.678363,-7.648363,-8.178363,-7.728363,-7.438363,-7.178363,-8.778363,-7.9883633,-7.628363,-7.2383633,-7.548363,-7.918363,-7.308363,-7.328363,-6.818363,-6.608363,-5.518363,-5.298363,-5.248363,-5.698363,-6.208363,-4.628363,-5.068363,-4.968363,-5.808363,-5.048363,-4.648363,-5.708363,-4.918363,-5.068363,-4.868363,-4.608363,-3.688363,-4.718363,-5.7383633,-5.218363,-3.848363,-3.688363,-2.268363,1.4216369,2.261637,2.941637,2.991637,5.021637,4.731637,5.591637,-1.5483631,-1.7983631,-3.278363,-7.178363,-1.228363,-2.838363,-2.558363,-5.468363,-4.378363
-9.348363,-9.048363,-8.368363,-9.468363,-7.438363,-7.268363,-7.718363,-7.568363,-7.568363,-7.948363,-8.098363,-7.498363,-7.348363,-7.148363,-7.408363,-7.648363,-7.568363,-6.638363,-5.968363,-5.298363,-5.348363,-5.678363,-4.218363,-5.158363,-3.768363,-4.898363,-4.938363,-4.578363,-5.198363,-4.4883633,-4.068363,-4.548363,-5.468363,-5.2583632,-5.278363,-4.978363,-4.108363,-3.908363,-4.448363,-3.468363,-3.998363,-4.108363,-2.3783631,-0.678363,2.191637,3.401637,5.131637,5.941637,6.5116367,5.611637,5.631637,1.541637,-2.258363,-2.348363,-1.118363,0.811637,-4.918363,-3.308363,-3.688363
-9.738363,-9.918363,-7.908363,-6.698363,-7.908363,-6.938363,-7.568363,-7.448363,-7.378363,-7.218363,-7.788363,-7.748363,-7.228363,-6.868363,-7.058363,-6.9883633,-6.438363,-6.388363,-6.368363,-5.938363,-5.588363,-4.918363,-4.828363,-4.108363,-2.568363,-4.0083632,-4.168363,-4.518363,-3.8783631,-4.918363,-2.978363,-5.198363,-5.7583632,-5.378363,-5.278363,-4.528363,-4.548363,-4.148363,-2.248363,-3.928363,-4.828363,-2.558363,-0.72836304,-1.288363,0.77163696,1.9416369,3.741637,5.361637,5.641637,5.831637,4.151637,-0.97836304,-2.268363,0.32163697,-1.2983631,-0.628363,1.391637,-4.088363,-3.798363
-6.618363,-8.388363,-8.418363,-9.298363,-7.478363,-6.398363,-6.288363,-6.838363,-6.868363,-6.658363,-7.028363,-7.368363,-7.708363,-7.528363,-7.168363,-6.598363,-6.968363,-7.078363,-6.388363,-5.678363,-5.708363,-5.588363,-5.168363,-3.528363,-2.788363,-2.988363,-2.8883631,-3.6083632,-3.798363,-2.438363,-4.038363,-4.748363,-5.378363,-5.228363,-4.218363,-4.108363,-4.018363,1.961637,0.041636962,1.001637,0.021636963,-0.59836304,0.39163697,-0.43836305,0.59163696,1.031637,1.651637,2.651637,3.511637,4.301637,0.21163696,0.35163698,-0.34836304,-2.688363,-0.18836303,-0.79836303,-1.228363,-3.538363,0.44163695
-4.178363,-4.498363,-7.078363,-7.268363,-6.7583632,-7.548363,-7.088363,-6.438363,-6.0083632,-5.678363,-6.208363,-6.798363,-6.998363,-6.128363,-6.528363,-6.828363,-6.198363,-6.978363,-6.188363,-5.498363,-5.578363,-4.838363,-4.528363,-3.348363,-3.1083632,-2.758363,-2.8583632,-2.8583632,-3.488363,-3.038363,-3.6383631,-3.048363,-3.948363,-3.3683631,-3.568363,-2.248363,-1.1883631,3.3616369,2.101637,2.1316369,3.461637,2.301637,-0.83836305,-1.508363,-1.158363,-0.71836305,0.37163696,1.041637,3.491637,0.36163697,-0.85836303,-2.728363,-0.24836303,-0.14836304,-1.768363,-1.778363,-1.288363,-0.89836305,-0.96836305
-4.698363,-3.6083632,-3.478363,-5.2383633,-5.418363,-5.808363,-6.668363,-6.248363,-5.348363,-5.9883633,-6.7383633,-7.378363,-6.558363,-5.798363,-5.7383633,-6.288363,-6.748363,-6.418363,-6.148363,-5.748363,-5.618363,-4.718363,-3.308363,-3.898363,-2.998363,-2.938363,-3.228363,-2.808363,-2.258363,-2.328363,-2.848363,-1.488363,-1.4383631,-0.97836304,-0.57836306,-2.028363,0.031636965,3.931637,2.691637,4.441637,5.001637,2.031637,-0.70836306,-2.788363,-4.388363,-2.798363,-1.768363,-1.0783631,2.1416368,0.29163697,-0.52836305,-0.84836304,0.59163696,1.501637,-0.89836305,-0.72836304,-0.748363,-0.82836306,0.09163696
