json-data/2022072200.json
{"header": {"discipline":0,"disciplineName":"Meteorological products","gribEdition":2,"gribLength":79213,"center":7,"centerName":"US National Weather Service - NCEP(WMC)","subcenter":0,"refTime":"2022-07-22T00:00:00.000Z","significanceOfRT":1,"significanceOfRTName":"Start of forecast","productStatus":0,"productStatusName":"Operational products","productType":1,"productTypeName":"Forecast products","productDefinitionTemplate":0,"productDefinitionTemplateName":"Analysis/forecast at horizontal level/layer at a point in time","parameterCategory":2,"parameterCategoryName":"Momentum","parameterNumber":2,"parameterNumberName":"U-component_of_wind","parameterUnit":"m.s-1","genProcessType":2,"genProcessTypeName":"Forecast","forecastTime":0,"surface1Type":103,"surface1TypeName":"Specified height level above ground","surface1Value":10.0,"surface2Type":255,"surface2TypeName":"Missing","surface2Value":0.0,"gridDefinitionTemplate":0,"gridDefinitionTemplateName":"Latitude_Longitude","numberPoints":65160,"shape":6,"shapeName":"Earth spherical with radius of 6,371,229.0 m","gridUnits":"degrees","resolution":48,"winds":"true","scanMode":0,"nx":360,"ny":181,"basicAngle":0,"lo1":0.0,"la1":90.0,"lo2":359.0,"la2":-90.0,"dx":1.0,"dy":1.0}, "data":
[rows 78 to 103 of 181, columns 57 to 113 of 360]
6.073074,5.9830737,6.613074,7.173074,8.093074,7.973074,7.7130737,8.273074,8.603074,8.763074,8.393074,7.863074,7.823074,8.143074,8.493073,8.713074,8.893074,5.973074,3.3130736,1.4730737,1.7230737,0.44307372,0.7230737,4.133074,6.4130735,5.0230737,5.7930737,4.993074,4.2730737,4.5430737,4.903074,3.9330738,3.3130736,3.9530737,3.3030736,3.2030737,2.4230738,5.343074,4.6030736,4.053074,2.5430737,1.5730737,-0.28692627,2.2730737,2.5030737,1.5830737,0.22307374,-0.40692627,-0.74692625,-0.56692624,0.27307373,-0.62692624,0.05307373,-0.28692627,-1.5169263,-0.7169263,-0.53692627
5.8530736,6.2330737,6.593074,7.0830736,7.3530736,7.9630737,7.8130736,8.133074,8.373074,8.483074,8.413074,7.8330736,8.243073,8.083074,8.353074,8.523074,8.693073,8.043074,5.3530736,1.0030737,2.8930738,3.3330736,3.2730737,3.7430737,5.1630735,4.8930736,5.5630736,5.153074,4.5430737,4.9630737,5.4830737,4.073074,5.2730737,5.3530736,5.0630736,3.8030736,3.0730736,3.6530738,3.4830737,4.053074,3.0730736,3.8930738,0.21307373,4.513074,2.6130738,1.4830737,-2.1669264,-0.56692624,-0.78692627,0.12307373,0.7330737,0.20307373,-1.0169263,-0.39692628,-1.6669263,-0.56692624,-0.6369263
5.883074,6.323074,6.473074,6.5830736,7.5630736,7.673074,7.7730737,7.743074,8.153073,7.8130736,7.593074,7.8930736,7.763074,7.5630736,8.143074,8.163074,8.063074,8.103074,7.053074,3.7930737,0.9930737,0.8630737,0.19307373,2.0030737,4.723074,5.113074,4.6830735,3.6730738,4.4430737,5.2530737,6.1030736,5.4630737,5.473074,6.0630736,5.843074,5.743074,5.993074,4.8930736,4.593074,5.0430737,4.9630737,1.9630737,0.45307374,2.6330738,-1.0569263,-2.1569262,-1.5669262,-2.5669262,-2.0469263,0.51307374,2.2430737,2.4730737,0.8630737,-0.5869263,-1.4069263,-0.5269263,-0.37692627
6.593074,6.763074,6.4330735,6.6630735,7.653074,7.363074,7.383074,7.303074,7.5430737,7.0030737,6.5030737,7.1230736,6.923074,7.5630736,7.173074,7.4830737,7.593074,7.5630736,7.883074,4.5630736,1.0030737,2.9930737,-0.08692627,0.44307372,4.4630737,7.7530737,4.4330735,4.4430737,5.3330736,6.5830736,7.653074,7.1930737,5.863074,5.423074,6.093074,6.1430736,7.1930737,6.5430737,5.573074,5.5230737,6.053074,0.5930737,0.95307374,-0.5969263,-3.1169262,-3.1069262,-3.6869264,-2.6169262,-0.7169263,0.7930737,0.89307374,0.19307373,0.77307373,-0.25692627,-1.7769263,-0.39692628,-0.9069263
7.6630735,7.7730737,7.2530737,6.9530735,7.013074,7.0630736,6.5230737,6.2930737,6.303074,5.633074,4.723074,5.9430737,6.593074,7.263074,6.743074,6.903074,6.9630737,7.3930736,8.313074,6.783074,5.923074,9.4530735,6.9130735,2.3430738,3.5930738,2.2930737,4.093074,6.173074,7.513074,8.093074,7.903074,8.083074,7.783074,7.2030735,7.513074,7.1430736,7.7130737,6.973074,4.613074,5.7130737,5.613074,2.5230737,-0.5069263,0.6630737,-3.7069263,-4.596926,-4.7269263,-3.4669263,-1.9869263,-0.67692626,-0.01692627,0.08307373,0.45307374,-0.54692626,-0.68692625,-0.35692626,-0.91692626
7.383074,7.593074,7.283074,7.053074,7.1830735,6.473074,6.173074,4.3330736,4.993074,4.743074,4.4430737,5.1230736,5.9130735,7.093074,6.5230737,6.2730737,6.823074,7.6230736,8.403073,7.403074,7.093074,8.063074,8.083074,0.96307373,1.7230737,4.9630737,8.823073,8.503074,8.713074,8.643074,8.343074,8.123074,8.163074,7.343074,8.443073,6.3330736,7.093074,4.6630735,4.363074,5.8130736,4.7930737,2.5830736,0.68307376,-0.67692626,-1.0569263,-1.8369262,-3.6069262,-3.5369263,-1.9669262,-1.5269263,-1.1169263,-0.98692626,-0.41692626,-0.11692627,0.34307373,-0.87692624,-1.0769262
6.423074,7.243074,6.8130736,7.1830735,6.4630737,5.823074,4.473074,3.9730737,4.0030737,3.0030737,3.8030736,4.993074,7.013074,6.783074,6.8330736,6.3530736,6.133074,6.6230736,9.353074,8.763074,8.4530735,8.993073,8.633074,8.083074,8.403073,10.883074,10.533073,9.413074,9.063074,10.163074,9.223074,8.853074,8.313074,7.2030735,6.8330736,6.493074,6.923074,4.1630735,4.3330736,5.3530736,-0.6569263,-0.61692625,-1.5469263,-3.5969262,-0.9469263,0.16307373,-2.6469262,-2.9169264,-1.1769263,-1.3669263,-1.8069263,-1.1169263,-1.4369262,-0.68692625,-0.26692626,-1.0369263,-1.6469263
6.2130737,6.3330736,6.9830737,5.9530735,5.4830737,4.403074,3.7830737,3.9630737,2.9230738,2.4130738,-0.9069263,4.1430736,6.473074,7.3330736,8.003074,6.803074,5.8530736,6.5230737,7.1430736,10.213074,10.643074,10.853074,9.753074,9.183074,9.753074,9.743073,9.693073,10.133074,9.973074,10.423074,9.863073,8.7030735,8.273074,7.573074,7.013074,7.223074,6.0630736,5.0030737,1.5530738,-0.26692626,0.71307373,1.1730738,-0.79692626,-0.9569263,-0.22692627,0.06307373,0.37307373,-0.87692624,-0.07692627,-0.21692628,-0.32692626,-1.6669263,-2.4469264,-1.4269263,-1.1569263,-1.3869263,-1.8369262
5.4530735,4.993074,5.3530736,5.113074,3.4130738,3.5230737,3.2630737,3.0530736,3.4530737,2.7030737,-0.53692627,-0.87692624,3.4930737,7.6630735,8.533073,7.3130736,7.033074,5.9530735,5.1830735,9.423074,10.813074,10.973074,10.433074,10.103074,8.313074,9.063074,9.623074,10.223074,10.153073,10.613073,10.233074,9.523074,8.473074,8.193073,6.9830737,6.593074,4.1830735,3.1430738,1.9530737,-0.20692627,-1.7169262,1.3630737,2.8930738,0.04307373,-0.5869263,0.08307373,0.023073731,-0.19692627,0.04307373,-0.39692628,-1.0069263,-2.0469263,-2.4269264,-1.4669262,-1.6969262,-1.2669263,-3.1469262
4.5030737,4.493074,4.3130736,3.1830738,2.5330737,1.7730737,1.5430738,2.1930737,3.1430738,1.5430738,-1.1069263,-0.46692628,1.3530737,7.2730737,9.753074,7.2030735,6.263074,6.3130736,6.3930736,6.223074,8.183074,9.533073,9.293074,8.983074,7.763074,8.583074,9.843074,10.173074,10.883074,10.753074,9.873074,8.843074,8.393074,7.8530736,6.423074,5.6030736,3.8830738,2.7530737,2.8330736,2.1930737,0.14307374,-0.80692625,0.9030737,2.5630736,-2.8969262,-1.1269263,-0.36692628,-1.9369262,0.19307373,-0.24692626,-1.8569263,-1.8769263,-2.3769262,-3.0569263,-2.4469264,-2.0969262,-0.7569263
2.4730737,1.5530738,0.6130737,-0.0069262697,-0.33692628,-1.1069263,-1.8569263,-1.1969262,0.17307372,2.3830738,-2.4269264,-1.8469262,-0.6369263,3.3930738,4.493074,8.683074,6.1930737,5.533074,5.2030735,6.7530737,6.153074,8.093074,8.783073,9.163074,8.793074,8.653073,8.553074,10.763074,10.473074,9.843074,8.763074,7.2330737,6.6930737,5.243074,2.9130738,2.5830736,2.3330736,2.2830737,1.6330737,-0.86692625,0.82307374,-0.12692627,-0.78692627,0.12307373,-0.61692625,-4.3169265,-0.74692625,0.16307373,-0.74692625,-1.3969263,-2.4169264,-1.8969263,-5.136926,-4.3069263,-5.2069263,-0.46692628,-0.62692624
-0.60692626,-0.67692626,-1.3269262,-1.9269263,-2.8469262,-2.7469263,-2.5269263,-0.7569263,-0.27692628,0.32307374,1.6830738,3.0030737,3.1230738,1.8130738,5.363074,7.843074,5.883074,5.613074,5.823074,4.8530736,5.9630737,6.7530737,6.9130735,7.573074,8.2030735,8.983074,10.443073,8.573073,9.993073,8.713074,6.6830735,4.4830737,2.2930737,1.4530737,0.03307373,-2.6169262,-1.6069263,-2.1669264,-2.6269262,-1.0669262,-0.8269263,2.0830736,-1.3669263,0.27307373,-0.41692626,-0.46692628,-1.3469262,-1.4469262,-1.3469262,-0.74692625,-1.4069263,-3.4469264,-2.1969264,-0.5069263,-1.0969262,-1.0769262,-0.44692627
-0.97692627,-1.0869262,-2.6569262,-2.4669263,-3.1169262,-4.026926,-2.5169263,-1.9869263,-3.1669264,-2.8469262,-2.2669263,-1.4769263,7.3530736,6.323074,6.653074,6.7730737,4.8730736,4.723074,4.423074,3.2030737,5.8930736,8.273074,7.5230737,7.653074,8.683074,9.103074,9.193073,8.143074,7.8530736,7.723074,4.973074,1.2530737,-1.4069263,-2.7269263,-4.8569264,-4.486926,-3.7069263,-2.7769263,-2.2569263,-1.5869262,-2.0769262,-1.6369263,-1.3469262,-1.0269263,-0.08692627,-0.60692626,-0.29692626,-0.54692626,-1.4169263,-3.4969263,-2.3669262,-2.1769264,-4.1469264,-0.60692626,-1.1869262,-0.7169263,-0.01692627
-1.4769263,-2.0069263,-2.8269262,-3.6769264,-4.386926,-4.846926,-3.9069262,-3.2669263,-4.716926,-4.2669263,-6.7669263,-4.5469265,-1.4769263,3.6430738,7.653074,4.323074,1.6130737,5.153074,1.1430737,2.4630737,5.9830737,8.933074,7.2030735,5.6630735,6.573074,7.8930736,8.163074,6.743074,6.053074,3.7230737,1.7530737,-0.37692627,-2.3569262,-4.3169265,-5.9769263,-6.426926,-5.776926,-4.116926,-3.7869263,-3.1269262,-2.9269264,-2.3269262,-0.54692626,-0.9569263,0.25307372,-0.5069263,-0.19692627,-0.09692627,-3.5769262,-4.9169264,-3.5869262,-3.2869263,1.8130738,-0.7169263,-0.72692627,-0.27692628,-0.04692627
-2.7969263,-3.2069263,-4.006926,-5.1669264,-3.9569263,-4.6469264,-4.9769263,-4.886926,-4.4969263,-5.0869265,-6.656926,0.03307373,-1.6369263,0.5330737,3.7530737,-1.9569262,0.48307374,1.2330737,-0.5769263,3.4230738,4.0830736,1.8130738,2.8130736,4.033074,5.073074,4.533074,2.8330736,1.6030737,1.1630738,0.22307374,-0.27692628,-2.5069263,-4.3569264,-6.2069263,-6.386926,-6.0869265,-5.6669264,-4.736926,-4.006926,-3.0369263,-2.2169263,-2.2169263,-0.6469263,-1.5269263,-1.3569263,0.01307373,-0.07692627,-0.37692627,-3.3769262,-0.44692627,-5.136926,-5.076926,-3.9569263,-3.9969263,-0.68692625,-0.26692626,-0.56692624
-3.5669262,-4.096926,-4.636926,-5.756926,-5.846926,-5.216926,-4.7869263,-4.716926,-5.756926,-4.5369263,-2.5869262,-4.576926,-6.446926,-6.576926,-5.5669265,-3.0969262,-2.2369263,-3.2169263,-1.8469262,-1.7369263,-1.9669262,-1.5769262,-0.66692626,1.0230737,0.38307372,0.30307373,0.01307373,-0.7069263,0.12307373,-0.44692627,-4.156926,-6.8069263,-7.236926,-7.0369263,-6.9769263,-6.9169264,-6.7869263,-5.2269263,-3.3969262,-3.5869262,-3.2869263,-3.2469263,-2.7169263,-3.4369264,-2.7669263,-1.0969262,-0.41692626,-0.38692626,-0.29692626,-2.2169263,-5.6469264,-1.4269263,-6.2269263,-6.3769264,-1.9769263,-1.2269263,-1.3869263
-4.366926,-4.906926,-5.3069263,-5.4969263,-4.866926,-5.2269263,-4.8769264,-4.886926,-4.636926,-5.696926,-5.0569263,-5.096926,-6.0669265,-6.5369263,-6.0169263,-5.366926,-5.326926,-4.676926,-4.406926,-3.7969263,-3.2869263,-3.6269262,-2.8869262,-1.2469263,-1.2869263,-0.22692627,-0.9069263,-0.5869263,-1.1369263,-4.6469264,-7.386926,-7.196926,-7.7469263,-7.176926,-7.8769264,-9.326926,-9.076926,-8.126926,-6.576926,-7.8569264,-7.7669263,-7.3069263,-6.466926,-6.4169264,-7.506926,-6.6269264,-0.79692626,-0.01692627,-0.39692628,-3.5969262,-6.406926,-6.326926,-6.7469263,-6.8069263,-7.0169263,-6.2969265,-6.1669264
-5.196926,-6.8569264,-5.9369264,-5.966926,-6.026926,-5.946926,-5.0169263,-5.386926,-5.4569263,-6.176926,-5.9769263,-6.2069263,-6.3169265,-6.5869265,-5.9769263,-6.636926,-6.006926,-5.7069263,-5.5569263,-5.0669265,-4.4769263,-4.426926,-3.8669262,-2.9469264,-1.7669263,-1.0669262,-0.8269263,-1.5969262,-3.0069263,-7.9569263,-8.146926,-8.476926,-8.246926,-8.286926,-8.976926,-10.896926,-10.746926,-7.8969264,-9.246926,-8.896926,-9.516926,-8.786926,-8.916926,-8.666926,-8.406926,-7.3569264,-7.006926,-0.67692626,0.46307373,-3.8169262,-7.116926,-6.966926,-8.556927,-7.136926,-7.7069263,-7.7869263,-6.8369265
-6.136926,-6.1869264,-6.6269264,-6.2069263,-6.846926,-6.656926,-5.9969263,-6.736926,-6.7069263,-6.7269263,-6.6669264,-6.576926,-7.1469264,-6.8769264,-6.7469263,-7.006926,-7.0869265,-7.006926,-6.716926,-5.446926,-5.6269264,-5.3169265,-4.3369265,-4.006926,-4.0469265,-2.8369262,-4.0869265,-3.6269262,-7.3069263,-8.726926,-8.816926,-9.066926,-9.326926,-8.736926,-9.736926,-10.266926,-11.036926,-5.8769264,-9.206926,-9.446926,-9.906926,-9.726926,-10.636927,-9.816926,-9.906926,-8.516926,-7.8369265,-7.7269263,-4.5169263,-0.0069262697,-0.25692627,-4.346926,-3.9369264,-5.6669264,-6.1269264,-4.716926,-6.946926
-6.8369265,-7.176926,-7.1469264,-6.8569264,-7.1269264,-7.196926,-7.136926,-7.236926,-7.5569263,-7.7869263,-7.346926,-7.256926,-7.506926,-7.2969265,-7.276926,-7.426926,-7.736926,-7.696926,-7.636926,-6.576926,-6.3569264,-6.5669265,-6.506926,-7.6469264,-7.326926,-6.6069264,-5.7869263,-6.886926,-8.766926,-8.376926,-9.136927,-10.316926,-9.646926,-8.676927,-9.0469265,-10.676927,-10.476926,-9.996926,-9.486926,-9.356926,-10.016926,-10.976926,-11.176927,-10.646926,-10.336926,-10.236926,-9.366926,-8.716927,-9.0469265,-8.126926,0.01307373,-0.42692626,0.12307373,-0.21692628,-0.6369263,-0.26692626,-0.45692626
-7.6269264,-8.226926,-7.5669265,-7.6069264,-8.126926,-7.6069264,-7.1869264,-7.3369265,-8.256927,-8.266926,-7.9369264,-7.7269263,-7.636926,-8.086926,-8.056927,-7.526926,-8.0469265,-8.306927,-7.966926,-6.986926,-6.716926,-7.096926,-7.946926,-8.896926,-8.496926,-8.566926,-8.256927,-8.926927,-8.276926,-8.986926,-9.846927,-9.766926,-10.0469265,-9.606926,-10.206926,-10.246926,-10.276926,-10.576926,-10.646926,-10.516926,-10.716927,-10.526926,-10.246926,-11.146926,-11.086926,-11.136927,-9.836926,-10.086926,-9.626926,-9.306927,-10.056927,-9.496926,-8.576926,-7.3069263,-1.6369263,0.35307372,-0.5869263
-8.876926,-8.466927,-8.076926,-8.176927,-8.236926,-8.286926,-7.2969265,-8.096927,-8.246926,-8.356926,-8.656926,-8.356926,-8.276926,-7.986926,-7.7669263,-7.5569263,-8.646926,-8.626926,-7.866926,-7.096926,-7.676926,-8.266926,-8.816926,-9.826926,-9.976926,-9.436926,-8.446926,-8.656926,-7.966926,-8.816926,-9.696926,-9.726926,-9.876926,-9.566926,-9.646926,-9.556927,-9.766926,-10.586926,-11.286926,-11.486926,-11.2969265,-10.236926,-10.466927,-10.366926,-11.986926,-11.366926,-10.976926,-10.2969265,-10.166926,-9.936926,-9.976926,-9.136927,-8.156926,-7.576926,-7.216926,-7.1269264,-6.4569263
-9.656926,-8.976926,-8.286926,-8.416926,-8.506927,-8.426927,-7.926926,-8.716927,-8.496926,-8.396926,-8.696926,-8.076926,-8.506927,-8.356926,-8.726926,-7.8769264,-8.216927,-7.986926,-8.226926,-8.526926,-8.976926,-8.936926,-8.956926,-8.566926,-9.496926,-9.596927,-9.266926,-8.226926,-7.9569263,-8.506927,-9.806927,-10.176927,-9.926927,-9.986926,-10.066926,-10.066926,-10.356926,-10.726926,-10.886927,-11.306927,-11.536926,-11.106926,-11.026926,-10.456926,-10.146926,-11.216927,-11.786926,-10.476926,-9.536926,-9.836926,-9.2969265,-9.006927,-8.276926,-8.096927,-7.2269263,-6.696926,-6.596926
-9.486926,-9.026926,-8.776926,-9.056927,-8.996926,-9.236926,-9.376926,-9.356926,-9.536926,-8.946926,-8.736926,-8.416926,-8.926927,-8.916926,-8.2969265,-8.286926,-8.066926,-7.906926,-7.596926,-9.406926,-9.746926,-10.056927,-9.676927,-9.596927,-9.406926,-8.936926,-9.246926,-9.396926,-9.136927,-9.776926,-10.406926,-11.126926,-10.686926,-10.106926,-10.226926,-10.706926,-10.956926,-11.276926,-11.126926,-11.426927,-10.996926,-10.356926,-10.986926,-10.956926,-10.226926,-10.356926,-10.806927,-10.926927,-10.666926,-9.326926,-9.576926,-8.896926,-8.266926,-7.616926,-7.0469265,-6.2969265,-6.676926
-10.036926,-9.646926,-9.496926,-9.616926,-9.906926,-10.156926,-10.686926,-10.766926,-10.466927,-10.466927,-10.256927,-9.456926,-9.836926,-8.926927,-8.7969265,-8.886927,-8.556927,-8.496926,-8.366926,-8.986926,-9.836926,-10.226926,-10.566926,-9.816926,-9.536926,-9.336926,-9.5469265,-9.836926,-10.126926,-10.486926,-10.896926,-10.956926,-11.166926,-11.066926,-10.936926,-10.966927,-10.986926,-10.306927,-10.206926,-10.0469265,-10.006927,-10.566926,-10.316926,-10.576926,-10.996926,-11.026926,-9.916926,-10.806927,-10.326926,-9.256927,-9.676927,-8.056927,-8.436926,-7.1269264,-6.7869263,-6.8369265,-6.386926
-10.066926,-9.976926,-10.076926,-9.166926,-10.176927,-10.576926,-10.466927,-10.656926,-10.846927,-10.506927,-10.536926,-11.326926,-10.5469265,-10.386927,-10.766926,-10.136927,-9.786926,-9.2969265,-9.706926,-10.196926,-9.656926,-10.206926,-10.396926,-10.346927,-10.196926,-8.976926,-9.226926,-9.506927,-10.176927,-10.906926,-10.366926,-10.436926,-10.526926,-10.696926,-10.876926,-11.336926,-10.696926,-10.336926,-9.866926,-9.656926,-9.236926,-9.886927,-9.666926,-10.246926,-10.276926,-10.146926,-9.496926,-9.386927,-8.756927,-8.836926,-8.646926,-7.7069263,-7.2969265,-6.5869265,-7.1269264,-6.8769264,-6.676926
