json-data/2022072400.json
{"header": {"discipline":0,"disciplineName":"Meteorological products","gribEdition":2,"gribLength":78758,"center":7,"centerName":"US National Weather Service - NCEP(WMC)","subcenter":0,"refTime":"2022-07-24T00:00:00.000Z","significanceOfRT":1,"significanceOfRTName":"Start of forecast","productStatus":0,"productStatusName":"Operational products","productType":1,"productTypeName":"Forecast products","productDefinitionTemplate":0,"productDefinitionTemplateName":"Analysis/forecast at horizontal level/layer at a point in time","parameterCategory":2,"parameterCategoryName":"Momentum","parameterNumber":2,"parameterNumberName":"U-component_of_wind","parameterUnit":"m.s-1","genProcessType":2,"genProcessTypeName":"Forecast","forecastTime":0,"surface1Type":103,"surface1TypeName":"Specified height level above ground","surface1Value":10.0,"surface2Type":255,"surface2TypeName":"Missing","surface2Value":0.0,"gridDefinitionTemplate":0,"gridDefinitionTemplateName":"Latitude_Longitude","numberPoints":65160,"shape":6,"shapeName":"Earth spherical with radius of 6,371,229.0 m","gridUnits":"degrees","resolution":48,"winds":"true","scanMode":0,"nx":360,"ny":181,"basicAngle":0,"lo1":0.0,"la1":90.0,"lo2":359.0,"la2":-90.0,"dx":1.0,"dy":1.0}, "data":
[rows 104 to 129 of 181, columns 174 to 231 of 360]
-8.055852,-7.9858522,-8.9558525,-8.775852,-8.785852,-7.425852,-7.775852,-7.265852,-6.4658523,-5.555852,-5.925852,-5.625852,-6.015852,-4.885852,-3.515852,-2.935852,-2.385852,-0.47585204,0.88414794,1.044148,0.87414795,1.044148,1.264148,1.8341479,1.514148,0.114147946,-0.37585205,1.254148,3.354148,3.514148,2.844148,2.474148,2.364148,1.7341479,1.644148,1.5841479,0.32414794,0.74414796,-0.525852,-0.645852,-1.8858521,-2.155852,-2.5658522,-3.165852,-4.455852,-4.305852,-4.325852,-4.095852,-4.165852,-5.4458523,-5.745852,-6.135852,-7.095852,-6.245852,-5.575852,-6.705852,-5.285852,-7.305852
-7.295852,-8.335852,-8.515852,-9.435852,-9.285852,-7.745852,-7.845852,-8.015852,-6.955852,-6.535852,-7.2358522,-6.205852,-6.375852,-5.6958523,-5.535852,-5.2158523,-4.1958523,-3.045852,-1.1458521,0.99414796,1.804148,2.9141479,2.634148,3.124148,2.294148,1.8741479,1.054148,0.8441479,0.67414796,1.674148,2.034148,3.6441479,4.0541477,3.504148,3.324148,2.1641479,2.304148,1.944148,1.514148,0.02414795,-0.74585205,-1.085852,-1.185852,-2.5858521,-3.305852,-3.795852,-3.935852,-4.015852,-3.8558521,-4.255852,-4.115852,-5.475852,-5.955852,-6.605852,-5.675852,-6.785852,-5.305852,-7.935852
-7.9858522,-8.075852,-8.775852,-10.905852,-9.775852,-9.385852,-8.125852,-7.175852,-7.385852,-7.065852,-6.535852,-6.165852,-5.6958523,-5.055852,-3.945852,-4.555852,-3.905852,-3.165852,-2.0858521,-1.8858521,-0.04585205,3.034148,4.684148,4.374148,4.444148,3.814148,3.964148,3.494148,3.354148,3.224148,3.784148,4.084148,3.6441479,3.724148,4.064148,4.694148,3.4241478,3.944148,2.6641479,1.944148,0.014147949,-0.10585205,-1.2658521,-2.025852,-1.685852,-2.285852,-2.995852,-3.475852,-4.025852,-3.5758522,-3.495852,-4.035852,-4.675852,-5.825852,-5.205852,-5.365852,-6.135852,-7.685852
-8.595852,-6.845852,-8.165852,-11.235852,-10.795852,-8.765852,-8.895852,-8.115852,-8.175852,-8.595852,-7.4858522,-6.805852,-6.625852,-6.2158523,-5.9858522,-5.265852,-5.305852,-5.075852,-4.405852,-3.885852,-3.155852,-2.165852,-0.0058520506,1.404148,2.614148,4.024148,4.794148,5.814148,5.424148,5.464148,5.3041477,5.224148,5.5341477,5.364148,4.224148,4.224148,4.824148,5.454148,3.8941479,2.474148,1.7141479,0.57414794,-0.35585204,-0.775852,-1.335852,-0.50585204,-1.055852,-2.035852,-2.985852,-3.655852,-3.185852,-3.115852,-3.805852,-4.675852,-4.185852,-4.745852,-6.505852,-7.255852
-7.295852,-5.975852,-2.765852,0.004147949,-2.965852,-10.065852,-10.535852,-9.165852,-8.875852,-7.535852,-7.535852,-7.815852,-8.525852,-7.645852,-6.745852,-5.805852,-5.585852,-5.225852,-4.1958523,-3.1058521,-2.1058521,-2.265852,-2.0958521,-1.4158521,-1.465852,0.21414796,4.734148,5.844148,6.734148,7.704148,7.5341477,7.154148,7.024148,7.104148,6.724148,6.294148,5.864148,5.604148,4.654148,3.334148,2.484148,2.094148,1.2041479,0.64414793,-0.22585206,-0.44585204,0.07414795,0.06414795,-1.0058521,-1.735852,-2.8258522,-2.305852,-2.455852,-4.005852,-2.945852,-4.895852,-5.385852,-6.385852
-6.915852,-7.835852,-8.725852,-9.115852,-10.625852,-10.765852,-10.345852,-9.575852,-9.125852,-8.925852,-8.155852,-7.415852,-7.025852,-6.765852,-6.375852,-5.515852,-5.245852,-4.295852,-3.055852,-2.725852,-1.8958521,-0.91585207,-0.37585205,0.664148,1.0741479,0.9041479,1.144148,1.384148,5.664148,7.244148,8.184148,9.174148,8.934148,9.164148,8.154148,7.634148,7.134148,6.894148,4.854148,4.7841477,3.324148,2.964148,2.514148,1.4941479,0.18414795,-0.11585205,0.54414797,-0.61585206,-1.825852,-0.29585207,-0.85585207,-1.2958521,-1.455852,-2.045852,-2.115852,-2.305852,-3.8358521,-5.495852
-6.145852,-5.585852,-9.495852,-11.145852,-11.905852,-10.625852,-10.035852,-9.9558525,-9.225852,-9.325852,-9.675852,-8.595852,-8.525852,-8.4558525,-8.075852,-6.805852,-5.4858522,-4.405852,-3.625852,-3.045852,-2.125852,-2.255852,-1.585852,-0.67585206,0.41414794,0.69414794,2.944148,2.724148,3.134148,3.474148,6.084148,8.434148,9.264148,9.274148,8.834148,8.374148,7.7641478,7.504148,6.354148,5.494148,4.644148,4.704148,3.274148,1.894148,0.68414795,0.054147948,-1.2858521,-2.145852,-3.3558521,-2.735852,-3.395852,-1.715852,1.2141479,0.014147949,-1.095852,-0.57585204,-2.145852,-4.045852
-8.165852,-10.125852,-10.655852,-10.735852,-10.925852,-10.745852,-10.515852,-9.185852,-10.295852,-9.585852,-8.785852,-8.235852,-7.755852,-7.045852,-6.825852,-6.205852,-5.275852,-4.615852,-4.125852,-3.015852,-1.445852,-2.5658522,-0.29585207,0.67414796,1.4641479,1.3241479,1.804148,2.464148,3.074148,5.064148,5.334148,6.344148,7.874148,8.694148,9.484148,9.2941475,9.004148,8.204148,7.184148,6.0341477,5.074148,4.294148,3.584148,1.414148,0.15414795,-1.5458521,-3.125852,-3.155852,-2.405852,-2.395852,-3.035852,-2.465852,-2.215852,-1.0358521,1.7341479,0.70414793,-0.16585205,-1.065852
-7.885852,-10.005852,-9.915852,-10.795852,-9.935852,-10.475852,-10.885852,-10.435852,-9.295852,-9.715852,-9.365852,-8.665852,-7.835852,-7.745852,-7.495852,-6.7358522,-6.275852,-5.255852,-3.005852,-3.625852,-3.0958521,-1.355852,0.114147946,0.604148,2.344148,2.474148,4.194148,4.414148,4.594148,4.374148,6.004148,7.064148,7.624148,7.864148,10.814148,10.194148,9.984148,8.434148,7.624148,6.574148,5.274148,4.164148,2.984148,0.34414795,-1.695852,-2.3358521,-1.585852,-2.245852,-1.355852,-1.195852,-1.695852,-0.51585203,-0.99585205,-1.6258521,-1.4158521,-0.76585203,1.754148,0.57414794
-7.645852,-8.685852,-10.115852,-11.275852,-10.915852,-11.385852,-10.325852,-10.445852,-9.755852,-9.685852,-9.185852,-9.165852,-8.325852,-8.375852,-7.375852,-6.9858522,-6.885852,-5.405852,-4.765852,-3.225852,-2.3258522,-0.95585203,-0.25585204,0.47414795,1.944148,2.704148,3.6841478,5.184148,6.3041477,8.274148,7.944148,7.734148,8.234148,8.504148,9.894148,11.634148,9.694148,9.674148,8.434148,7.194148,5.714148,4.0541477,1.4641479,-0.76585203,-0.9758521,-0.39585206,-2.5958521,-0.91585207,-0.50585204,-1.485852,-0.775852,0.94414794,-0.25585204,-0.87585205,-1.0458521,-1.605852,-0.92585206,2.884148
-7.125852,-8.315852,-10.225852,-10.515852,-11.425852,-11.275852,-10.155852,-10.185852,-10.195852,-10.015852,-9.695852,-8.735852,-8.665852,-8.345852,-7.605852,-6.955852,-7.495852,-4.835852,-3.275852,-2.935852,-1.475852,-1.0358521,0.48414794,1.024148,2.234148,2.9041479,4.144148,5.374148,6.314148,7.184148,8.764148,9.644148,10.564148,9.904148,10.514148,11.584148,11.944148,10.104148,9.914148,8.064148,6.254148,3.3941479,0.92414796,-0.7258521,-0.37585205,-0.0058520506,-0.79585207,-0.46585205,-0.08585205,-0.63585204,-2.625852,-2.445852,-2.005852,-0.69585204,-0.11585205,-0.05585205,-0.585852,0.14414795
-7.335852,-7.535852,-10.055852,-10.295852,-11.025852,-11.015852,-10.835852,-10.515852,-10.655852,-10.485852,-9.995852,-8.285852,-8.605852,-7.775852,-7.555852,-6.525852,-5.9658523,-3.445852,-2.635852,-1.8858521,-0.47585204,-0.28585204,1.314148,2.084148,2.834148,4.2841477,6.084148,7.0541477,7.0141478,7.544148,8.614148,10.174148,11.254148,12.334148,11.254148,11.434148,12.604148,11.2941475,10.564148,10.254148,7.824148,4.154148,1.4841479,-0.09585205,-0.34585205,1.174148,1.554148,0.24414796,-0.56585205,-0.16585205,-1.095852,-1.615852,-2.235852,-2.8358521,-2.175852,-1.835852,-0.525852,0.43414795
-7.9658523,-8.725852,-9.975852,-9.045852,-9.395852,-10.465852,-11.595852,-10.435852,-10.085852,-10.935852,-8.215852,-8.385852,-8.185852,-7.745852,-6.2158523,-5.225852,-3.3558521,-2.715852,-1.3958521,-0.895852,0.8441479,2.234148,2.604148,3.884148,4.104148,4.664148,6.714148,6.144148,7.634148,9.724148,10.124148,10.404148,11.214148,13.004148,11.934148,13.234148,12.194148,10.884148,12.114148,11.184148,9.134148,5.404148,1.444148,-0.10585205,-0.61585206,2.9041479,1.414148,-0.06585205,0.22414795,0.46414796,-0.19585206,0.33414796,0.014147949,0.664148,0.724148,0.25414795,0.46414796,1.304148
-9.185852,-9.115852,-10.485852,-8.835852,-9.165852,-10.965852,-10.275852,-11.255852,-10.105852,-10.415852,-9.155852,-8.605852,-8.615852,-6.615852,-5.635852,-4.325852,-3.875852,-2.225852,-0.55585206,0.87414795,2.754148,1.9741479,3.3941479,5.874148,4.664148,6.344148,7.884148,7.0341477,7.334148,9.624148,9.974148,12.0441475,12.664148,12.464148,14.024148,12.814148,13.454148,13.164148,11.514148,12.484148,10.814148,8.264148,1.934148,-2.295852,-1.6458521,1.894148,-0.23585205,-0.51585203,1.3441479,0.23414795,0.24414796,1.254148,2.1541479,3.314148,4.444148,4.444148,3.884148,4.644148
-9.645852,-8.4558525,-8.625852,-8.555852,-9.935852,-10.935852,-11.005852,-9.905852,-11.4558525,-8.995852,-8.535852,-7.885852,-7.535852,-6.655852,-5.345852,-4.205852,-2.505852,-1.6458521,-0.17585205,-0.05585205,1.894148,3.514148,4.3041477,5.5541477,5.604148,7.154148,7.254148,7.3041477,8.644148,10.114148,10.554148,12.074148,13.964148,14.994148,14.144148,15.154148,14.204148,13.864148,12.414148,13.314148,10.344148,9.994148,2.694148,-5.435852,-1.945852,2.354148,-0.07585205,0.27414796,1.754148,0.54414797,1.004148,0.604148,1.054148,1.8641479,4.024148,4.894148,4.854148,5.434148
-10.2058525,-9.035852,-9.385852,-8.625852,-10.2058525,-10.625852,-9.895852,-10.605852,-10.675852,-7.9458523,-8.9558525,-7.555852,-7.335852,-6.175852,-4.805852,-2.915852,-3.175852,-1.6358521,0.02414795,0.7141479,1.814148,3.304148,4.234148,5.204148,6.374148,6.5541477,8.664148,7.884148,8.614148,9.444148,12.014148,12.494148,14.444148,16.044147,16.284147,15.014148,15.514148,13.644148,12.574148,12.144148,12.214148,12.834148,3.104148,-5.875852,-2.305852,-4.4658523,-0.15585205,2.454148,-0.23585205,0.21414796,0.57414794,0.04414795,1.154148,3.054148,4.044148,4.244148,5.644148,6.474148
-10.665852,-9.2058525,-10.665852,-9.535852,-10.485852,-11.295852,-9.625852,-10.885852,-9.805852,-8.005852,-8.155852,-8.115852,-6.175852,-5.775852,-4.555852,-3.5858521,-2.255852,-0.04585205,-0.14585204,0.22414795,2.9141479,4.274148,3.1841478,5.8041477,5.964148,6.634148,7.464148,7.924148,8.894148,9.924148,10.834148,11.854148,14.744148,17.094149,16.914148,15.564148,15.274148,13.954148,12.154148,11.354148,11.244148,5.394148,-0.22585206,-3.8158522,-1.1358521,-5.785852,-2.8458521,-1.0058521,-0.035852052,-1.7758521,-1.445852,-0.82585204,2.354148,4.084148,6.0141478,6.504148,6.384148,5.834148
-11.435852,-10.865852,-11.865852,-10.665852,-11.415852,-11.385852,-10.7058525,-9.815852,-9.275852,-8.355852,-8.235852,-7.155852,-5.765852,-4.225852,-4.2158523,-2.675852,-1.685852,-0.68585205,0.94414794,0.7741479,2.614148,3.1641479,3.604148,4.324148,5.484148,7.444148,7.254148,7.344148,8.354148,9.344148,9.594148,10.074148,11.374148,14.454148,16.314148,14.594148,13.654148,12.394148,12.0441475,10.814148,10.384148,-0.18585205,-4.375852,-3.505852,-3.675852,-7.435852,-5.125852,-0.10585205,-1.735852,-2.385852,-4.035852,-1.1658521,0.32414794,-0.57585204,3.334148,4.074148,5.2641478,2.974148
-11.795852,-13.265852,-12.815852,-12.995852,-10.875852,-11.265852,-10.265852,-8.615852,-8.545852,-8.385852,-7.905852,-6.145852,-5.415852,-4.425852,-3.035852,-1.1658521,-1.095852,-0.57585204,0.21414796,1.4741479,2.734148,2.474148,3.104148,4.214148,4.494148,4.694148,4.684148,7.604148,8.434148,8.614148,8.854148,8.514148,10.154148,11.614148,13.974148,14.004148,12.304148,10.584148,10.824148,11.354148,10.834148,-1.685852,-3.965852,-3.975852,-5.455852,-7.565852,-5.265852,-3.5658522,-2.8258522,-3.3458521,-3.765852,-3.775852,-4.625852,-5.645852,-5.255852,-3.735852,-0.19585206,1.404148
-12.775852,-13.165852,-12.865852,-11.635852,-10.735852,-10.775852,-9.535852,-9.895852,-7.535852,-7.865852,-6.825852,-5.755852,-5.435852,-3.455852,-1.815852,-1.115852,-0.41585204,1.804148,0.004147949,0.63414794,2.254148,3.244148,3.744148,3.1841478,2.704148,3.9241478,5.704148,7.274148,7.334148,8.054148,8.624148,8.894148,8.254148,15.754148,10.504148,11.654148,10.364148,9.474148,9.284148,9.324148,9.474148,-7.095852,-7.145852,-7.035852,-8.835852,-5.605852,-6.005852,-3.655852,-3.5958521,-4.845852,-4.095852,-3.625852,-4.205852,-4.125852,-4.095852,-3.425852,-1.615852,-0.0058520506
-14.305852,-14.055852,-12.745852,-10.875852,-11.035852,-10.335852,-9.965852,-9.105852,-7.665852,-6.805852,-6.055852,-4.845852,-4.365852,-2.8358521,-1.365852,-0.25585204,0.29414794,1.044148,0.14414795,0.63414794,1.9741479,3.054148,2.544148,1.7241479,2.6441479,4.5341477,3.114148,5.074148,5.704148,6.744148,9.274148,5.274148,5.374148,5.774148,8.164148,7.704148,8.864148,9.444148,8.214148,7.364148,3.854148,-7.7358522,-7.935852,-6.105852,-7.585852,-7.335852,-5.765852,-4.875852,-5.515852,-4.115852,-4.705852,-4.095852,-4.385852,-4.295852,-3.995852,-2.925852,-2.125852,0.08414795
-12.245852,-12.7058525,-12.385852,-11.645852,-10.835852,-10.095852,-9.545852,-7.865852,-7.135852,-6.765852,-5.4858522,-3.995852,-3.055852,-1.5458521,-0.27585205,0.93414795,1.2241479,1.754148,-0.41585204,1.554148,1.254148,2.354148,3.334148,1.8341479,2.4241478,3.574148,2.834148,4.494148,4.3041477,4.374148,2.344148,1.9641479,4.714148,6.144148,1.7241479,9.134148,9.074148,9.234148,8.574148,5.744148,4.394148,-8.035852,-7.995852,-9.415852,-8.465852,-7.4458523,-6.025852,-6.285852,-5.155852,-4.005852,-4.655852,-4.955852,-4.625852,-4.915852,-5.635852,-4.7158523,-4.045852,-3.0958521
-4.755852,-11.095852,-12.065852,-11.755852,-11.275852,-9.505852,-8.805852,-7.7358522,-6.615852,-5.825852,-4.9858522,-3.135852,-2.015852,-0.585852,0.18414795,1.0741479,2.134148,0.83414793,-1.055852,1.024148,2.034148,1.664148,1.434148,2.274148,2.244148,2.514148,2.634148,3.374148,3.4041479,2.844148,2.274148,2.464148,4.2841477,3.624148,3.534148,6.0141478,7.544148,7.984148,7.5141478,6.324148,-2.8358521,-8.825852,-10.195852,-9.425852,-8.045852,-6.585852,-6.105852,-5.7358522,-4.805852,-5.4458523,-5.1958523,-5.915852,-4.9858522,-5.685852,-5.825852,-5.165852,-5.615852,-6.315852
-10.915852,-4.595852,-12.085852,-11.765852,-10.245852,-8.765852,-7.825852,-6.075852,-5.765852,-5.205852,-3.965852,-2.185852,-1.485852,-0.67585206,1.064148,1.924148,1.014148,1.184148,1.024148,-0.05585205,1.934148,1.904148,1.774148,0.784148,1.1241479,1.2241479,2.544148,2.9041479,4.0341477,5.024148,4.254148,5.454148,5.374148,4.124148,2.9141479,3.234148,2.324148,8.664148,6.574148,5.324148,-2.025852,-10.245852,-10.135852,-9.285852,-6.375852,-5.785852,-6.035852,-5.035852,-5.665852,-5.515852,-5.335852,-5.975852,-7.085852,-6.645852,-5.895852,-6.9658523,-6.625852,-6.505852
-12.395852,-2.395852,-3.5958521,-2.015852,-1.475852,-5.535852,-4.895852,-6.035852,-4.865852,-3.1058521,-2.8158522,-1.975852,-1.185852,0.14414795,1.0841479,1.2041479,1.0941479,0.48414794,0.62414795,1.504148,0.41414794,1.694148,1.2141479,1.254148,0.49414796,1.064148,2.244148,0.61414796,3.564148,3.1841478,4.644148,5.524148,3.6441479,4.0541477,4.194148,2.784148,1.6141479,2.824148,3.964148,-2.885852,-11.245852,-12.585852,-8.425852,-7.225852,-7.085852,-6.705852,-5.505852,-3.1058521,-5.9658523,-5.725852,-5.305852,-6.365852,-5.405852,-6.395852,-7.745852,-7.325852,-8.975852,-9.175852
-6.1958523,-1.745852,-0.39585206,-1.575852,-5.815852,-5.385852,-4.355852,-3.725852,-3.445852,-2.465852,-2.125852,-1.3858521,-0.06585205,0.31414795,0.40414795,1.4541479,1.004148,0.86414796,-0.07585205,0.47414795,0.09414795,0.5941479,0.534148,0.37414795,1.004148,0.47414795,0.7741479,0.94414794,2.204148,2.564148,1.8441479,2.554148,3.114148,4.0341477,4.194148,4.684148,4.314148,5.344148,4.5341477,-3.545852,-9.215852,-7.355852,-6.605852,-8.4558525,-7.105852,-6.415852,-4.635852,-4.265852,-6.2158523,-5.385852,-4.845852,-6.255852,-7.375852,-6.205852,-7.645852,-7.535852,-8.855852,-10.435852
