json-data/2022072212.json
{"header": {"discipline":0,"disciplineName":"Meteorological products","gribEdition":2,"gribLength":78830,"center":7,"centerName":"US National Weather Service - NCEP(WMC)","subcenter":0,"refTime":"2022-07-22T12:00:00.000Z","significanceOfRT":1,"significanceOfRTName":"Start of forecast","productStatus":0,"productStatusName":"Operational products","productType":1,"productTypeName":"Forecast products","productDefinitionTemplate":0,"productDefinitionTemplateName":"Analysis/forecast at horizontal level/layer at a point in time","parameterCategory":2,"parameterCategoryName":"Momentum","parameterNumber":2,"parameterNumberName":"U-component_of_wind","parameterUnit":"m.s-1","genProcessType":2,"genProcessTypeName":"Forecast","forecastTime":0,"surface1Type":103,"surface1TypeName":"Specified height level above ground","surface1Value":10.0,"surface2Type":255,"surface2TypeName":"Missing","surface2Value":0.0,"gridDefinitionTemplate":0,"gridDefinitionTemplateName":"Latitude_Longitude","numberPoints":65160,"shape":6,"shapeName":"Earth spherical with radius of 6,371,229.0 m","gridUnits":"degrees","resolution":48,"winds":"true","scanMode":0,"nx":360,"ny":181,"basicAngle":0,"lo1":0.0,"la1":90.0,"lo2":359.0,"la2":-90.0,"dx":1.0,"dy":1.0}, "data":
[rows 125 to 149 of 181, columns 116 to 173 of 360]
7.972462,1.8924621,1.3324622,2.102462,3.9124622,3.0224621,4.782462,4.7924623,4.282462,6.702462,7.382462,6.362462,7.492462,5.052462,5.0824623,5.8124623,4.432462,3.9724622,3.552462,2.082462,1.7424622,2.7724621,-2.927538,0.22246216,-3.4975379,-2.697538,-1.2275379,-2.3675377,-3.3275378,-5.1875377,-4.927538,-7.517538,-5.737538,-2.5375378,-1.7375379,-6.467538,-7.027538,-7.1075377,-8.577538,-8.567538,-9.557538,-9.657537,-9.317538,-9.527538,-10.6175375,-9.167538,-9.037538,-8.837538,-8.577538,-8.087538,-7.517538,-7.2275376,-6.527538,-6.3775377,-10.177538,-9.077538,-5.597538,-4.8975377
7.0024624,6.1424623,5.7724624,4.862462,4.3924623,4.962462,4.162462,3.602462,5.5824623,6.5024624,6.6424623,6.032462,6.5424623,4.722462,4.8124623,4.3124623,4.1224623,3.792462,4.342462,3.2724621,2.1224623,1.9124621,0.58246213,-2.7675378,-2.697538,-2.6275377,-2.0775378,-2.5675378,-3.0275378,-3.0175378,-3.5675378,-1.3775378,-0.44753784,0.69246215,1.1924622,-7.017538,-8.137538,-8.097538,-8.587538,-8.487537,-9.627538,-9.267538,-8.727538,-9.107538,-10.1175375,-9.857538,-8.887538,-8.767538,-8.517538,-6.797538,-6.577538,-6.047538,-6.6475377,-6.6075377,-9.507538,-8.077538,-6.1075377,-5.057538
8.022462,7.132462,6.3924623,5.7524624,4.492462,4.842462,3.9424622,4.712462,5.492462,6.612462,6.5624623,5.922462,7.512462,4.822462,6.0424623,5.0824623,5.302462,4.422462,3.292462,3.6724622,4.152462,3.542462,1.5924622,-4.467538,-2.0475378,-1.7475379,-3.697538,-2.937538,-3.7475379,-0.5275378,-0.9075378,-1.0975379,-1.2375379,-0.67753786,-4.6475377,-7.9775376,-8.627538,-7.427538,-8.177538,-8.317538,-9.857538,-8.717538,-8.477538,-8.847538,-9.287538,-9.327538,-8.487537,-8.337538,-7.6275377,-6.6275377,-6.2275376,-5.697538,-5.9175377,-9.357538,-8.457538,-6.3775377,-7.587538,-7.087538
9.172462,7.702462,6.302462,3.9524622,3.342462,3.7724621,4.702462,5.362462,5.7724624,5.7524624,5.342462,5.052462,6.992462,5.632462,3.9824622,4.242462,4.5224624,4.7524624,4.282462,3.9124622,4.6024623,3.2024622,2.552462,-0.33753785,-2.687538,-0.5875378,-2.3375378,-3.207538,-1.9675379,-1.9475379,-0.35753784,0.21246216,-7.517538,-7.6875377,-9.057538,-7.9375377,-8.167538,-7.1675377,-7.3975377,-7.927538,-8.297538,-8.687538,-9.047538,-8.747538,-8.517538,-8.947537,-7.737538,-8.287538,-8.1175375,-6.257538,-5.8775377,-5.317538,-4.317538,-9.857538,-8.687538,-8.697537,-8.107538,-6.787538
9.562462,7.8924623,5.232462,4.112462,2.4724622,4.422462,4.912462,5.1024623,5.662462,5.6024623,5.1224623,2.4024622,4.5824623,6.012462,6.162462,5.0024624,5.762462,6.192462,5.172462,5.242462,3.5024621,4.132462,4.6224623,-0.94753784,2.2824621,0.012462158,-3.3375378,-5.327538,-4.9975376,-1.6775378,-4.387538,-8.137538,-11.077538,-8.297538,-7.8575377,-8.567538,-8.457538,-6.947538,-7.4775376,-5.9175377,-6.807538,-8.377538,-7.7075377,-8.847538,-8.217538,-7.6675377,-7.517538,-7.277538,-6.967538,-6.117538,-5.6075377,-3.947538,-2.657538,-8.447537,-8.357538,-10.827538,-11.047538,-8.137538
8.072462,8.042462,3.7524621,5.3924623,3.6624622,4.732462,5.3924623,5.572462,5.982462,5.6224623,5.782462,4.782462,5.462462,4.8324623,6.742462,6.212462,6.132462,7.3124623,6.632462,5.672462,5.632462,3.9324622,4.882462,-0.60753787,4.3324623,0.28246215,-3.0175378,-6.967538,-3.457538,-6.4175377,-8.527538,-9.507538,-4.267538,-9.907537,-7.617538,-7.197538,-7.847538,-5.9775376,-5.7075377,-5.1675377,-5.737538,-8.477538,-6.927538,-6.6875377,-6.9775376,-7.517538,-7.577538,-6.767538,-6.307538,-5.737538,-3.5575378,-3.3375378,-2.3775377,-3.4875379,-5.767538,-9.127538,-11.837538,-11.847538
8.052463,6.5624623,4.682462,5.5624623,5.722462,4.982462,4.952462,6.132462,5.762462,5.2924623,3.9924622,5.632462,6.072462,6.992462,4.822462,7.212462,7.7724624,7.7724624,8.442462,7.722462,7.0424623,5.912462,4.972462,0.28246215,2.6524622,1.2724621,-4.1675377,-7.837538,-10.417538,-3.7375379,-8.827538,-6.327538,-1.3875378,-6.637538,-6.6875377,-6.407538,-7.317538,-5.547538,-4.967538,-5.2275376,-5.887538,-6.527538,-5.947538,-6.307538,-6.3975377,-5.657538,-5.297538,-5.297538,-4.9975376,-4.197538,-2.7675378,-1.8175378,-0.31753784,0.8524622,0.27246216,-1.5175378,-1.6475378,0.9024622
8.032462,7.1424623,6.492462,5.482462,5.0824623,4.922462,5.092462,6.2924623,5.782462,5.2924623,5.0024624,7.0624623,6.412462,8.912462,8.212462,8.192462,8.952462,9.482462,10.652462,10.812462,8.452462,6.8124623,4.5024624,1.1924622,3.2724621,-0.5875378,-4.9575377,-7.9575377,-7.1875377,-6.947538,-1.0475378,-1.5475378,-0.79753786,-4.197538,-5.1275377,-5.507538,-6.6875377,-5.337538,-5.017538,-5.117538,-4.557538,-6.1275377,-5.807538,-5.6075377,-5.4175377,-4.947538,-4.327538,-3.3775377,-2.8275378,-3.2575378,-2.637538,-1.3475379,-1.3375379,1.3924621,1.9224621,-2.157538,-1.3875378,-0.067537844
7.2924623,6.922462,6.682462,5.512462,4.782462,4.1024623,4.942462,6.212462,6.152462,6.1024623,6.432462,6.382462,6.822462,8.492462,10.232462,9.862462,10.792462,12.832462,12.852462,12.102462,10.402462,7.3724623,6.2524624,0.46246216,2.572462,-1.2675378,-3.937538,-5.4575377,-4.717538,-4.4775376,-2.157538,0.0024621582,-1.1375378,-2.937538,-5.337538,-4.717538,-5.1275377,-4.3975377,-4.3775377,-4.217538,-4.267538,-4.027538,-3.7975378,-5.1075377,-4.1275377,-3.6075377,-4.117538,-2.6275377,-1.2975378,-2.5275378,-2.177538,-1.7675378,-3.5975378,-6.8575377,-4.2075377,-1.7275379,-0.5375378,-1.1775378
6.092462,6.3524623,7.032462,5.2924623,4.952462,4.5224624,5.182462,5.802462,5.6024623,5.452462,6.3924623,6.942462,6.552462,9.192462,9.292462,12.032462,13.642462,14.862462,11.492462,11.622462,8.662462,6.5624623,5.2924623,0.5224621,-0.26753783,-2.0575378,-3.2575378,-3.3075378,-2.7375379,-1.9275378,-2.5975378,-7.087538,-3.3675377,-2.457538,-3.2875378,-3.387538,-3.5375378,-3.1275377,-1.5975379,-2.2475379,-2.5775378,-3.387538,-2.5975378,-2.7175379,-2.917538,-3.6075377,-4.017538,-3.7775378,-1.5675378,-0.63753784,-0.73753786,-0.49753785,-4.6075377,-1.9875379,0.9124622,0.67246217,-1.4775379,-2.0275378
8.8824625,6.8924623,6.422462,5.1224623,4.7524624,2.7224622,4.882462,4.732462,5.0824623,4.922462,6.0624623,6.8524623,7.0824623,8.812462,8.352462,10.552463,9.392462,10.322462,10.6324625,8.372462,7.3124623,3.6624622,2.2124622,1.1024622,-1.2675378,-2.177538,-2.1075377,-1.2675378,-1.8675379,-2.8775377,-4.327538,-5.117538,-2.667538,-1.6275378,-1.7975378,-1.9075378,-2.417538,-1.2575378,-1.0075378,-1.7475379,-1.2075379,-1.4775379,-0.47753784,-1.1275378,-2.3175378,-2.5675378,-2.7575378,-1.1875378,-0.017537842,1.8024621,2.612462,-2.1075377,-1.7675378,1.0724622,-0.31753784,-0.20753784,-2.9975379,-2.5875378
8.032462,7.0024624,5.532462,4.0224624,1.7424622,1.8624622,3.2824621,2.8824623,3.552462,5.1424623,7.072462,5.732462,6.3324623,7.922462,7.3324623,7.592462,6.942462,7.862462,7.0224624,10.682462,4.202462,-1.2075379,-0.92753786,-1.7175379,-1.7775378,-2.7375379,-2.2475379,-1.3575379,-1.9375378,-4.287538,-3.677538,-3.0575378,-1.9075378,-0.57753783,-0.9075378,-0.7775378,-1.6175379,0.12246216,0.24246216,-0.40753785,-0.7275379,-0.47753784,-1.2775378,-2.2375379,-1.6375378,-2.2375379,-2.147538,-2.147538,-0.9075378,-1.4675379,0.07246216,-0.60753787,-0.94753784,-0.67753786,-0.7775378,-3.437538,-1.6175379,-2.177538
7.0424623,6.112462,2.1224623,-0.11753784,-0.75753784,2.6824622,0.052462157,1.3324622,4.472462,3.4524622,4.2524624,5.2924623,5.492462,7.0624623,6.032462,6.412462,5.7724624,2.582462,0.24246216,-1.7775378,-5.427538,-4.1275377,-3.3675377,-0.57753783,-3.667538,-2.937538,-3.3275378,-1.8575379,-1.4275378,-3.7475379,-3.9775379,-2.8675377,-1.3475379,0.9624622,0.022462158,-0.017537842,-0.44753784,-0.27753785,0.61246216,0.06246216,0.30246216,-0.14753784,1.1524621,0.80246216,-0.7275379,-0.28753784,-1.7375379,-1.6875378,-1.1975379,-2.6175377,-3.8175378,-6.3775377,-1.7275379,-5.337538,-4.3575377,-3.157538,-3.7975378,-0.76753783
5.412462,2.4524622,-1.3275379,-2.637538,-1.2375379,-2.3375378,-1.1575378,0.48246217,2.6424623,3.4424622,3.352462,4.262462,5.0024624,5.302462,4.322462,4.182462,4.2924623,3.542462,-1.3575379,-3.387538,-3.8475378,-4.6075377,-3.7475379,-2.9675379,-3.457538,-2.9975379,-3.7975378,-2.8175378,-1.6975379,-2.2275379,-3.5475378,-2.197538,-0.33753785,0.70246214,0.79246217,-0.15753785,-0.40753785,0.36246216,0.67246217,2.1724622,0.9724622,2.0324621,1.5024621,0.49246216,0.9724622,-0.25753784,-1.6875378,-2.2975378,-2.457538,-2.2875378,-1.6075379,-3.4675379,-3.2975378,-2.2875378,-3.0675378,-2.4875379,-0.88753784,1.4524622
2.3824623,-2.2875378,-4.287538,-4.057538,-4.517538,-4.447538,-2.947538,-0.82753783,2.1824622,2.1424623,2.5224621,4.322462,4.412462,3.2524621,2.7324622,1.7124622,0.54246217,-1.9075378,-3.4775379,-1.9075378,-1.1775378,-2.677538,-1.6575378,-2.667538,-3.147538,-3.637538,-4.137538,-2.7575378,-1.8975378,-2.147538,-3.3375378,-1.8075378,-0.48753783,0.052462157,1.0424621,0.17246217,-0.017537842,1.3924621,0.67246217,2.082462,1.1124622,1.7824621,2.6924622,1.8724622,1.8224622,1.7424622,-0.32753783,-2.407538,-1.8775378,-1.5075378,-1.4275378,-2.5775378,-2.5475378,-1.9775379,-0.16753784,1.0824622,2.7524621,3.4024622
-2.427538,-6.517538,-8.267538,-6.867538,-6.277538,-4.487538,-2.3375378,0.06246216,1.2724621,0.6624622,2.062462,1.7024622,2.8924623,2.4624622,2.6424623,2.2124622,1.8724622,0.10246216,-1.0675378,0.32246217,0.21246216,-1.2275379,0.36246216,-4.6475377,-2.6275377,-2.897538,-3.4675379,-3.0275378,-1.6875378,-1.5875379,-1.6575378,-1.0975379,0.29246217,1.2524621,1.7924621,0.75246215,0.43246216,1.5324621,1.9224621,1.1724621,1.7424622,2.562462,4.0624623,3.5324621,3.5224621,2.6924622,2.362462,0.98246217,0.04246216,0.06246216,0.61246216,0.89246213,1.3724622,2.2424622,3.6624622,4.3524623,5.232462,6.012462
-9.827538,-10.507538,-8.987537,-7.807538,-6.367538,-4.117538,-1.6075379,-1.8675379,-2.5375378,-2.5275378,-0.94753784,0.04246216,2.042462,2.2224622,1.5624622,2.1224623,1.8724622,1.1324621,1.3024621,-0.49753785,-1.2375379,-0.54753786,-1.6075379,-2.3475378,-2.387538,-2.5775378,-2.3075378,-2.657538,-1.3875378,-0.51753783,-0.6475378,-0.5875378,0.92246217,2.4424622,1.5024621,1.6424621,1.5624622,0.36246216,1.1624621,1.8624622,2.302462,3.8924623,4.7524624,4.6224623,4.442462,1.6224622,2.312462,3.0224621,3.3924623,2.9424622,3.342462,4.6024623,4.862462,5.962462,6.512462,7.0624623,7.8524623,8.022462
-12.257538,-12.037538,-9.427538,-8.157537,-6.517538,-3.8775377,-2.657538,-2.5375378,-2.207538,-2.3475378,-1.0475378,0.82246214,1.5524621,1.0724622,1.7624621,1.8124622,2.4924622,2.4924622,2.6424623,5.632462,0.98246217,-0.20753784,0.022462158,-1.4775379,-1.3475379,-1.1075379,-1.7275379,-1.9875379,0.0024621582,0.29246217,-0.15753785,-0.067537844,1.2024622,2.3824623,2.3824623,2.7424622,2.112462,2.4424622,2.9024622,2.0324621,3.5124621,4.1424623,4.952462,5.6024623,5.152462,4.8124623,4.092462,4.742462,5.7924623,6.192462,5.952462,6.7524624,7.302462,8.252462,8.032462,8.572462,8.812462,9.002462
-13.017538,-10.497538,-9.377538,-7.3575377,-4.4575377,-3.447538,-2.667538,-4.427538,-4.2075377,-3.3175378,-1.7575378,-0.5875378,0.8424622,0.9024622,1.2224622,1.7024622,2.112462,3.3824623,2.822462,4.842462,0.36246216,0.83246213,-0.29753783,1.3024621,-1.5075378,-1.1575378,-1.4675379,-1.7075379,0.19246216,0.88246214,0.24246216,0.8424622,2.1624622,2.552462,2.9324622,2.2424622,2.332462,3.1224623,3.4424622,5.222462,3.1324623,6.202462,5.7724624,5.8324623,5.952462,6.0624623,6.322462,6.5224624,7.172462,7.092462,7.8124623,8.122462,7.6424623,9.102462,10.182462,10.102462,10.512463,10.6324625
-10.927538,-9.3675375,-7.4975376,-5.927538,-4.9775376,-4.927538,-5.407538,-4.817538,-3.7875378,-2.0475378,-0.7775378,-0.7875378,-0.12753785,1.4324622,1.2724621,1.7824621,2.792462,2.6824622,3.4524622,4.0024624,3.092462,2.342462,2.312462,2.1724622,1.6224622,-0.26753783,-0.74753785,-0.23753785,0.7824622,2.572462,2.332462,2.092462,3.072462,3.6424623,3.792462,4.0624623,3.822462,4.202462,4.672462,5.7524624,6.412462,6.232462,6.8324623,7.3924623,7.282462,6.992462,8.052463,8.822462,9.122462,9.392462,8.472462,7.912462,9.242462,10.022462,10.812462,11.082462,11.302463,11.822462
-8.807538,-7.9375377,-6.367538,-4.767538,-4.057538,-4.757538,-4.3575377,-4.137538,-4.057538,-1.5975379,-0.70753783,0.79246217,2.0124621,2.1824622,3.2324622,2.862462,3.352462,3.612462,3.3724623,5.2724624,6.172462,4.3124623,2.4924622,0.0024621582,1.4524622,0.74246216,0.49246216,0.68246216,1.2924621,2.4624622,3.5324621,4.222462,4.162462,4.972462,5.5624623,5.322462,6.5024624,7.112462,7.2724624,7.442462,8.222462,6.162462,7.5624623,7.212462,7.7524624,8.322462,8.162462,9.312462,10.032462,10.362462,10.982462,9.832462,10.112462,10.912462,11.202462,12.052463,12.652462,12.342463
-6.617538,-6.017538,-4.6275377,-4.017538,-3.637538,-2.3275378,-1.3975378,-2.0275378,-1.1975379,0.112462156,1.1224622,2.082462,3.2424622,3.792462,5.052462,5.422462,4.762462,5.662462,6.0424623,6.952462,7.722462,6.912462,5.132462,2.862462,1.3424622,2.1224623,1.9724622,2.4524622,2.9324622,3.9724622,4.322462,5.382462,6.242462,6.1424623,6.452462,6.762462,7.222462,8.662462,9.322462,8.772462,9.152462,8.502462,8.122462,8.532462,8.812462,8.822462,9.732462,9.602462,10.492462,10.992462,11.482462,12.3824625,11.082462,11.592463,12.082462,13.002462,13.742462,13.252462
-3.5975378,-2.7275379,-2.8175378,-2.437538,-1.5175378,-0.26753783,1.1524621,1.0824622,1.1424621,1.0524621,1.8624622,3.3924623,4.132462,5.162462,6.452462,6.862462,7.282462,7.5624623,8.462462,8.552463,9.502462,10.532462,7.3324623,5.2924623,4.422462,4.672462,4.5024624,3.832462,3.9724622,4.2524624,4.742462,5.8324623,6.162462,6.782462,7.0024624,7.552462,8.062462,10.502462,10.232462,9.812462,9.862462,10.092463,10.462462,10.792462,10.622462,10.802463,10.662462,10.802463,11.312462,11.412462,12.662462,13.102462,13.092463,13.952462,13.312462,13.992462,14.372462,14.1324625
-0.11753784,-0.19753784,-0.16753784,-0.017537842,0.57246214,1.5024621,1.6724621,2.6424623,2.5324621,2.542462,3.4924622,4.882462,6.202462,6.8924623,8.172462,8.622462,9.672462,9.302463,10.712462,11.302463,13.212462,12.262463,10.712462,7.282462,5.1224623,4.3524623,4.3924623,4.0824623,4.6024623,5.172462,5.972462,6.2524624,6.842462,7.242462,7.8924623,8.172462,9.352462,9.622462,10.192462,10.642462,10.822462,10.652462,11.402462,11.6324625,12.242462,12.102462,12.162462,12.772462,13.262463,13.482462,14.002462,14.022462,14.212462,14.252462,14.652462,14.652462,14.042462,14.292462
3.0324621,2.9024622,2.572462,2.542462,2.812462,3.0024621,2.7824621,3.072462,4.0824623,4.722462,5.3724623,6.2924623,7.182462,8.282462,7.8724623,9.192462,9.772462,10.752462,11.922462,14.092463,14.262463,17.172462,11.962462,8.082462,5.572462,4.7724624,5.0024624,4.7524624,5.182462,6.012462,6.782462,7.412462,8.002462,7.712462,8.482462,8.832462,8.582462,9.502462,10.282462,10.722462,10.672462,10.982462,11.442462,12.532462,12.852462,12.952462,13.282462,13.962462,14.642462,14.692462,14.842463,15.482462,15.392462,14.782462,14.952462,14.472462,14.772462,14.972462
