json-data/2022072112.json
{"header": {"discipline":0,"disciplineName":"Meteorological products","gribEdition":2,"gribLength":79260,"center":7,"centerName":"US National Weather Service - NCEP(WMC)","subcenter":0,"refTime":"2022-07-21T12:00:00.000Z","significanceOfRT":1,"significanceOfRTName":"Start of forecast","productStatus":0,"productStatusName":"Operational products","productType":1,"productTypeName":"Forecast products","productDefinitionTemplate":0,"productDefinitionTemplateName":"Analysis/forecast at horizontal level/layer at a point in time","parameterCategory":2,"parameterCategoryName":"Momentum","parameterNumber":2,"parameterNumberName":"U-component_of_wind","parameterUnit":"m.s-1","genProcessType":2,"genProcessTypeName":"Forecast","forecastTime":0,"surface1Type":103,"surface1TypeName":"Specified height level above ground","surface1Value":10.0,"surface2Type":255,"surface2TypeName":"Missing","surface2Value":0.0,"gridDefinitionTemplate":0,"gridDefinitionTemplateName":"Latitude_Longitude","numberPoints":65160,"shape":6,"shapeName":"Earth spherical with radius of 6,371,229.0 m","gridUnits":"degrees","resolution":48,"winds":"true","scanMode":0,"nx":360,"ny":181,"basicAngle":0,"lo1":0.0,"la1":90.0,"lo2":359.0,"la2":-90.0,"dx":1.0,"dy":1.0}, "data":
[rows 0 to 24 of 181, columns 285 to 341 of 360]
-4.3672533,-4.4172535,-4.4572535,-4.4972534,-4.5472536,-4.5872536,-4.6172533,-4.6572533,-4.697253,-4.7272534,-4.7572536,-4.7872534,-4.8172536,-4.8472533,-4.8772535,-4.9072533,-4.9272532,-4.947253,-4.967253,-4.987253,-5.0072536,-5.0272536,-5.0372534,-5.0472536,-5.0672536,-5.0772533,-5.0772533,-5.0872536,-5.0972533,-5.0972533,-5.0972533,-5.0972533,-5.0972533,-5.0972533,-5.0972533,-5.0872536,-5.0872536,-5.0772533,-5.0672536,-5.0572534,-5.0372534,-5.0272536,-5.0072536,-4.987253,-4.967253,-4.947253,-4.9272532,-4.9072533,-4.8772535,-4.8572536,-4.8272533,-4.7972536,-4.7672534,-4.7272534,-4.697253,-4.6572533,-4.6272535
-4.7672534,-4.737253,-4.717253,-4.7072535,-4.7072535,-4.697253,-4.697253,-4.697253,-4.6872535,-4.6872535,-4.6872535,-4.7072535,-4.7272534,-4.737253,-4.7572536,-4.7772536,-4.7872534,-4.7972536,-4.8072534,-4.8272533,-4.8172536,-4.8072534,-4.7972536,-4.7772536,-4.7572536,-4.737253,-4.7272534,-4.697253,-4.6872535,-4.6572533,-4.6372533,-4.6372533,-4.6472535,-4.6472535,-4.6572533,-4.6672535,-4.6672535,-4.6772532,-4.6872535,-4.697253,-4.717253,-4.737253,-4.7572536,-4.7872534,-4.8072534,-4.8272533,-4.8572536,-4.8672533,-4.8672533,-4.8772535,-4.8772535,-4.8772535,-4.8772535,-4.8772535,-4.8772535,-4.8572536,-4.8472533
-6.9772534,-7.0072536,-7.0072536,-6.987253,-6.947253,-6.9172535,-6.8872533,-6.8472533,-6.8072534,-6.7572536,-6.717253,-6.6772532,-6.6472535,-6.6372533,-6.6172533,-6.6172533,-6.6172533,-6.6072536,-6.5872536,-6.5772533,-6.5472536,-6.5272536,-6.467253,-6.4272532,-6.3572536,-6.2772536,-6.1672535,-6.0772533,-5.967253,-5.8672533,-5.7672534,-5.6672535,-5.6072536,-5.5472536,-5.5172534,-5.487253,-5.447253,-5.4172535,-5.3672533,-5.3072534,-5.237253,-5.1672535,-5.1072536,-5.0372534,-4.9772534,-4.9272532,-4.8772535,-4.8272533,-4.7672534,-4.6772532,-4.5972533,-4.5172534,-4.447253,-4.3872533,-4.3072534,-4.2472534,-4.197253
-7.9972534,-8.067253,-8.147253,-8.207253,-8.287253,-8.357253,-8.4172535,-8.457253,-8.487253,-8.517254,-8.527253,-8.527253,-8.527253,-8.497253,-8.427254,-8.357253,-8.297254,-8.207253,-8.107253,-8.017254,-7.9172535,-7.7472534,-7.5772533,-7.4172535,-7.2072535,-6.9972534,-6.7972536,-6.6772532,-6.6072536,-6.5272536,-6.4972534,-6.5172534,-6.5372534,-6.5072536,-6.447253,-6.3772535,-6.217253,-6.0172534,-5.8572536,-5.6772532,-5.5172534,-5.3472533,-5.2072535,-5.0672536,-5.0172534,-5.0372534,-5.0572534,-5.0872536,-5.1172533,-5.1372533,-5.1272535,-5.1172533,-5.1472535,-5.197253,-5.237253,-5.2872534,-5.3372536
-7.5172534,-7.5972533,-7.6872535,-7.7672534,-7.8272533,-7.8572536,-7.8772535,-7.8572536,-7.8272533,-7.7872534,-7.7272534,-7.6572533,-7.5472536,-7.3672533,-7.1272535,-6.8772535,-6.697253,-6.5872536,-6.5972533,-6.6472535,-6.7272534,-6.7472534,-6.7072535,-6.5972533,-6.4772534,-6.3672533,-6.3372536,-6.3072534,-6.2072535,-5.967253,-5.6772532,-5.5672536,-5.5872536,-5.6772532,-5.7672534,-5.7272534,-5.5172534,-5.2772536,-5.1072536,-5.0172534,-5.0872536,-5.237253,-5.4772534,-5.7272534,-5.9272532,-6.0572534,-5.947253,-5.7772536,-5.4972534,-5.2272534,-5.1372533,-5.0972533,-5.1472535,-5.2072535,-5.2772536,-5.2772536,-5.0972533
-4.7772536,-4.7572536,-4.717253,-4.7072535,-4.7672534,-4.9072533,-5.1272535,-5.3772535,-5.6572533,-5.8472533,-5.947253,-6.1072536,-6.467253,-6.9372535,-7.3072534,-7.4972534,-7.5572534,-7.487253,-7.2672534,-6.9572535,-6.7272534,-6.6272535,-6.4372535,-6.0172534,-5.5472536,-5.1872535,-4.9372535,-4.8372536,-4.8172536,-4.7872534,-4.5372534,-4.1472535,-3.8872535,-3.8272533,-4.0072536,-4.197253,-4.3872533,-4.737253,-5.2572536,-5.3672533,-5.1772532,-4.7672534,-4.7272534,-4.8972535,-5.0372534,-5.1372533,-5.1672535,-5.0772533,-4.9572535,-4.8172536,-4.7772536,-4.6472535,-4.5372534,-4.5972533,-4.737253,-4.9372535,-5.0972533
-2.4072535,-2.3372533,-2.3072534,-2.3872535,-2.5472534,-2.5872533,-2.5372534,-2.6272535,-2.9172535,-3.3372533,-3.6772535,-4.0072536,-4.3172536,-4.5472536,-4.6472535,-4.6372533,-4.6072536,-4.697253,-4.9272532,-5.3372536,-5.4772534,-5.3572536,-5.2572536,-5.1472535,-4.967253,-4.9372535,-4.967253,-4.7072535,-4.1772532,-3.6772535,-3.6572535,-4.0072536,-4.197253,-3.8372533,-3.3972535,-3.1372535,-3.2072535,-3.4072535,-3.4872534,-3.3772535,-3.2072535,-2.7572534,-2.6672535,-2.8072534,-3.0872533,-3.3672533,-3.6272535,-3.8372533,-4.1072536,-4.3472533,-4.3972535,-4.3172536,-4.2472534,-4.0972533,-4.1272535,-4.1772532,-4.2072535
-0.96725345,-0.6372534,-0.6372534,-0.20725341,-0.3472534,-0.21725342,-0.32725343,-0.8072534,-0.3872534,-0.59725344,-0.71725345,-1.5172534,-2.4872534,-2.7672534,-2.2772534,-1.8072534,-1.7172534,-0.5672534,0.24274658,0.20274659,0.092746586,0.3427466,-0.7372534,-2.4072535,-3.1272535,-2.9372535,-2.4672534,-1.9072534,-1.5672535,-0.9872534,-0.8072534,-0.21725342,0.7427466,1.2027466,1.6027466,0.31274658,-1.5472534,-1.7772534,-0.5572534,0.3327466,0.71274656,1.0727466,0.95274657,0.9327466,1.1827465,1.3527466,0.9127466,0.7227466,-0.17725343,-1.1572534,-1.6972535,-1.9072534,-1.9472535,-1.8572534,-1.5872535,-1.6872535,-2.0472534
1.8127465,1.0527465,0.71274656,1.0327466,0.13274658,-0.71725345,-1.1272534,-0.8972534,-0.6272534,-0.7672534,-1.0672535,-0.72725344,2.0527465,5.032747,4.0727468,1.2827466,0.10274658,0.11274658,-0.6972534,-0.79725343,0.44274658,0.53274655,0.092746586,-0.79725343,-2.3272533,-0.9272534,0.45274657,0.35274658,-0.077253416,-2.3272533,-2.4472535,0.6127466,2.2127466,2.0327466,1.7127466,2.6927466,4.3327465,4.4927464,2.2627466,1.4127465,1.8127465,1.0527465,-0.117253415,-0.53725344,-0.117253415,-0.2572534,-0.10725342,0.28274658,0.47274658,0.07274658,0.052746583,0.12274658,-0.29725343,-0.79725343,-0.12725341,0.14274658,-0.20725341
-0.7672534,0.6827466,0.5027466,0.44274658,1.5027466,1.2927465,-0.4172534,0.20274659,1.8327466,3.1227465,3.0227466,1.1027466,1.2927465,0.47274658,-2.1472535,-2.8072534,-0.46725342,2.2027466,4.302747,5.8727465,5.1627464,3.7527466,4.0727468,5.512747,5.4627466,4.0627465,2.9727466,3.4127467,4.5227466,5.2527466,5.1627464,4.8827467,5.6227465,6.8827467,8.002747,8.672747,8.842747,8.512747,8.372746,7.7327466,6.5727468,5.4327464,4.4627466,4.8327465,6.1627464,7.2027464,6.9627466,3.4927466,1.6927466,1.1127466,1.9827466,1.9827466,1.0727466,1.0127466,1.0427465,1.5427465,1.4627466
-0.6472534,-0.09725342,-0.23725341,-0.85725343,0.052746583,0.35274658,-0.4472534,-1.1872535,-2.0672534,-0.96725345,-0.8072534,-1.5672535,-0.96725345,-0.72725344,-0.6472534,0.23274659,1.1227466,0.9827466,0.59274656,0.4027466,0.5527466,1.0227466,1.6027466,2.1927466,2.8727465,3.5527465,3.9527466,4.0827465,4.282747,4.6327467,5.1527467,5.7427464,6.2127466,6.5427465,6.6227465,6.552747,6.5727468,6.8327465,7.032747,7.052747,7.0827465,7.2727466,7.1827464,6.3827467,5.8827467,5.9427466,5.8427467,6.0027466,5.6327467,4.4427466,2.1427467,-0.10725342,0.6327466,0.7327466,0.77274656,-0.43725342,0.90274656
-0.49725342,-1.4172534,0.59274656,-0.9472534,-0.42725343,-1.5572534,-1.6172534,-0.5072534,-1.2072535,-1.2272534,-1.0672535,-0.45725343,-0.33725342,-0.43725342,-0.5072534,-0.3872534,-0.30725342,-0.117253415,0.14274658,0.39274657,0.7327466,1.1127466,1.5227466,2.0727465,1.9027466,1.6627465,3.1927466,4.9827466,4.782747,4.9927464,4.9427466,4.4427466,5.552747,5.9427466,5.2727466,4.7327466,4.6227465,4.8827467,5.032747,5.3127465,5.782747,5.9727464,6.032747,6.2727466,6.4927464,6.5927467,6.5627465,6.4127464,6.0927467,5.6427464,5.1927466,6.2027464,2.9527466,0.07274658,0.70274657,1.1427466,0.07274658
1.6527466,1.6927466,0.6827466,-1.9572535,-2.3972535,-1.4172534,-3.3172534,-3.8572533,-3.8772535,-3.6772535,-3.5272534,-2.8772535,-2.1172533,-1.7672534,-1.6072534,-1.4572535,-1.3672534,-1.3172535,-1.1672534,-1.0172534,-0.9272534,-0.7472534,-0.60725343,-0.4072534,-0.057253417,0.18274659,0.42274657,0.9427466,2.0327466,2.8327465,2.8727465,3.1627467,3.6527467,4.1227465,4.5727468,4.8827467,4.8927464,5.0027466,5.3727465,5.5827465,5.5727468,5.7127466,6.0427465,6.4127464,6.7127466,7.1027465,7.3627467,7.5827465,7.3127465,7.1427464,7.7727466,8.882747,2.9027467,0.39274657,0.32274657,-1.8072534,-0.53725344
-1.0572534,-1.0172534,-1.1972535,-0.53725344,-1.9472535,-1.7472534,-2.5972533,-1.8372535,-1.6272534,-1.1272534,-3.2672534,-5.0872536,-5.1472535,-5.6772532,-5.5572534,-5.237253,-5.0472536,-4.7672534,-4.4072533,-4.0272536,-3.5672534,-3.2072535,-2.8872535,-2.5072534,-1.9972534,-1.4972534,-0.8072534,-0.19725342,0.41274658,1.0627465,1.7927465,2.4527466,2.8227465,3.3227465,4.1027465,4.3927464,4.6127467,4.7527466,5.1627464,5.5727468,5.6227465,5.5227466,5.4627466,5.6627464,5.9427466,6.6627464,6.9427466,7.4127464,8.452746,8.252747,4.1527467,4.552747,-0.23725341,0.8627466,2.8027465,0.4027466,2.3027465
-5.1372533,-4.9272532,-4.5172534,-3.8972535,-3.5172534,-2.9972534,-2.4972534,-1.9672534,0.052746583,-1.0172534,-1.5172534,-2.0472534,-1.7072535,-1.9472535,-2.6672535,-2.6372535,-5.197253,-6.9372535,-6.717253,-6.7472534,-6.0072536,-5.0772533,-4.5472536,-4.0972533,-3.5372534,-3.1572535,-2.7172534,-2.0872533,-1.2372534,-0.26725343,0.6227466,1.5527465,2.3127465,2.7027466,3.0527465,3.7227466,4.4627466,4.9427466,5.0027466,4.9327464,5.1127467,5.1927466,5.1727467,5.4027467,5.8127465,6.3627467,6.7927465,7.2727466,8.492746,7.2127466,6.3127465,4.1527467,3.6527467,1.8527466,2.2627466,-0.8272534,-0.13725342
-4.5672536,-4.8572536,-5.1572533,-5.1472535,-5.3072534,-4.5872536,-5.4772534,-4.9372535,-4.2672534,-4.5372534,-4.3672533,-4.2072535,-4.1772532,-4.1272535,-3.8072534,-2.9572535,-2.5972533,-2.5872533,-4.0772533,-5.447253,-5.7472534,-5.3472533,-5.0372534,-4.717253,-4.3772535,-4.0872536,-3.4772534,-2.7372534,-2.1772535,-1.7572534,-1.0172534,0.032746583,1.2427466,2.3127465,2.7427466,3.1027465,3.5327466,3.7727466,3.9327466,4.3827467,5.0827465,5.302747,5.3827467,5.1827464,5.1827464,5.6327467,5.6927466,6.2027464,5.8127465,5.1327467,4.4327464,2.7127466,4.1327467,1.0127466,1.2827466,-1.9372535,-0.53725344
-3.2572534,-4.0572534,-4.2272534,-4.4172535,-5.2672534,-5.0272536,-7.0672536,-7.2272534,-6.8872533,-6.5372534,-6.3572536,-6.4972534,-6.8372536,-6.1172533,-4.7572536,-1.5472534,1.4127465,-1.7472534,-3.6072533,-3.5172534,-3.3572533,-3.6772535,-3.9172535,-4.0072536,-3.9072535,-3.6772535,-3.3772535,-2.9672534,-2.5672534,-2.2172534,-1.6272534,-0.90725344,0.15274659,1.0427465,2.0227466,2.5927465,2.9027467,3.4127467,3.7827466,4.1027465,4.6327467,4.9427466,5.7127466,5.5627465,6.262747,7.9227467,6.6427464,2.7427466,3.0027466,4.9727464,4.6227465,1.9727466,1.2927465,1.1427466,0.8127466,0.52274656,1.0027466
-1.3872534,-2.0972533,-2.5872533,-3.2972534,-4.2272534,-4.0872536,-6.4972534,-8.067253,-6.2472534,-8.327253,-8.637254,-8.427254,-7.6372533,-8.387254,-8.827253,-6.5972533,-4.947253,-5.5672536,-5.237253,-3.9172535,-1.8472534,-4.0472536,-6.2672534,-5.1172533,-5.9572535,-5.1172533,-4.0672536,-3.6572535,-2.7772534,-2.4172535,-2.1572535,-1.3172535,-0.4072534,0.21274658,0.6727466,1.3527466,2.4727466,2.8127465,3.2027466,3.1627467,3.6927466,3.8227465,3.9027467,3.8827467,5.0627465,4.0727468,3.2627466,1.9727466,1.7727466,1.6827465,1.1327466,2.4327466,-0.66725343,-0.9872534,0.31274658,1.1827465,0.35274658
0.77274656,2.0727465,0.95274657,1.5927466,1.2027466,-0.6272534,-5.3772535,-6.197253,-5.7972536,-6.2572536,-6.4272532,-6.5972533,-6.3672533,-8.097254,-8.107253,-6.197253,-8.317253,-6.4172535,-4.5772533,-0.12725341,-4.6172533,-2.3572533,-3.5972533,-4.467253,-7.0372534,-5.5672536,-5.697253,-5.737253,-4.8772535,-4.467253,-3.6372535,-2.5072534,-1.7672534,-1.1572534,-0.6872534,0.10274658,0.7927466,1.7027466,2.4327466,2.5327466,2.8027465,3.3127465,3.8527465,3.9727466,3.3727465,3.5627465,1.2127466,0.5527466,0.7227466,1.9127465,1.4427466,0.6327466,0.23274659,0.8027466,1.1027466,1.3527466,1.2127466
-1.3972534,-1.2272534,0.032746583,0.58274657,1.7927465,4.4227467,4.8227468,0.3727466,-2.7872534,-3.8772535,-4.697253,-5.6472535,-6.0372534,-6.717253,-7.4572535,-7.947253,-8.377254,-10.197253,-9.987253,-11.007254,-5.3972535,-9.497253,-4.6272535,-6.2472534,-5.5472536,-7.0472536,-5.8972535,-5.5472536,-5.8972535,-5.9072533,-4.717253,-3.5172534,-2.8172534,-2.3672533,-1.7772534,-1.4472535,-0.72725344,0.23274659,1.1127466,2.2227466,2.6627467,3.1927466,4.4127464,4.8227468,5.2427464,5.8627467,1.3027465,0.5127466,2.2127466,5.2227464,-1.7072535,2.4927466,3.1827466,0.7427466,-0.5772534,1.0927466,1.6927466
-1.3072534,-2.4972534,-0.14725342,0.7927466,0.7327466,1.1527466,1.3027465,1.8327466,4.3627467,2.2227466,-2.3372533,-3.1072533,-3.7172534,-4.0772533,-5.8972535,-6.5872536,-6.1472535,-5.4372535,-6.2472534,-3.4872534,-5.237253,-4.0672536,-2.4572535,-1.3872534,-2.1472535,-4.3772535,-5.9072533,-4.7872534,-3.5572534,-4.3772535,-5.2472534,-4.2072535,-3.4672534,-2.8372533,-2.4072535,-1.5572534,-0.8372534,0.18274659,1.2027466,1.3827466,2.6127465,1.4627466,0.8527466,2.5827465,4.4327464,3.2327466,4.1627464,0.7427466,0.07274658,1.4727466,1.1227466,0.32274657,1.5727466,2.1827466,0.7227466,1.4627466,1.6127466
0.71274656,-2.1472535,-1.4672534,0.25274658,0.64274657,0.5427466,1.1927466,1.0627465,1.3327466,2.2527466,3.6527467,2.1027465,-0.2872534,-1.8172535,-2.8672533,-3.4672534,-4.8672533,-5.237253,-5.5572534,-7.3672533,-10.617253,-9.837254,-6.2772536,-3.1072533,-3.9672534,-3.8372533,-3.8272533,-2.7572534,-2.4472535,-1.2572534,-1.1772534,-3.4372535,-3.5572534,-2.4572535,-1.4972534,-1.4472535,-0.6172534,0.12274658,1.5327466,3.8527465,5.7427464,4.6927466,-1.3972534,-3.7872534,0.47274658,-2.2972534,3.2627466,-0.5272534,-0.39725342,0.12274658,0.24274658,1.8827466,2.6827466,3.2127466,3.4427466,3.2527466,3.4427466
3.5727465,3.7327466,1.3727466,1.7727466,0.002746582,-1.1672534,-0.60725343,-0.60725343,-0.18725342,-0.71725345,0.83274657,1.0627465,0.5727466,0.092746586,-1.6772534,-2.3372533,-4.4372535,-4.3772535,-4.237253,-4.0472536,-1.7372534,2.4527466,-0.027253417,-2.7272534,-3.1472535,-7.5172534,-4.4072533,-2.8872535,-1.0272534,-1.1072534,-0.20725341,-0.29725343,-1.5972534,-1.4972534,-0.42725343,-0.5272534,-1.7072535,-2.3172534,-1.6972535,2.5227466,5.2227464,2.9127467,2.6127465,0.32274657,-0.04725342,0.062746584,0.5027466,0.8127466,0.3327466,0.7227466,1.2127466,1.8827466,2.4227467,2.8827467,2.3427465,2.4727466,2.9027467
3.3027465,2.2527466,1.4827466,1.8327466,1.6427466,2.8227465,2.4627466,0.38274658,-0.49725342,-0.39725342,0.9127466,-0.4072534,0.4927466,0.6927466,-1.8872534,-2.3072534,-3.0672534,-4.1372533,-4.6172533,-4.3072534,-3.4272535,-2.8872535,-1.3772534,-1.9472535,-1.6872535,-5.7772536,-4.0172534,-2.7372534,-2.5772533,-1.9572535,-0.7672534,-0.18725342,0.04274658,-2.1472535,-0.71725345,0.64274657,-1.4972534,-3.7272534,-2.2772534,1.1327466,1.4927466,1.0927466,0.39274657,1.0027466,1.3727466,1.1927466,0.6127466,0.092746586,-0.8172534,0.29274657,0.5027466,-0.60725343,-0.9272534,-0.037253417,-0.30725342,0.3027466,0.90274656
1.1727465,1.4227465,2.4227467,4.0827465,3.9427466,3.8327465,3.4527466,0.58274657,-0.91725343,-2.4272535,1.4227465,-0.59725344,-0.17725343,-1.6572534,-1.3172535,-2.1372535,-3.3972535,-4.447253,-4.7572536,-4.9272532,-5.6872535,-6.6272535,-3.3972535,-1.9172534,-2.3172534,-2.1672535,-3.2472534,-2.1572535,-1.3872534,-0.66725343,0.032746583,0.9427466,1.3227466,0.12274658,1.2627466,1.7227466,3.4227467,-0.59725344,0.5027466,0.4927466,1.0927466,1.9027466,0.47274658,0.6827466,0.8527466,0.9727466,0.10274658,-0.3872534,-0.7472534,-0.8372534,-0.33725342,0.6127466,-1.2072535,1.0327466,-0.6472534,-0.71725345,0.26274657
