json-data/2022072618.json
{"header": {"discipline":0,"disciplineName":"Meteorological products","gribEdition":2,"gribLength":79453,"center":7,"centerName":"US National Weather Service - NCEP(WMC)","subcenter":0,"refTime":"2022-07-26T18:00:00.000Z","significanceOfRT":1,"significanceOfRTName":"Start of forecast","productStatus":0,"productStatusName":"Operational products","productType":1,"productTypeName":"Forecast products","productDefinitionTemplate":0,"productDefinitionTemplateName":"Analysis/forecast at horizontal level/layer at a point in time","parameterCategory":2,"parameterCategoryName":"Momentum","parameterNumber":3,"parameterNumberName":"V-component_of_wind","parameterUnit":"m.s-1","genProcessType":2,"genProcessTypeName":"Forecast","forecastTime":0,"surface1Type":103,"surface1TypeName":"Specified height level above ground","surface1Value":10.0,"surface2Type":255,"surface2TypeName":"Missing","surface2Value":0.0,"gridDefinitionTemplate":0,"gridDefinitionTemplateName":"Latitude_Longitude","numberPoints":65160,"shape":6,"shapeName":"Earth spherical with radius of 6,371,229.0 m","gridUnits":"degrees","resolution":48,"winds":"true","scanMode":0,"nx":360,"ny":181,"basicAngle":0,"lo1":0.0,"la1":90.0,"lo2":359.0,"la2":-90.0,"dx":1.0,"dy":1.0}, "data":
[rows 130 to 155 of 181, columns 236 to 294 of 360]
-6.1608543,-5.1608543,-5.6108546,-5.0808544,-5.3108544,-8.260855,-10.850855,-11.010855,-11.490854,-11.850855,-13.360854,-13.740854,-13.470855,-13.350855,-12.210855,-12.050855,-10.280854,-8.610854,-8.540854,-9.220855,-7.4808545,-5.2008543,-2.2508545,0.29914552,2.8491454,3.0491455,4.6091456,4.9591455,5.9191456,6.2091455,6.9391456,7.7091455,10.179146,10.579145,9.709146,11.529145,11.779145,12.269146,12.509146,12.809146,14.189145,15.559146,15.609145,15.309146,8.479145,6.3491454,3.2791455,-5.3308544,-11.150854,-11.820854,-9.010855,-2.9908545,-0.04085449,-0.4408545,0.8891455,1.5291455,2.0691454,3.6991456,7.2091455
-7.0808544,-6.5108547,-5.7808547,-5.6708546,-6.1408544,-6.2908545,-8.730854,-10.810855,-11.960855,-12.790854,-13.550855,-14.490854,-14.190854,-14.430855,-13.840855,-12.600855,-12.760855,-10.880855,-9.620854,-8.7508545,-8.200854,-7.0308547,-5.4008546,-1.5108545,0.7991455,2.4191456,2.8491454,3.9891455,4.5391455,6.1791453,6.4391456,7.0691457,7.5191455,9.559146,11.349146,11.099146,11.219146,10.979145,11.609145,12.559146,13.119145,14.119145,14.679146,15.219146,10.589146,3.4591455,0.1591455,-3.4408545,-7.3108544,-10.140855,-2.7408545,-1.8708545,0.009145508,0.7891455,-1.3508545,-1.9108545,1.8691455,0.04914551,7.4891453
-7.6908545,-6.5608544,-6.4608545,-5.5208545,-6.1208544,-6.8308544,-7.5308547,-8.740854,-11.440854,-12.840855,-12.980854,-14.270855,-14.970855,-15.0008545,-14.780854,-13.360854,-13.5008545,-11.990854,-11.180855,-10.0008545,-8.410854,-8.090855,-6.6808543,-3.7708545,-0.5708545,1.0991455,1.9991455,3.1691456,4.4191456,5.2291455,5.5091457,7.1491456,6.4291453,7.3591456,8.209146,9.259146,9.979145,10.539145,10.729145,11.2491455,13.069145,13.569145,13.219146,13.049146,13.859145,5.2191453,1.6291455,-1.6508545,-3.5708544,-2.9108546,-0.11085449,0.6991455,0.3091455,0.2791455,2.2491455,-0.5008545,0.1591455,2.6891456,5.2491455
-9.260855,-7.5808544,-6.8108544,-5.7008543,-5.6308546,-4.9508543,-6.8508544,-8.040854,-9.600855,-11.910854,-13.670855,-15.160854,-15.340855,-16.220854,-15.900854,-15.300855,-14.220855,-13.440854,-11.600855,-10.710855,-9.600855,-7.1808543,-6.7808547,-5.0708547,-3.1708546,-0.6908545,0.65914553,1.2591455,2.3291454,3.9091456,4.8591456,5.5891457,5.9891453,6.2191453,6.3491454,7.6391454,8.399145,9.309146,10.069145,10.779145,11.309146,12.119145,12.809146,12.089146,10.599146,7.4391456,2.5991454,-0.9908545,-1.2508545,-1.0308545,-0.5808545,0.4791455,0.32914552,0.8991455,0.119145505,1.9191455,0.9491455,4.0991454,3.0691454
-8.640855,-8.860854,-8.460855,-6.8408546,-6.8208547,-6.3608546,-5.8808546,-7.7908545,-9.290854,-10.570854,-12.220855,-13.810855,-14.130855,-16.140854,-16.620855,-16.370855,-15.210855,-14.7508545,-13.160854,-11.450854,-10.070854,-9.5008545,-7.9108543,-6.1108546,-4.2608547,-3.5608544,-1.3708545,0.04914551,0.04914551,1.4491456,2.9691455,2.6091454,4.0291457,3.8191454,4.1591454,4.8091455,7.3991456,7.7791457,8.719146,9.809146,10.459146,11.219146,11.549146,11.539145,9.469146,7.6691456,3.4391456,-0.06085449,-1.9108545,-0.78085446,6.7391453,0.5491455,1.0891455,1.3191456,0.4491455,1.8191456,2.0891454,2.2291455,4.5391455
-9.210855,-8.420855,-8.180855,-8.320854,-7.6008544,-6.4208546,-6.8808546,-6.4008546,-7.3708544,-8.880855,-10.520855,-12.920855,-13.940854,-15.240854,-16.830854,-16.870855,-16.770855,-15.320854,-15.080854,-13.460855,-11.520855,-10.070854,-8.780854,-8.180855,-6.3308544,-5.2608547,-3.8308544,-2.6908545,-1.2008545,-0.8808545,-0.3008545,-1.3008544,1.3091455,1.8891455,2.7491455,4.1391454,4.4091454,6.2491455,7.0391455,8.029145,8.649145,9.299146,10.349146,11.269146,10.079145,7.8591456,3.2691455,-0.22085449,-0.050854493,0.90914553,1.1491455,0.4091455,1.0091455,1.0491455,0.8291455,1.3191456,2.0591455,6.1791453,5.7691455
-10.090855,-9.370854,-8.710855,-8.120854,-8.530854,-8.330854,-7.7708545,-7.2108545,-6.9408545,-7.1908545,-8.460855,-10.730854,-14.320854,-15.550855,-15.830854,-17.240854,-17.400854,-16.850855,-15.620854,-15.350855,-13.010855,-10.640855,-9.970855,-9.410854,-8.360854,-6.5508547,-5.9608545,-4.6408544,-3.3208544,-2.2308545,-3.8808546,-3.1508546,-0.6408545,-0.2308545,0.5791455,2.6591456,3.8491454,4.1791453,5.9491453,7.3691454,7.5391455,8.229145,8.029145,8.619145,10.109145,9.729145,5.7991457,1.0591455,-3.2408545,-0.010854492,-1.3308545,0.019145507,-1.2908545,-0.7208545,0.4491455,0.8291455,1.4691455,6.1491456,6.3791456
-10.800855,-10.470855,-9.890855,-9.360854,-8.820854,-8.580854,-8.540854,-8.420855,-7.8208547,-7.9008546,-7.8808546,-8.220855,-11.940854,-14.650854,-16.360855,-16.110855,-18.100855,-17.800854,-17.500854,-16.180855,-14.940854,-13.320854,-10.730854,-10.200854,-9.140855,-8.620854,-8.020855,-7.0608544,-5.6208544,-4.1208544,-3.9908545,-3.6408546,-3.1508546,-1.5608544,-0.7708545,-1.0308545,0.7391455,1.8791455,2.8691454,5.1891456,7.2291455,7.8991456,8.759146,8.069145,7.5991454,9.649145,8.589146,4.4491453,2.4391456,-0.4908545,-0.13085449,-0.9308545,-3.3608544,-3.8308544,-3.4208546,-1.7508545,1.2491455,4.1591454,3.7691455
-11.020855,-10.870854,-10.930855,-10.5008545,-8.780854,-8.770855,-7.9108543,-8.170855,-8.610854,-8.710855,-8.540854,-9.100855,-9.450854,-12.210855,-15.820854,-17.010855,-17.730854,-17.860855,-17.930855,-17.480854,-16.890854,-15.950854,-14.180855,-11.450854,-10.470855,-9.490854,-8.670855,-8.140855,-7.8408546,-6.3808546,-5.9108543,-5.2708545,-5.2208543,-5.1908545,-3.2008545,-2.8808546,-1.9208544,-0.2708545,0.4491455,2.9191456,4.6391454,6.4691453,6.9291453,8.089146,8.689145,8.649145,8.799146,8.9991455,-1.0908545,0.71914554,-0.090854496,-0.6108545,-0.59085447,-4.9408545,-3.2108545,-3.4208546,-1.4708545,1.3291456,2.2491455
-13.790854,-12.680855,-11.450854,-10.970855,-9.760855,-9.840855,-8.790854,-8.680855,-8.420855,-8.450854,-6.8708544,-7.0408545,-8.820854,-11.280854,-13.460855,-15.840855,-17.660854,-18.780855,-19.280855,-18.300854,-18.480854,-17.470854,-16.140854,-15.140855,-12.620854,-11.370854,-10.570854,-9.100855,-9.360854,-9.0008545,-7.1908545,-6.3208547,-6.5208545,-6.1608543,-5.2208543,-4.6208544,-3.8608544,-2.2608545,-0.5208545,0.16914551,1.6391455,3.0491455,4.5091457,5.2991457,6.7791457,8.019146,8.989145,9.369145,6.5091457,-0.4908545,-0.45085448,-0.29085448,-0.5108545,-4.1908545,-3.8808546,-5.3308544,-4.4108543,0.1591455,-0.12085449
-14.790854,-15.410854,-14.210855,-12.550855,-10.720855,-10.590855,-9.120854,-8.820854,-8.370854,-8.0008545,-5.5008545,-4.7608547,-10.140855,-12.290854,-13.370854,-15.350855,-17.130854,-18.810854,-18.930855,-19.880854,-19.170855,-19.140854,-17.890854,-16.810854,-15.260855,-14.520855,-11.530854,-11.170855,-9.840855,-9.660854,-9.190854,-7.8708544,-7.5208545,-7.4708543,-6.8108544,-5.8608546,-4.5608544,-4.6208544,-2.6608546,-2.1708546,-0.7508545,0.2191455,1.2291455,2.4791455,3.0891454,4.1691456,6.2491455,7.4591455,8.209146,3.0591455,0.8191455,-1.6908545,-2.2808545,-2.7608545,-5.8008547,-2.9608545,-4.7708545,-1.8508545,-1.7508545
-14.190854,-14.960855,-14.540854,-14.070854,-12.960855,-11.600855,-10.730854,-8.370854,-6.6908545,-4.5208545,-2.9108546,-3.3208544,-10.480854,-13.180855,-15.290854,-16.070854,-16.990854,-18.620855,-18.920855,-19.500854,-20.690855,-20.370855,-19.400854,-18.090855,-16.060854,-14.910854,-13.990854,-13.190854,-12.110854,-10.980854,-10.390855,-9.120854,-8.280854,-7.4308543,-7.2608547,-8.030854,-8.300855,-4.7408543,-4.7408543,-2.5808544,-2.5608544,-2.2308545,-0.84085447,0.119145505,0.29914552,1.2991455,2.1091454,3.1391456,4.2091455,0.5491455,0.8991455,1.2791455,0.5291455,-0.8208545,-4.5008545,-6.8908544,-7.2608547,-5.9808545,-3.7408545
-11.630855,-11.230854,-12.310855,-12.830854,-12.180855,-11.580854,-10.050855,-6.6908545,-4.1308546,-3.6308546,0.13914551,2.4091456,-9.230854,-13.460855,-14.670855,-15.630855,-16.540855,-18.360855,-19.400854,-20.190855,-20.400854,-19.340855,-20.940855,-20.060854,-18.020855,-16.200855,-14.730854,-13.700854,-12.540854,-11.720855,-11.350855,-10.670855,-9.510855,-8.990854,-8.280854,-8.210855,-8.770855,-7.2008543,-7.9108543,-7.1408544,-4.7008543,-2.7908545,-2.3008544,-1.7308545,-0.5408545,-0.48085448,-0.5408545,-0.1808545,-0.13085449,-0.1408545,-0.3308545,0.7291455,-0.6408545,-1.5008545,-1.8808545,-5.1008544,-6.3908544,-4.9408545,-3.5708544
-10.680855,-9.910854,-12.330854,-12.230854,-11.670855,-10.350855,-9.040854,-6.1408544,-4.7908545,-4.0408545,-1.2708545,1.7391455,-4.2108545,-10.640855,-13.890855,-15.290854,-16.380854,-18.020855,-18.550854,-19.000854,-19.450855,-19.870855,-18.720854,-19.800854,-19.530855,-17.570854,-15.480854,-13.960855,-13.540854,-12.660854,-11.960855,-11.400854,-10.560855,-9.880855,-9.290854,-8.720855,-8.210855,-8.810855,-7.2508545,-6.6808543,-6.3408546,-5.5508547,-5.5808544,-3.8608544,-3.1508546,-2.0008545,-1.4808545,-1.9908545,-3.3508544,-2.1508546,-1.7608545,0.4091455,-8.544922E-4,-1.2708545,-2.5708544,-3.7208545,-5.7408543,-5.0108547,-6.0208545
-5.2208543,-7.8008547,-8.790854,-9.730854,-8.910854,-9.030854,-8.150854,-7.1808543,-6.0408545,-3.4008546,-1.9608545,0.059145506,1.1691455,-1.3008544,-5.3108544,-10.610854,-13.420855,-14.900854,-16.580854,-17.370855,-17.510855,-17.770855,-18.580854,-18.370855,-18.840855,-18.780855,-17.590855,-16.720854,-15.960855,-15.330854,-13.530854,-12.670855,-12.590855,-11.460855,-11.510855,-10.920855,-10.190854,-10.060855,-9.020855,-8.770855,-7.0208545,-6.8908544,-7.3308544,-6.8808546,-5.9508543,-4.9308543,-3.9808545,-4.1608543,-3.5908544,-4.2608547,-5.5508547,-6.7208543,-1.4108545,0.009145508,-1.0508544,0.3091455,-1.0408545,-2.4808545,-4.6408544
-6.6908545,-6.3208547,-7.5708547,-9.240854,-8.950854,-8.600855,-6.8208547,-7.0508547,-7.2008543,-6.2808547,-4.0508547,-3.6808546,-1.8708545,-1.4708545,-1.6108545,-4.5208545,-6.3808546,-9.890855,-12.740854,-14.370854,-15.180855,-14.950854,-15.260855,-16.230854,-17.340855,-17.610855,-17.350855,-17.630854,-17.290855,-16.660854,-15.530854,-15.140855,-13.990854,-13.050855,-12.480854,-11.940854,-11.630855,-10.480854,-10.330854,-9.400854,-9.810855,-8.710855,-8.420855,-8.830854,-7.9908543,-7.1608543,-7.0908546,-6.2808547,-5.4708543,-5.2808547,-5.7608547,-6.0308547,-6.0508547,-5.7008543,-1.6708544,-0.9908545,-1.3208545,-1.4108545,-2.6608546
-0.7008545,-1.5508544,-5.6208544,-5.9408545,-8.310855,-7.8108544,-7.5508547,-6.4008546,-5.5108547,-5.7508545,-5.6008544,-5.7508545,-4.8208547,-4.8008547,-3.6108544,-3.6608546,-4.0008545,-5.4408545,-8.350855,-11.050855,-10.860854,-11.610854,-12.350855,-12.240854,-13.630855,-14.350855,-14.480854,-15.090855,-15.370854,-15.570854,-14.960855,-15.230854,-15.630855,-14.450854,-13.950854,-13.310855,-12.510855,-12.090855,-12.080854,-11.040854,-9.920855,-9.330854,-9.070854,-9.200854,-9.410854,-8.350855,-8.450854,-7.5508547,-6.9208546,-6.4408545,-6.4908543,-6.2808547,-6.8208547,-6.7808547,-6.9208546,-5.6708546,-4.6708546,-2.9008546,-2.0808544
1.9191455,-4.9808545,-3.0208545,-2.4408545,-1.4708545,0.65914553,-1.7208545,-0.16085449,-1.3108544,-5.4908543,-5.6308546,-5.7308545,-6.6308546,-4.6208544,-3.7708545,-5.7208543,-6.1108546,-5.3108544,-6.5608544,-7.5008545,-8.170855,-9.920855,-12.0008545,-11.460855,-11.730854,-12.290854,-12.890855,-13.330854,-13.020855,-13.5008545,-14.210855,-14.620854,-14.600855,-13.980854,-13.840855,-14.100855,-13.630855,-12.960855,-12.280854,-11.900854,-12.490854,-11.640855,-10.870854,-10.130855,-9.860854,-10.140855,-10.170855,-8.780854,-8.950854,-8.5008545,-7.7508545,-7.1408544,-6.8908544,-7.7708545,-7.3508544,-6.6208544,-5.5508547,-4.0308547,-3.7908545
-4.6508546,-3.5908544,-2.6508546,-2.5108545,-0.7208545,0.5891455,0.17914551,-1.8008544,-1.0208545,1.3391455,0.6291455,0.84914553,3.1591456,-4.0908546,-6.9308543,-6.7808547,-6.3008547,-6.9908543,-7.4008546,-8.270855,-7.9008546,-7.9008546,-9.870854,-10.270855,-10.690854,-10.670855,-11.100855,-12.170855,-13.210855,-13.070854,-13.020855,-13.630855,-13.720855,-12.720855,-12.930855,-12.640855,-12.240854,-12.480854,-13.780854,-13.340855,-12.760855,-10.990854,-11.280854,-11.240854,-10.950854,-10.990854,-11.010855,-10.040854,-9.070854,-9.020855,-8.470855,-7.3308544,-7.1008544,-6.7808547,-6.3408546,-5.7908545,-5.4808545,-5.1208544,-4.2208543
-7.0408545,-6.2608547,-5.2308545,-4.3508544,-3.3208544,-2.7908545,-1.4608545,-0.19085449,0.2591455,0.3191455,1.7991455,3.0891454,3.5091455,5.3891454,5.3291454,2.9091456,-4.0908546,-7.6108546,-7.5708547,-7.4608545,-7.5008545,-8.890855,-10.400854,-9.840855,-9.390855,-9.290854,-10.810855,-11.270855,-12.090855,-12.290854,-12.570854,-12.960855,-12.890855,-12.580854,-12.570854,-12.380855,-12.190854,-12.160854,-12.450854,-12.520855,-13.650854,-13.030854,-12.720855,-12.170855,-10.820854,-10.330854,-9.760855,-9.890855,-9.630855,-8.880855,-8.260855,-7.7608547,-7.1308546,-6.6708546,-6.0308547,-5.7708545,-4.7008543,-4.0108547,-3.6508546
-8.550855,-7.9608545,-6.8008547,-5.4608545,-4.4208546,-3.2708545,-2.5108545,-1.3408545,-0.8808545,-1.4708545,-0.8308545,0.9391455,3.0091455,3.9191456,5.5991454,6.0591455,6.7391453,9.279145,2.3591454,-6.2208543,-7.8508544,-8.360854,-8.470855,-8.470855,-9.090855,-9.460855,-8.210855,-8.930855,-10.340855,-11.330854,-11.700854,-12.140855,-12.410854,-12.510855,-12.590855,-12.530854,-12.580854,-12.320854,-12.530854,-12.940854,-13.280854,-13.810855,-14.380855,-14.040854,-12.780854,-12.270855,-11.170855,-9.990854,-9.780854,-9.5008545,-8.700854,-8.310855,-7.2208543,-6.2608547,-5.6108546,-4.9708543,-4.4208546,-3.9708545,-3.9308546
-9.420855,-8.470855,-7.6908545,-6.7808547,-5.4908543,-4.1108546,-2.8808546,-1.5808545,-0.7608545,-0.090854496,0.7891455,1.6691455,2.5791454,3.3591454,3.3491454,3.3591454,5.0491457,7.5291457,8.459146,7.9391456,11.459146,-5.0508547,-6.6108546,-7.3608546,-8.2508545,-9.0008545,-8.890855,-9.080854,-9.300855,-10.220855,-10.370854,-11.600855,-11.560855,-11.280854,-11.800855,-11.840855,-12.320854,-12.440854,-13.160854,-13.370854,-13.490854,-13.590855,-13.930855,-14.280854,-14.270855,-13.680855,-12.630855,-11.740854,-10.650854,-9.980854,-9.740854,-8.930855,-8.5008545,-7.8708544,-7.4208546,-6.3708544,-5.2308545,-4.5308547,-4.2008543
-11.800855,-10.260855,-8.610854,-6.8608546,-5.2708545,-3.3808546,-2.0508544,-1.0108545,-0.24085449,0.7891455,1.5191455,2.1391456,2.7591455,3.4091456,3.9891455,4.5091457,4.8191457,5.2091455,6.4891453,8.339146,8.469146,7.8191457,8.299146,8.299146,-5.3608546,-8.320854,-9.420855,-9.920855,-9.410854,-9.070854,-10.450854,-10.550855,-10.700854,-10.830854,-10.900854,-11.150854,-11.940854,-12.550855,-13.310855,-13.730854,-14.030854,-14.110854,-14.200854,-14.470855,-14.280854,-14.720855,-13.540854,-12.530854,-11.570854,-10.650854,-9.700854,-9.070854,-8.650854,-8.300855,-7.3208547,-6.4008546,-6.1808543,-5.8308544,-4.7108545
-12.0008545,-10.660854,-9.200854,-7.2008543,-4.4908543,-3.1808546,-1.9508545,-0.4908545,0.45914552,1.2291455,2.1291456,2.5791454,3.3891456,3.6091454,3.6991456,4.0991454,4.1891456,4.9891453,5.5491457,5.8891454,5.5291457,6.3791456,7.9591455,8.159145,7.2391453,6.9991455,-0.8208545,-7.3908544,-8.880855,-10.140855,-9.760855,-8.810855,-9.090855,-9.200854,-9.450854,-10.070854,-11.030854,-11.630855,-13.420855,-14.020855,-14.380855,-14.570854,-14.610854,-14.580854,-14.440854,-13.870854,-13.820854,-13.0008545,-12.350855,-11.160854,-10.520855,-9.390855,-8.490854,-8.180855,-7.8608546,-7.3208547,-6.3608546,-4.6808543,-4.6008544
-11.450854,-9.680855,-8.040854,-6.1408544,-4.3208547,-2.4108546,-0.9908545,0.3091455,1.1291455,1.6491455,2.3891456,2.6291456,2.6891456,3.1891456,3.3391454,3.9491456,4.0391455,4.3991456,5.1691456,4.9291453,5.2491455,5.6191454,4.9291453,5.9391456,6.4591455,6.6091456,4.7791457,4.7091455,1.2591455,-6.1708546,-8.100855,-8.470855,-8.630855,-8.900854,-8.210855,-8.510855,-8.580854,-9.880855,-11.780854,-13.270855,-14.040854,-14.560855,-14.820854,-14.380855,-14.370854,-14.140855,-13.930855,-13.5008545,-12.910854,-12.080854,-11.090855,-10.190854,-8.820854,-7.9508543,-7.7108545,-7.3208547,-6.4408545,-6.0508547,-4.8808546
-8.170855,-6.5508547,-5.0808544,-3.6808546,-2.2908545,-0.8808545,0.48914552,1.2491455,2.0191455,2.2091455,1.9891455,2.2791455,2.7591455,2.8391454,3.2391455,3.7091455,3.9191456,4.2991457,4.3091455,4.4091454,4.5291457,4.4791455,4.4791455,4.3191457,3.2491455,4.6491456,5.9391456,5.9891453,4.7291455,3.4991455,-4.3008547,-5.9508543,-8.060855,-9.0008545,-8.920855,-8.420855,-9.130855,-9.310855,-10.900854,-12.400854,-13.280854,-13.720855,-13.860854,-13.920855,-14.2508545,-14.510855,-14.460855,-13.010855,-13.290854,-12.370854,-10.550855,-10.170855,-8.560855,-7.6908545,-6.7408543,-6.2008543,-6.4408545,-6.6508546,-5.0808544
