json-data/2022072600.json
{"header": {"discipline":0,"disciplineName":"Meteorological products","gribEdition":2,"gribLength":79451,"center":7,"centerName":"US National Weather Service - NCEP(WMC)","subcenter":0,"refTime":"2022-07-26T00:00:00.000Z","significanceOfRT":1,"significanceOfRTName":"Start of forecast","productStatus":0,"productStatusName":"Operational products","productType":1,"productTypeName":"Forecast products","productDefinitionTemplate":0,"productDefinitionTemplateName":"Analysis/forecast at horizontal level/layer at a point in time","parameterCategory":2,"parameterCategoryName":"Momentum","parameterNumber":3,"parameterNumberName":"V-component_of_wind","parameterUnit":"m.s-1","genProcessType":2,"genProcessTypeName":"Forecast","forecastTime":0,"surface1Type":103,"surface1TypeName":"Specified height level above ground","surface1Value":10.0,"surface2Type":255,"surface2TypeName":"Missing","surface2Value":0.0,"gridDefinitionTemplate":0,"gridDefinitionTemplateName":"Latitude_Longitude","numberPoints":65160,"shape":6,"shapeName":"Earth spherical with radius of 6,371,229.0 m","gridUnits":"degrees","resolution":48,"winds":"true","scanMode":0,"nx":360,"ny":181,"basicAngle":0,"lo1":0.0,"la1":90.0,"lo2":359.0,"la2":-90.0,"dx":1.0,"dy":1.0}, "data":
[rows 26 to 51 of 181, columns 118 to 176 of 360]
-0.0904834,0.1095166,0.3695166,0.7895166,2.2095165,1.0195166,1.1895165,1.5995166,2.8695166,3.2295165,1.5195166,1.9095166,1.3595166,2.2595167,1.9695166,2.4095166,2.8795166,1.8895166,2.9595165,2.4995165,0.2795166,-0.5704834,-0.2104834,0.16951661,0.1495166,-1.4604834,0.3795166,-1.7904834,-0.0704834,-2.2304833,-0.3804834,-1.4204834,-0.9104834,-4.0304832,-5.110483,-3.9504833,-3.0704834,-3.9704833,-5.4104834,-4.9704833,-3.5804834,-5.3304834,-3.3804834,-6.340483,-5.4504833,-4.1804833,-2.9104834,-2.7304833,-0.6904834,0.2195166,-1.7704834,-1.5804834,-2.5504835,-5.8704834,-3.2704835,-2.6504834,-3.8704834,-2.1804833,-2.3704834
-0.3504834,0.3095166,0.3395166,1.1195166,3.4395165,2.4395165,1.7095166,2.5095167,0.9595166,0.7095166,1.3495166,2.0495167,2.0595167,1.4195166,1.7795166,1.7695166,1.5195166,0.9295166,0.5695166,0.0395166,0.2095166,-1.1804833,-1.2504834,-0.1304834,0.5795166,-0.7404834,-1.3804834,0.0595166,-0.0404834,-0.2704834,-0.4304834,-0.0404834,-1.2204834,-1.7804834,-5.1804833,-5.5304832,-4.7904835,-4.2204833,-5.340483,-5.2104836,-6.070483,-4.9604836,-4.2704835,0.2795166,1.4195166,1.4095166,1.3795166,0.5495166,0.1395166,-1.5204834,-2.0904834,-3.9604833,-3.0804834,-2.5104835,-4.7504835,-4.4704833,-1.7704834,-0.9604834,-1.7604834
0.2795166,0.8395166,1.0895166,1.4095166,1.0395166,1.3195167,1.1895165,1.1395166,1.1595166,1.6595166,1.9595166,2.3095167,2.4795165,2.2095165,2.7195165,2.8895166,2.1495166,1.5095166,-2.1804833,-2.1904833,-1.8904834,-0.2804834,-0.9304834,0.4295166,-1.1404834,0.019516602,-0.6104834,-0.5504834,-0.9204834,-0.4204834,-0.90048337,0.0995166,-0.5504834,-2.4104834,-3.7204833,-4.3104835,-5.0304832,-3.7404833,-3.3504834,-2.5204835,2.1795166,3.2795167,4.1195164,2.4395165,-2.5904834,0.6295166,3.4395165,-0.6404834,-0.4504834,-0.2904834,-2.1604834,-1.9004834,-0.6204834,-0.7804834,-1.5304834,-1.8804834,-0.6004834,-0.1304834,-0.8804834
0.8595166,1.5195166,2.2895167,1.4295166,1.7795166,1.5195166,1.4495167,0.9695166,0.59951663,1.0695167,1.9695166,2.6095166,2.4095166,2.0195167,1.7595166,2.5695167,1.4395165,1.6695166,0.1095166,0.48951662,-0.3104834,0.029516602,-0.1304834,-0.5404834,-0.9804834,-0.7704834,-0.4804834,0.3495166,-0.3104834,-1.3604834,-2.1804833,-2.1104834,-2.4104834,-3.0204835,-3.4004834,-3.6504834,-3.1004834,-4.2204833,-0.0504834,1.4495167,3.5895166,4.1695166,2.4995165,-0.1604834,4.389517,2.4495165,1.3095165,0.8195166,1.7695166,1.6395166,-0.1204834,-2.1804833,-0.4504834,-1.2704834,3.5595167,0.7695166,-1.4004834,-1.2204834,-0.010483398
1.8195167,0.8395166,1.3295166,2.3295166,2.2095165,1.2095166,1.9595166,2.2695167,1.7495166,1.5095166,1.2795166,0.8095166,0.6295166,-0.1704834,0.6095166,0.9495166,1.6995167,1.9995166,0.3595166,0.2295166,1.1495166,-0.3204834,-0.7204834,-0.4704834,-0.65048337,-0.1604834,-0.8604834,-0.9604834,0.3995166,-0.9504834,-0.4804834,-0.3304834,1.0095166,0.0895166,-0.9504834,0.6695166,0.9395166,4.889517,4.7395167,4.7295165,4.9995165,4.2395167,3.0595167,3.1495166,-2.7904835,-1.6604834,1.5595165,2.0595167,2.4695165,4.6095166,2.5895166,2.0795166,0.9895166,4.2795167,0.59951663,-0.7204834,1.2395166,5.5295167,5.4595165
1.5595165,0.6995166,1.2795166,1.5895166,2.8895166,2.3095167,2.2595167,1.0395166,0.2495166,0.8295166,0.6195166,-0.0404834,-0.5904834,-1.1604834,0.2695166,1.4495167,2.0595167,2.0195167,1.2095166,0.6195166,-0.2704834,-0.5204834,-0.8304834,-0.2104834,1.4695166,-0.2804834,-0.2504834,0.0595166,-0.3404834,-0.2404834,0.2395166,0.5495166,-4.8339844E-4,-2.2204833,-2.1204834,1.0295166,2.1895165,2.8895166,4.0995164,3.3795166,3.1695166,2.6095166,0.4695166,0.4195166,1.2495166,4.2795167,2.5595167,5.4695168,4.0295167,3.4995165,2.8095167,2.5995166,2.5995166,2.9995165,3.4295166,4.2695165,4.7895164,5.5195165,5.679517
2.0295167,2.8695166,3.8695166,4.0295167,4.7195168,3.0995166,2.0795166,1.2895166,0.2795166,0.2895166,-2.0604835,-2.6904833,-1.5404834,-0.7404834,0.049516603,0.6695166,1.0795166,0.9195166,1.3195167,0.3595166,-0.4004834,-0.5104834,-2.0904834,-3.2704835,-3.1204834,-1.8304834,-0.8804834,-0.1404834,0.1995166,0.3995166,0.4995166,0.8595166,0.8895166,0.8195166,1.1895165,2.1495166,2.3995166,1.8595166,0.9195166,0.16951661,-1.7704834,0.9795166,0.5295166,-0.0904834,1.5095166,0.009516601,5.9395165,5.0595164,4.679517,4.0895166,2.9495165,2.9195166,2.6195166,2.5995166,3.4795165,3.9795165,4.3195167,5.1495166,5.1895165
2.7395165,-0.0704834,1.6895165,1.1395166,2.2995167,4.9395165,1.1495166,1.3495166,0.5095166,-0.3204834,0.7995166,1.7795166,0.6595166,-0.7204834,-0.020483399,0.3495166,1.0995166,1.2095166,1.4795166,1.4795166,0.7495166,-4.1404834,-6.4504833,-4.8704834,-3.0104835,-2.1004834,-1.2304834,-0.4404834,0.0695166,0.8995166,1.1195166,1.2695166,1.0995166,0.9595166,1.0595165,0.7295166,-0.3404834,-0.7304834,-0.4604834,1.0695167,2.6795166,-1.3704834,-1.6004834,2.5995166,-0.2104834,3.8395166,6.889517,6.8695164,5.5995164,4.5795164,2.9595165,3.0295167,3.4495165,3.2995167,3.0695167,3.8395166,3.1095166,3.1595166,5.1095166
0.009516601,0.3095166,0.8195166,1.4195166,0.6395166,0.6295166,1.2295166,2.0195167,0.9595166,0.5195166,0.8595166,0.59951663,0.3295166,-1.4804834,1.5395166,0.8095166,2.2295165,2.7695167,2.2195165,0.9995166,-9.190483,-6.9204836,-4.4004836,-3.6504834,-2.6904833,-2.0304835,-0.8604834,-0.020483399,1.1595166,2.0895166,2.2295165,2.1995165,1.3195167,2.2795167,1.7895166,0.0895166,-0.7204834,-0.19048339,0.1595166,-0.4604834,-2.1204834,0.2295166,2.1895165,-1.2904834,2.2595167,5.3195167,7.5095167,6.7095165,6.0195165,4.0595164,3.4595165,3.8395166,3.2595167,3.1495166,2.7695167,2.5395167,2.5395167,3.0695167,4.9195166
0.1995166,0.0995166,-0.020483399,0.2695166,0.1395166,1.3295166,0.4595166,0.019516602,0.4595166,1.9595166,2.0295167,1.3795166,1.1695166,1.1795166,1.3795166,0.079516605,0.5095166,0.6395166,-0.0704834,-4.6604834,-5.4804835,-6.1404834,-4.9704833,-4.7804832,-3.9904833,-2.0904834,-0.2504834,1.4795166,2.6095166,3.3495166,3.8895166,3.1395166,0.9995166,1.8695166,4.0695167,1.7195166,-0.3304834,-1.2004834,0.3295166,-0.7004834,-1.0004834,1.1395166,0.6995166,3.3595166,1.3495166,8.139517,6.7495165,6.4395165,6.3195167,7.5895166,6.0695167,5.1495166,4.4595165,3.7295165,2.7595167,2.2495165,2.7495165,2.7395165,2.7895167
0.2195166,0.1395166,1.7095166,0.5595166,0.9495166,0.7195166,1.5495166,0.8995166,1.5295166,1.4095166,-0.7204834,-0.7304834,-1.1004834,-2.3204834,-0.0904834,-0.7304834,-1.6004834,-0.0404834,-2.0404835,-4.5804834,-2.2604835,-1.8604834,-1.5104834,-5.2204833,-4.6404834,-0.9304834,4.2395167,7.0395164,6.0495167,6.0895166,6.4895167,4.8295164,3.6695166,3.8495166,4.179517,0.6595166,-2.9704833,-3.7904835,4.179517,-0.010483398,-0.0604834,0.6495166,2.9295166,3.1295166,3.4795165,5.1495166,5.3495164,4.9595165,4.949517,5.0495167,4.7695165,4.2095165,3.6295166,3.0395167,2.0595167,1.9295166,3.2295165,3.3195167,3.0295167
-0.22048339,-0.22048339,0.079516605,0.4795166,1.1895165,1.3695166,1.3295166,0.4395166,1.9295166,1.4295166,1.3395166,1.1195166,0.3395166,1.0295166,-1.5104834,-0.9904834,-0.4804834,-0.2904834,-2.5404835,-1.1704834,-1.7804834,-1.7304834,-1.6404834,-0.9804834,-0.90048337,-2.3004835,1.2495166,7.5195165,7.3095164,6.8595166,6.1895165,4.7795167,3.8195167,5.9795165,3.3295166,-0.9804834,-3.6204834,-1.9204834,1.4995166,-0.6304834,0.2195166,3.0795166,1.4195166,2.7695167,3.2295165,3.5695167,3.1195166,3.3295166,3.3195167,3.4395165,3.5795166,3.4295166,3.4295166,3.3795166,3.6695166,0.9195166,3.4395165,2.7395165,2.5195167
1.4795166,1.3895166,0.7895166,0.7395166,0.6795166,1.5795166,1.4595166,1.2195166,1.4995166,1.9195166,2.0995166,1.3595166,0.6095166,0.2595166,-0.8004834,-0.2904834,0.2595166,0.8795166,-2.8804834,-2.4804833,-2.3004835,-1.5304834,-5.1404834,-0.8404834,-1.7504834,-3.1304834,2.3195167,4.9695168,7.1695166,6.2795167,5.3495164,6.2595167,4.5995164,3.5395167,1.6795166,0.5795166,0.6695166,1.8495166,-0.6404834,0.9295166,1.4695166,-0.9804834,-0.1204834,0.5095166,0.2595166,-0.5904834,0.3395166,1.6995167,1.9395165,2.5695167,2.9495165,2.6695166,2.8495166,2.8495166,2.5795166,2.3095167,2.3095167,2.4295166,2.7695167
0.1895166,0.5095166,1.7095166,2.8795166,3.2195165,2.0295167,1.5795166,2.1995165,1.9195166,0.7995166,1.4695166,1.8795166,-0.4304834,-0.9504834,0.2195166,-0.9104834,0.5095166,-0.6404834,-0.8204834,-3.0604835,-0.3504834,-1.9204834,-2.0604835,-6.2104836,-1.0804834,-1.3404834,1.2995166,3.9995165,6.2495165,6.1495166,6.0795164,5.6195164,4.7995167,-0.7204834,-2.4904833,0.4795166,0.3895166,1.5495166,2.9595165,-2.4504833,-3.6304834,-2.8604834,-1.9704834,-2.2204833,-3.2204833,-0.2304834,-0.4704834,0.1495166,1.0295166,1.8095165,2.2695167,2.0695167,1.8395166,1.8695166,2.1295166,2.4395165,2.6295166,2.8295166,3.0095167
2.2995167,3.6895165,4.8695164,4.449517,3.7795167,1.4595166,2.2395165,2.5395167,2.1795166,0.9795166,1.7095166,1.0895166,-0.4804834,-1.1804833,0.1595166,-0.2904834,1.3195167,0.3095166,0.8095166,-4.0304832,-0.4104834,-0.90048337,-0.1304834,-5.9704833,2.8795166,-1.0404834,-1.8604834,6.5995164,7.2695165,7.7095165,6.0495167,5.2695165,3.7595167,-0.030483399,-2.2704835,1.6195166,2.7995167,-2.3304834,-6.8104835,-4.8904834,-4.300483,-4.1204834,-3.9404833,-4.0004835,-3.0104835,-2.3504834,-1.4304833,-0.9304834,-0.4104834,0.1295166,0.6695166,1.1795166,1.4295166,1.4595166,1.9595166,2.5395167,3.3995166,3.5595167,3.6795166
4.7495165,6.3095164,3.8395166,4.5595164,3.2395165,1.7295166,2.4095166,2.4895165,2.6695166,2.2695167,0.6795166,-0.5304834,-0.3804834,-0.9104834,-0.020483399,0.029516602,0.5195166,0.6495166,1.2695166,-1.2104834,-4.8339844E-4,0.2095166,-1.0504833,-4.1404834,0.2395166,0.7695166,2.6095166,7.0095167,7.2595167,7.1295166,5.9795165,4.409517,3.0595167,1.9195166,-3.1304834,-2.4304833,-2.8604834,-7.3304834,-6.0604835,-5.1604834,-5.1904836,-4.8304834,-5.2004833,-5.2904835,-4.7704835,-4.0204835,-3.2404833,-2.9504833,-1.8804834,-1.7004834,-1.5704834,-1.0204834,-0.4904834,1.1595166,2.5295167,3.5895166,4.7795167,4.5195165,4.3695164
7.639517,7.0095167,4.3295164,1.9995166,1.0795166,1.9195166,2.9795165,2.3095167,2.7595167,2.7095165,1.0495166,-0.0404834,-0.8504834,-0.3404834,1.2995166,1.1495166,2.1495166,1.8695166,0.6995166,-0.8004834,-0.030483399,-1.2204834,-1.5904834,1.2795166,3.7895167,0.3695166,2.9795165,5.1695166,6.2395167,5.909517,5.0895166,2.8295166,2.0295167,-0.8904834,-3.2604835,-5.820483,-6.9304833,-6.7104836,-6.8304834,-6.0204835,-5.9404836,-6.360483,-6.550483,-5.8304834,-4.7604833,-4.6204834,-3.6204834,-3.3804834,-2.9204834,-2.4204834,-1.3804834,-0.19048339,0.2995166,0.8795166,2.5695167,2.9395165,3.2595167,3.7095165,4.429517
7.2395167,8.159516,5.449517,0.1295166,0.1395166,0.5495166,2.2495165,2.7495165,2.2095165,1.7895166,0.8695166,-0.26048338,0.7095166,1.2695166,0.4695166,2.2795167,1.6095166,1.7095166,0.4095166,-0.7104834,-1.0904834,0.3995166,2.9695165,5.2995167,3.6195166,0.7795166,2.2395165,3.7795167,6.7195168,4.9895167,2.9395165,0.9795166,-1.4904834,-3.4004834,-5.610483,-6.340483,-7.8104835,-7.4304833,-7.1004834,-6.8104835,-6.860483,-6.3804836,-5.610483,-4.2104836,-4.0604835,-3.7504835,-3.1204834,-2.9404833,-2.0704834,-1.0204834,-0.9404834,-0.5204834,0.3095166,2.2595167,4.6895165,4.6695166,4.5295167,5.389517,6.0095167
7.0995164,5.5095167,3.2395165,1.6095166,0.6795166,1.2295166,2.5495167,3.2795167,2.5595167,1.2195166,0.6195166,0.3895166,0.4695166,0.7795166,0.4495166,1.8395166,0.7395166,-0.1604834,-1.0304834,-0.7004834,2.2595167,3.9295166,4.429517,4.4395165,2.3995166,2.2195165,2.3395166,2.0895166,4.0295167,3.3695166,1.2795166,-1.1504834,-1.4104834,-4.7104836,-6.0004835,-7.0304832,-7.9104834,-7.6404834,-6.7304835,-5.610483,-3.4104834,-1.8204834,-1.9304833,-1.6704834,-0.9104834,-0.8304834,0.7695166,0.3495166,0.59951663,0.8395166,1.3695166,1.5495166,2.2095165,2.5095167,3.2495165,5.0195165,7.7595167,8.009517,6.8495164
5.4995165,4.0095167,2.1295166,0.2095166,4.929517,5.389517,4.7195168,3.9395165,4.0495167,2.6395166,0.8695166,0.0595166,1.9195166,-0.4004834,0.2695166,2.9095166,0.9895166,-0.2004834,-1.1804833,3.2995167,4.7595167,5.6495166,5.7495165,5.0095167,2.3695166,0.9195166,2.5595167,2.7095165,2.5095167,0.5295166,2.5995166,-2.2604835,-1.7904834,-6.7304835,-7.5204835,-7.570483,-8.180484,-6.2404833,-3.5204835,-1.9704834,-1.0804834,-0.100483395,-1.1204834,-0.7604834,0.4695166,0.8395166,1.0095166,0.9495166,2.3595166,2.8095167,2.8795166,2.6095166,2.3395166,2.3795166,1.8495166,1.9695166,2.8395166,8.719517,8.669517
1.4295166,1.5495166,2.8895166,3.0995166,5.659517,5.7995167,6.0695167,4.9895167,3.9995165,1.3195167,0.7095166,0.4195166,0.9895166,0.2395166,2.9395165,0.6195166,-0.3004834,-0.4204834,3.1495166,4.2795167,4.2995167,3.9195166,2.8795166,2.7195165,0.8395166,-0.4604834,0.3395166,1.0495166,1.2695166,-0.5504834,1.4195166,-0.5304834,-3.7504835,-5.2104836,-6.6404834,-6.550483,-5.8904834,-4.320483,-2.6704834,-1.1704834,-0.0404834,-0.19048339,-1.0904834,-0.3704834,1.3295166,1.5295166,2.0295167,2.3895166,3.2395165,3.7595167,2.8995166,1.6195166,1.5495166,1.8295166,2.4995165,2.3695166,2.3395166,9.309517,11.739516
3.2395165,6.5195165,7.5595164,7.889517,6.949517,6.5295167,5.5995164,3.4695165,2.7395165,0.9995166,1.2495166,0.029516602,0.2895166,0.5695166,1.9195166,0.049516603,1.2495166,2.8995166,2.8795166,2.7795167,2.1495166,1.5995166,0.3395166,0.4195166,2.4595165,0.5395166,1.4795166,2.6295166,3.5295167,2.0095167,0.0695166,-2.4504833,-3.4504833,-5.1304836,-5.340483,-5.570483,-4.840483,-3.6804833,-2.1804833,-0.2804834,0.59951663,0.6095166,0.2095166,0.7995166,0.7395166,1.4695166,1.8895166,3.0795166,2.3095167,2.5195167,3.0795166,2.8495166,2.9795165,2.2995167,2.5795166,2.8395166,2.6195166,4.2095165,8.229517
4.0895166,3.8495166,6.5395164,5.7195168,4.3595166,4.2795167,1.6995167,1.7795166,1.5395166,1.3795166,0.3195166,0.6095166,1.1795166,-0.19048339,0.6095166,-0.7204834,-0.1504834,1.0795166,0.8195166,0.7695166,1.0495166,1.0995166,1.1095166,-0.8204834,2.9695165,0.9795166,-0.2704834,3.1795166,2.9395165,2.5695167,0.2395166,-1.4704834,-2.9204834,-4.360483,-5.1504836,-4.590483,-3.9904833,-2.7004833,-1.5804834,-0.4804834,-0.26048338,-0.22048339,0.2795166,0.029516602,0.3695166,2.4095166,2.4395165,1.3295166,1.8495166,2.6095166,2.9295166,3.3395166,3.7095165,3.0295167,2.8695166,3.1495166,2.8995166,1.3595166,2.8495166
1.5895166,2.3495166,2.7295165,4.6695166,3.9995165,2.1995165,1.4295166,0.5295166,-0.4004834,-0.1604834,-0.3204834,0.0895166,0.1095166,-0.7404834,-0.7604834,-0.7504834,-0.5504834,-1.1104834,-1.8904834,-0.4804834,0.8095166,0.8195166,0.1195166,-0.1804834,2.9395165,2.2995167,2.0295167,2.3095167,2.3995166,1.7095166,0.2995166,-0.3604834,-1.0404834,-2.1104834,-2.9904833,-3.0904834,-2.3504834,-1.6304834,-0.6804834,-0.26048338,-0.6204834,-1.0604835,-0.8304834,-0.1404834,0.6595166,-0.0504834,0.8395166,1.3795166,1.6595166,2.6795166,3.3395166,2.4695165,2.3595166,3.7895167,3.7295165,3.6095166,3.2495165,2.5795166,3.4295166
-0.4704834,1.3995166,3.6895165,6.9795165,4.2395167,0.48951662,-0.2904834,-0.2804834,-1.0704834,0.049516603,1.6495166,-0.5704834,-1.8004833,-1.2704834,-1.8904834,-1.3204834,-1.5604835,-3.5904834,-4.2604833,3.3995166,3.4295166,2.3295166,0.7695166,-0.1504834,0.2795166,1.0995166,1.6895165,1.6795166,1.4495167,0.4295166,-0.4104834,-1.1504834,-1.6204834,-2.3204834,-2.9004834,-2.8204834,-2.3804834,-1.8204834,-1.2704834,-1.0904834,-0.5604834,-0.0604834,0.6995166,0.7295166,0.4495166,0.7095166,1.4195166,1.9695166,2.0995166,2.5695167,2.9295166,3.2395165,2.9895165,4.0795164,3.8095167,3.4495165,3.3195167,2.9295166,5.6695166
3.3595166,6.4595165,7.0795164,5.909517,3.8195167,3.2395165,1.8495166,0.2195166,-0.6304834,0.0595166,-0.4604834,-0.9704834,-1.2804834,-1.0104834,-1.3704834,-1.7404834,-2.9504833,-3.3304834,-1.2104834,2.7695167,2.4795165,0.9195166,0.5095166,0.6795166,-1.1004834,0.5695166,3.2995167,2.9695165,2.9395165,3.1795166,0.6895166,-0.9304834,-1.2304834,0.5295166,1.2395166,1.2895166,1.2195166,0.9395166,0.2595166,0.3695166,1.0695167,1.2695166,0.2595166,-0.0804834,1.1295166,2.6395166,2.7795167,2.8095167,2.9895165,3.2195165,3.8195167,5.2195168,4.4695168,3.9095166,4.2795167,3.9595165,4.159517,4.1495166,4.679517
