json-data/2022072018.json
{"header": {"discipline":0,"disciplineName":"Meteorological products","gribEdition":2,"gribLength":79526,"center":7,"centerName":"US National Weather Service - NCEP(WMC)","subcenter":0,"refTime":"2022-07-20T18:00:00.000Z","significanceOfRT":1,"significanceOfRTName":"Start of forecast","productStatus":0,"productStatusName":"Operational products","productType":1,"productTypeName":"Forecast products","productDefinitionTemplate":0,"productDefinitionTemplateName":"Analysis/forecast at horizontal level/layer at a point in time","parameterCategory":2,"parameterCategoryName":"Momentum","parameterNumber":3,"parameterNumberName":"V-component_of_wind","parameterUnit":"m.s-1","genProcessType":2,"genProcessTypeName":"Forecast","forecastTime":0,"surface1Type":103,"surface1TypeName":"Specified height level above ground","surface1Value":10.0,"surface2Type":255,"surface2TypeName":"Missing","surface2Value":0.0,"gridDefinitionTemplate":0,"gridDefinitionTemplateName":"Latitude_Longitude","numberPoints":65160,"shape":6,"shapeName":"Earth spherical with radius of 6,371,229.0 m","gridUnits":"degrees","resolution":48,"winds":"true","scanMode":0,"nx":360,"ny":181,"basicAngle":0,"lo1":0.0,"la1":90.0,"lo2":359.0,"la2":-90.0,"dx":1.0,"dy":1.0}, "data":
[rows 81 to 107 of 181, columns 300 to 359 of 360]
0.9995581,2.0195582,1.7795581,0.8795581,0.16955811,-0.5604419,-0.7004419,-0.7404419,-0.92044187,-1.8104419,-3.030442,-3.7204418,-3.780442,-4.0504417,-4.310442,-4.270442,-3.7404418,-3.610442,-4.400442,-4.8404417,-4.5504417,-3.870442,-3.0104418,-2.630442,-1.5204419,-1.2004418,-0.2204419,0.8195581,2.5395582,3.0495582,3.3195581,4.229558,7.129558,6.759558,7.169558,5.8895583,5.749558,5.7195582,5.809558,5.629558,5.1995583,5.1995583,4.799558,5.3895583,4.989558,4.1395583,3.5095582,0.7295581,0.9695581,0.9695581,2.189558,1.789558,1.9895581,1.1495581,1.6795582,3.449558,3.849558,2.939558,2.109558,2.159558
0.3995581,1.5195581,1.8695581,1.1095581,0.43955812,-0.070441894,-0.2704419,-0.73044187,-1.3204418,-0.98044187,-1.1704419,-3.140442,-3.570442,-3.620442,-4.5904417,-4.560442,-4.310442,-3.5004418,-3.120442,-3.4404418,-2.630442,-1.1204419,-0.1804419,0.2995581,0.049558107,0.7395581,1.9395581,1.7095581,2.399558,3.7595582,5.019558,6.1595583,6.879558,7.289558,6.519558,6.739558,6.849558,6.549558,6.249558,5.669558,5.249558,5.1995583,5.6795583,6.729558,6.009558,3.8395581,4.379558,4.059558,1.7595581,1.4595581,1.1995581,0.2995581,1.1895581,1.669558,2.4895582,2.7695582,2.659558,2.199558,1.1495581,1.2295581
-0.9504419,-0.4304419,1.3595581,1.1995581,0.57955813,-0.2504419,-0.6204419,0.4795581,-0.1404419,-1.0304419,-1.840442,-3.790442,-3.7604418,-3.6804419,-3.650442,-3.360442,-4.040442,-4.210442,-4.460442,-3.5004418,-2.530442,-1.7604419,-0.8604419,-0.19044189,0.16955811,0.76955813,1.6195581,2.969558,3.469558,4.519558,6.1395583,6.999558,7.1995583,6.8895583,7.069558,7.4695582,7.019558,5.959558,5.489558,4.649558,5.419558,5.479558,5.8695583,6.029558,5.1595583,7.189558,6.709558,7.519558,7.349558,1.5795581,1.7595581,0.9295581,1.0495582,1.6395581,2.2795582,2.7495582,1.2295581,0.079558104,1.1495581,0.9595581
-0.92044187,-0.11044189,-0.8304419,-3.7004418,-3.9904418,-3.9704418,-1.9904419,-0.6504419,-0.1404419,0.009558106,-1.7804419,-2.4804418,-4.020442,-4.180442,-3.820442,-2.900442,-2.5104418,-1.8104419,-0.4904419,-2.0104418,-1.7304419,-0.21044189,1.8695581,3.5295582,3.919558,3.7395582,4.709558,4.559558,5.249558,5.999558,6.939558,7.259558,7.189558,7.509558,8.2095585,7.1995583,6.399558,6.089558,5.759558,4.9695582,5.169558,5.099558,5.349558,5.1195583,5.489558,5.279558,5.609558,6.879558,8.159558,7.8895583,3.419558,2.969558,1.3895581,1.4895581,2.0495582,1.9595581,2.429558,3.0195582,2.4995582,3.0395582
-0.5404419,-1.330442,-1.2604419,-0.37044188,-0.28044188,1.169558,0.7095581,-0.0904419,-0.5804419,-1.2004418,-1.4704419,-1.7604419,-1.9504418,-3.4504418,-3.110442,-1.6404419,-0.2004419,0.4495581,0.3695581,0.2095581,1.4295582,2.599558,3.379558,4.789558,4.9495583,4.569558,5.1395583,5.079558,6.499558,6.999558,7.499558,7.789558,8.559558,7.999558,7.109558,6.489558,6.339558,5.769558,5.149558,4.919558,4.249558,4.709558,4.899558,4.4095583,4.739558,5.289558,5.4695582,6.1195583,6.919558,7.439558,6.999558,5.809558,2.359558,2.2795582,3.0695581,5.829558,5.609558,4.039558,2.679558,4.499558
0.019558106,-0.4704419,-0.37044188,-0.3804419,-1.1304419,-0.4404419,-1.090442,-0.4804419,-0.4504419,-1.1304419,-1.1004419,-0.92044187,-1.8204418,-2.4804418,-1.2604419,-0.37044188,-1.4904419,0.009558106,0.9895581,1.6895581,1.1895581,3.199558,4.689558,4.319558,3.459558,1.7695581,2.719558,4.939558,6.6795583,7.1395583,6.859558,7.029558,6.779558,6.989558,6.309558,6.299558,5.689558,4.749558,4.819558,4.8695583,4.789558,4.419558,4.309558,4.569558,5.009558,5.069558,5.509558,6.169558,6.379558,6.079558,5.709558,5.169558,5.099558,4.809558,5.009558,4.1995583,5.1995583,5.1995583,5.3695583,5.039558
-1.4404418,-0.24044189,0.029558105,-0.5304419,-1.4704419,-0.4504419,-1.0104419,-0.8304419,0.40955812,-1.2504419,-0.5804419,-0.5904419,-0.5704419,-0.92044187,-0.8504419,-0.2004419,0.14955811,0.8795581,1.6495581,3.219558,4.4495583,5.3695583,6.6595583,6.1995583,6.4295583,7.4095583,6.9695582,7.599558,6.169558,5.599558,5.399558,5.759558,5.8695583,5.9295583,5.849558,5.759558,4.9095583,3.979558,4.1195583,4.6595583,4.149558,4.559558,4.989558,5.1195583,4.919558,4.899558,5.039558,5.419558,5.749558,5.799558,5.6995583,5.4295583,4.899558,4.749558,4.6195583,4.489558,5.049558,4.509558,4.4495583,4.319558
-1.7304419,-0.4904419,1.0795581,-0.8804419,-0.0904419,-0.5504419,-0.4104419,-0.16044189,0.019558106,0.5495581,0.1395581,-0.2704419,-0.7404419,-0.8904419,-0.8704419,-1.090442,0.2195581,2.179558,2.619558,3.7695582,6.8695583,7.3895583,8.399558,8.489558,8.489558,8.119558,7.899558,7.019558,6.809558,5.509558,4.809558,4.399558,4.6395583,5.039558,4.6395583,4.339558,4.239558,3.869558,2.7395582,2.349558,2.939558,3.939558,4.529558,4.819558,4.759558,4.549558,4.259558,5.049558,5.1995583,5.3695583,6.029558,5.479558,5.7195582,5.709558,5.399558,5.3695583,5.1795583,5.009558,4.939558,4.399558
-0.030441895,-1.0004419,-1.9204419,-2.2304418,-1.7004418,-1.5004419,0.1395581,0.3995581,0.2595581,0.3395581,-0.9304419,-2.1604419,-1.8504419,-2.7004418,-1.7504419,-0.5604419,0.06955811,1.1195581,3.2695582,5.509558,8.189558,8.379559,8.589558,8.669559,7.819558,8.099558,7.759558,7.079558,6.459558,5.289558,4.309558,3.5595582,3.179558,3.8295581,3.149558,2.919558,2.909558,3.3195581,2.159558,1.2695581,1.3795581,2.3195581,3.409558,3.409558,2.9895582,3.3395581,3.2895582,3.189558,3.429558,3.619558,3.729558,3.599558,4.349558,5.2195582,5.859558,6.419558,6.089558,5.3695583,4.829558,4.859558
-0.73044187,-0.9704419,-0.6204419,0.57955813,0.16955811,-0.010441895,0.1895581,-0.4104419,0.1295581,-2.610442,-0.8104419,-1.6404419,-2.2304418,-0.7204419,-0.5404419,-0.7204419,0.51955813,1.5695581,3.469558,6.399558,7.829558,8.819558,7.829558,7.629558,7.759558,7.4695582,7.489558,7.509558,6.779558,6.209558,5.729558,4.499558,4.1795583,3.2895582,3.0495582,2.469558,2.159558,1.0595582,2.189558,1.4995581,0.7795581,1.5995581,1.8195581,1.5495582,2.0295582,1.7795581,1.9395581,1.7195581,2.0295582,1.3495581,2.0895581,2.909558,4.209558,3.919558,5.029558,4.859558,5.049558,4.809558,5.1395583,5.4495583
-0.4804419,-0.070441894,0.5495581,-0.16044189,0.6695581,-1.340442,-1.0004419,-0.8704419,0.09955811,-0.0904419,-0.21044189,-1.1004419,0.3995581,-2.360442,-2.810442,-1.330442,-0.13044189,0.9895581,2.649558,5.4695582,7.269558,8.669559,9.189558,8.339558,7.6395583,7.229558,7.239558,6.729558,6.899558,5.1995583,4.739558,3.7595582,3.9995582,3.8395581,3.599558,1.7295581,2.139558,2.7495582,1.2595581,1.7995582,0.8395581,1.5295581,1.5895581,0.8595581,0.9295581,1.2595581,0.6895581,0.7995581,1.6395581,2.5195582,3.479558,3.0895581,3.659558,4.169558,5.2195582,4.669558,3.0095582,3.389558,3.2695582,4.059558
-0.5404419,-1.5304419,0.109558105,0.6395581,-0.070441894,2.709558,-0.31044188,-0.7604419,1.1195581,-0.34044188,-0.060441896,-0.21044189,0.19955811,0.1195581,2.0195582,1.909558,-1.7804419,-2.2004418,0.3695581,-1.6404419,3.209558,7.579558,8.909558,9.109558,8.769558,7.729558,7.379558,6.079558,5.879558,5.059558,4.309558,4.019558,4.149558,3.5895581,3.439558,2.2895582,1.9395581,2.5295582,2.5295582,2.3095582,2.2695582,0.2195581,0.5995581,0.6195581,0.57955813,1.0995581,0.3595581,1.6295581,0.7495581,2.7395582,3.3095582,3.599558,3.729558,3.3395581,3.0795581,4.629558,4.229558,4.279558,3.969558,4.459558
-0.5304419,1.4495581,1.2395581,1.6995581,0.34955812,-0.9504419,0.3195581,-0.8004419,-1.6204419,-0.2004419,0.6895581,0.19955811,1.0795581,1.909558,1.919558,1.8595581,-1.3104419,0.009558106,-0.9504419,-4.790442,-3.020442,2.879558,5.819558,7.6195583,7.559558,7.299558,5.829558,6.049558,5.379558,5.6795583,4.739558,4.029558,3.859558,3.219558,3.0195582,2.2395582,2.129558,3.0695581,1.8495581,1.9795581,2.7995582,0.5395581,-0.6204419,-0.21044189,0.039558105,0.109558105,0.3895581,0.9195581,2.2595582,2.369558,3.429558,3.8395581,4.149558,3.7595582,3.7895582,3.8195581,4.489558,4.379558,4.729558,4.999558
-0.1404419,-0.7904419,-1.8904419,1.169558,0.43955812,1.1195581,-0.7004419,0.9195581,1.3395581,0.3295581,1.8995581,2.609558,1.4995581,0.6795581,-0.13044189,1.9295582,1.789558,2.0495582,1.2395581,2.2795582,3.149558,2.699558,0.37955812,1.919558,7.1795583,7.1395583,5.339558,4.579558,3.979558,4.799558,4.1195583,3.109558,4.029558,3.199558,2.5295582,4.319558,4.029558,2.4895582,2.5695581,2.2895582,1.9795581,1.6295581,0.5995581,0.2695581,-0.1704419,-0.2204419,0.4195581,1.2595581,2.629558,3.689558,3.889558,4.359558,4.559558,4.499558,3.869558,4.319558,4.459558,4.529558,4.9095583,4.799558
0.9795581,0.7895581,-0.6504419,0.4895581,-0.6404419,-1.1604419,0.4495581,0.1895581,0.6695581,0.5995581,1.7095581,0.76955813,-2.290442,1.5995581,1.7295581,0.8395581,1.7295581,2.189558,2.3095582,2.209558,2.7995582,2.5895581,3.0195582,-4.690442,3.379558,6.309558,5.819558,4.839558,3.359558,3.659558,3.9995582,4.129558,3.2795582,3.429558,2.609558,1.9895581,1.8695581,1.0295581,1.2195581,0.6495581,1.9595581,1.4895581,1.4995581,0.9695581,0.7095581,0.37955812,1.1295581,1.8095582,1.8395581,2.629558,3.919558,3.619558,3.719558,4.259558,3.349558,2.669558,3.709558,4.1395583,4.649558,4.799558
-0.7704419,0.9495581,0.0895581,-0.030441895,0.2695581,0.6295581,0.40955812,0.2995581,0.5695581,1.8495581,0.82955813,1.0995581,1.5595582,0.8595581,1.9895581,2.3395581,2.179558,2.889558,3.689558,2.0595582,2.959558,1.669558,2.5495582,5.1595583,3.149558,5.689558,4.809558,4.299558,3.469558,2.5895581,4.349558,3.659558,2.7695582,1.2095581,1.8295581,1.1495581,1.659558,1.039558,1.1295581,1.9595581,2.109558,1.669558,2.629558,3.0495582,1.909558,1.5795581,1.2995582,1.669558,1.0795581,1.7995582,1.7295581,3.359558,3.929558,3.4895582,3.919558,3.459558,4.459558,4.689558,5.279558,5.309558
0.2595581,-0.3004419,-0.4904419,-4.4189452E-4,-0.070441894,-0.2204419,0.009558106,-0.5104419,0.2395581,0.7495581,0.8895581,1.1995581,1.5995581,2.0795581,2.179558,2.109558,3.429558,3.379558,3.5595582,3.969558,4.599558,4.6195583,4.1595583,4.799558,3.5095582,3.7495582,4.509558,4.059558,3.189558,3.369558,3.2395582,2.199558,3.0795581,2.359558,1.409558,1.7995582,2.179558,2.3095582,1.7195581,1.8795581,3.0295582,1.5295581,1.3095582,2.2495582,2.129558,1.289558,1.6195581,1.0295581,0.76955813,1.1295581,1.3695581,2.649558,2.719558,3.209558,3.4995582,4.259558,4.579558,4.4295583,4.169558,5.079558
0.1595581,-0.020441895,0.51955813,-1.4804419,-0.1704419,0.2595581,0.009558106,0.3195581,0.4195581,0.3095581,1.7495581,1.2295581,1.8495581,1.8895581,2.2895582,2.679558,2.709558,3.0695581,2.5895581,3.379558,2.229558,4.009558,6.049558,4.569558,3.139558,3.669558,4.749558,2.949558,2.3095582,2.5595582,3.0095582,2.0595582,2.099558,1.6395581,1.5195581,2.649558,1.9295582,2.5495582,1.2795581,2.0495582,3.389558,2.7695582,2.699558,2.649558,2.849558,2.5095582,1.669558,2.659558,0.5395581,0.7295581,2.0795581,2.159558,2.3295581,2.879558,4.1395583,4.059558,4.359558,3.7895582,3.7995582,3.9895582
0.3395581,-0.2004419,-0.28044188,-0.4204419,0.7095581,-0.7104419,0.2195581,0.3695581,0.0895581,0.6995581,0.7195581,1.1195581,1.5695581,1.8395581,2.719558,2.369558,1.8495581,2.8295581,2.0195582,5.9695582,4.129558,2.209558,3.5395582,3.199558,2.849558,4.019558,4.9095583,5.109558,3.3295581,2.5495582,2.109558,2.0095582,2.0295582,2.399558,1.419558,2.5595582,2.949558,3.189558,2.189558,2.599558,3.2695582,3.109558,3.3295581,3.7395582,3.709558,3.599558,2.919558,2.949558,2.0095582,2.0595582,1.909558,2.149558,2.2795582,3.199558,3.379558,3.129558,3.979558,3.2795582,3.8295581,3.5695581
0.14955811,0.43955812,-0.0904419,0.3695581,-0.5004419,-0.3604419,-0.5304419,0.3595581,0.8995581,0.8195581,0.9095581,1.1995581,1.6095581,2.349558,0.16955811,1.2395581,0.6595581,0.3395581,0.4995581,5.1995583,7.289558,5.559558,2.8095582,3.669558,4.959558,6.089558,6.549558,5.959558,5.339558,4.6195583,3.919558,3.5395582,1.5295581,0.7595581,1.2795581,2.119558,2.5195582,2.909558,2.3195581,2.5395582,2.5895581,3.189558,3.139558,2.949558,2.949558,3.669558,3.3195581,3.409558,2.5195582,2.729558,2.189558,1.659558,2.389558,2.719558,2.7695582,2.7995582,3.209558,3.4895582,3.609558,3.939558
0.43955812,-0.08044189,0.3995581,-0.5704419,0.029558105,0.029558105,0.1595581,0.46955812,0.40955812,0.8595581,0.6295581,1.2195581,1.7295581,0.9995581,0.9395581,0.9995581,-0.3204419,-0.4904419,0.3095581,2.459558,3.599558,2.399558,4.009558,5.379558,6.109558,5.729558,5.3895583,4.559558,3.979558,4.169558,4.749558,5.1595583,2.9995582,1.0295581,1.0195581,1.4495581,2.349558,2.7695582,3.159558,1.8195581,3.119558,2.469558,3.179558,4.1195583,4.1395583,4.919558,4.239558,5.1395583,2.939558,3.179558,3.169558,2.889558,2.7895582,2.969558,2.7395582,3.389558,4.029558,4.319558,4.319558,4.2195582
-0.6604419,-0.3204419,-0.5304419,-0.4804419,-0.8904419,-0.1804419,-0.1504419,-0.28044188,-0.020441895,0.0895581,0.2995581,1.3495581,1.3395581,1.5095581,1.2095581,-0.4104419,0.7295581,1.2795581,1.3095582,1.2695581,3.939558,3.869558,3.439558,6.259558,5.769558,5.1995583,4.1195583,3.5895581,3.7695582,3.669558,3.9895582,4.819558,4.349558,3.7695582,2.2895582,1.6495581,1.7595581,1.8995581,1.7095581,1.4995581,1.4595581,2.2795582,2.0095582,2.719558,3.449558,2.099558,2.7495582,2.8195581,2.7895582,2.929558,2.419558,2.9995582,2.5195582,2.359558,3.399558,3.5495582,3.0895581,3.899558,4.239558,4.769558
-1.1804419,-1.2804419,-1.0004419,-1.2204419,-1.8904419,-0.6504419,-0.11044189,-0.1804419,0.059558105,-0.12044189,1.1995581,0.46955812,0.22955811,1.539558,1.6795582,1.9895581,0.2695581,0.3095581,1.3895581,1.7395581,3.719558,2.649558,6.849558,5.759558,5.1995583,3.659558,3.099558,2.649558,1.9295582,2.669558,3.139558,3.869558,4.079558,4.289558,3.139558,2.2395582,1.0795581,1.1495581,1.0895581,0.6295581,0.9695581,0.3295581,1.1395581,1.409558,1.8395581,0.9895581,2.159558,2.2395582,0.9995581,2.0395582,2.0795581,1.1995581,2.3095582,2.429558,2.379558,2.5795581,3.8095582,4.589558,4.1595583,4.859558
-1.7004418,-2.1904418,-2.4504418,-1.5204419,-1.9904419,-0.3204419,-0.19044189,0.2395581,-0.0904419,1.0595582,1.3595581,0.3095581,0.1595581,2.119558,1.4695581,1.4595581,0.82955813,0.3595581,2.0295582,0.09955811,1.1095581,4.069558,6.859558,5.499558,4.459558,2.5095582,3.709558,2.5795581,1.3595581,1.3195581,1.8795581,3.3195581,2.699558,1.9995581,2.609558,3.159558,0.7495581,-0.3204419,0.3295581,0.7795581,0.8795581,0.8395581,2.219558,1.2195581,1.9695581,1.2195581,0.8995581,1.409558,0.9295581,1.0795581,1.5795581,2.109558,2.729558,2.669558,2.689558,4.069558,3.7995582,3.699558,4.049558,4.589558
-1.9904419,-1.5304419,-1.0304419,-1.8104419,-1.4204419,-0.8904419,-1.1004419,-1.0004419,-0.2204419,0.6395581,0.7795581,0.9495581,-0.1404419,1.1495581,2.459558,1.7995582,0.9395581,1.0895581,0.029558105,2.969558,2.0695581,4.039558,6.3895583,4.4095583,4.569558,2.8095582,1.8195581,4.289558,2.5595582,1.3195581,1.4995581,1.8095582,1.7495581,2.0495582,1.4795581,2.2895582,2.5495582,0.9495581,1.2195581,1.4395581,1.7795581,2.8395581,2.7795582,2.959558,3.099558,2.5495582,2.389558,2.5495582,3.179558,1.9695581,1.9895581,3.2395582,3.0395582,3.3395581,3.5695581,4.509558,5.299558,5.689558,5.939558,5.559558
-3.060442,-2.380442,-2.140442,-2.0004418,-0.08044189,0.6195581,-1.2004418,-1.0604419,-1.8004419,0.019558106,0.3995581,0.5995581,1.1795582,0.7795581,1.8495581,0.57955813,0.6695581,1.3195581,1.9995581,0.8495581,3.179558,2.2995582,4.959558,4.539558,3.7495582,1.789558,1.419558,2.919558,2.4895582,1.9695581,2.2795582,1.2495581,1.9695581,0.2195581,-0.050441895,1.0795581,2.3195581,2.679558,2.5895581,2.179558,1.9895581,2.859558,2.479558,1.9895581,2.849558,3.0595582,2.939558,2.599558,2.689558,3.619558,3.5295582,3.5495582,3.7695582,3.0195582,4.109558,4.329558,4.269558,4.289558,4.169558,4.1595583
-2.790442,-2.7604418,-1.8104419,-1.6904418,-1.2904419,-2.1704419,-0.3304419,0.079558104,-0.5704419,0.059558105,-0.5504419,0.09955811,0.2995581,0.7795581,0.7495581,1.7095581,1.789558,-0.2304419,2.0295582,1.6195581,0.4895581,3.419558,3.9895582,4.459558,4.129558,3.0795581,2.0795581,0.5095581,1.1495581,1.1995581,0.9595581,1.6795582,2.149558,-1.5704418,-0.8804419,0.2495581,1.2595581,2.119558,1.669558,1.2995582,1.3495581,1.0795581,1.4595581,2.0795581,2.959558,3.189558,2.7995582,2.349558,1.9795581,2.399558,2.5595582,2.629558,2.979558,3.399558,3.2795582,2.699558,2.7795582,2.619558,2.9895582,3.3395581
