json-data/2022072812.json
{"header": {"discipline":0,"disciplineName":"Meteorological products","gribEdition":2,"gribLength":79480,"center":7,"centerName":"US National Weather Service - NCEP(WMC)","subcenter":0,"refTime":"2022-07-28T12:00:00.000Z","significanceOfRT":1,"significanceOfRTName":"Start of forecast","productStatus":0,"productStatusName":"Operational products","productType":1,"productTypeName":"Forecast products","productDefinitionTemplate":0,"productDefinitionTemplateName":"Analysis/forecast at horizontal level/layer at a point in time","parameterCategory":2,"parameterCategoryName":"Momentum","parameterNumber":3,"parameterNumberName":"V-component_of_wind","parameterUnit":"m.s-1","genProcessType":2,"genProcessTypeName":"Forecast","forecastTime":0,"surface1Type":103,"surface1TypeName":"Specified height level above ground","surface1Value":10.0,"surface2Type":255,"surface2TypeName":"Missing","surface2Value":0.0,"gridDefinitionTemplate":0,"gridDefinitionTemplateName":"Latitude_Longitude","numberPoints":65160,"shape":6,"shapeName":"Earth spherical with radius of 6,371,229.0 m","gridUnits":"degrees","resolution":48,"winds":"true","scanMode":0,"nx":360,"ny":181,"basicAngle":0,"lo1":0.0,"la1":90.0,"lo2":359.0,"la2":-90.0,"dx":1.0,"dy":1.0}, "data":
[rows 26 to 51 of 181, columns 58 to 115 of 360]
1.4112695,1.6412696,1.6712695,2.7612696,1.8912696,0.97126955,1.4512695,1.7612696,-1.6287304,-0.24873047,-1.3587304,-1.7787305,-2.3687305,-2.9787304,-4.1287303,-5.3487306,-6.7587304,-6.8687305,-6.9587307,-7.1787305,-7.3787303,-6.6187305,-5.8787303,-5.8187304,-4.0787306,-4.3187304,-4.7287307,-7.5687304,-2.4087305,0.0012695312,-1.1887305,-2.5487304,-3.0687304,-2.7187304,-1.5787305,-2.5587304,-3.6487305,-1.8387305,-0.83873045,-0.52873045,-0.47873047,-1.4487305,-1.9587305,-1.5887305,-2.2287304,-1.6387305,-1.8287305,-2.5387304,-1.5387305,-1.0287305,-0.5087305,-0.03873047,1.1312696,0.53126955,0.36126953,-0.21873046,0.18126953,-0.35873047
1.3912696,0.66126955,2.0212696,0.9312695,0.6812695,0.09126953,-0.57873046,-2.9387305,-1.4587305,-1.9487305,-2.2687304,-2.5387304,-3.1487305,-3.9987304,-3.7287304,-4.5287304,-5.9087305,-6.4287305,-7.1187305,-6.7787304,-6.8987303,-5.2687306,-3.5687304,-3.6587305,-3.4887304,-3.3687305,-3.3287306,-3.2087305,-3.5887306,-4.4487305,-2.6387305,-2.7487304,-2.0287304,-2.2087305,-1.8487304,-2.8587306,-3.8687305,-1.3087305,-0.7487305,-1.5487305,-1.3187305,-1.4387305,-1.5187305,-1.9687304,-2.3287306,-2.2587304,-1.3487304,-2.0387304,-0.83873045,-3.5187304,-0.108730465,0.24126953,0.35126954,-0.35873047,-0.6287305,-0.5587305,-0.29873046,-0.09873047
0.73126954,1.4112695,-1.5287305,-0.71873045,-1.1087304,-1.0287305,-1.1787305,-1.0187305,-1.4487305,-1.3087305,-1.3787304,-2.6287305,-2.6287305,-4.0687304,-4.1087303,-2.8287306,-3.1987305,-4.0987306,-5.5887303,-4.5887303,-4.5787306,-4.2587304,-3.9687304,-4.3087306,-5.4487305,-6.3487306,-8.628731,-4.4887304,-4.3087306,-3.8887305,-3.7387304,-3.4987304,-4.3787303,-4.0287304,-2.1987305,-1.8687304,-1.7787305,-2.1087306,-2.3287306,-1.2387304,-0.90873045,-1.5587305,-1.0287305,-1.3687304,-1.9987304,-3.0687304,-2.6887305,-3.5587304,-4.3787303,-3.2187304,2.9312696,0.35126954,-0.8087305,-0.6087305,-0.45873046,-0.9187305,-0.25873047,-0.51873046
-1.5087304,-0.15873046,-1.0987304,-1.4487305,-1.3687304,-1.5187305,-1.7887305,-1.3487304,-1.8187305,-2.4887304,-1.7587304,-3.4087305,-2.9287305,-3.1387305,-5.1087303,-4.3587303,-4.9187303,-4.8087306,-5.8687305,-2.7587304,-2.7787304,-4.0787306,-4.3487306,-3.4087305,-3.9687304,-1.7387304,-3.2587304,-3.2887304,-3.6387305,-3.9287305,-3.1987305,-4.3987303,-1.4787304,-1.7787305,-1.9487305,-1.1987305,-0.6687305,0.6312695,-0.71873045,-1.4587305,-1.5987304,-1.7187304,-2.1687305,-1.5987304,-3.0387304,-1.5087304,-1.8287305,-1.9087305,-1.5687305,-0.8087305,1.7412696,2.8012695,4.4512696,6.9212694,3.5212696,0.55126953,1.7912695,-0.43873048
-1.4287305,-0.15873046,-2.2187304,-2.0187304,-1.7787305,-1.7487304,-2.6087306,-2.4687304,-2.4987304,-3.8387306,-3.6287305,-3.6187305,-2.9387305,-2.6287305,-2.6187305,-3.2487304,-3.4087305,-3.7587304,-3.4787304,-3.5887306,-4.5687304,-4.5987306,-3.5387304,-1.4187305,-2.9287305,-4.0387306,-3.7187304,-3.8587306,-1.7787305,-3.5887306,-0.77873045,-2.0087304,-1.8587304,-1.0487305,-0.9387305,-1.2887305,-2.2787304,-1.2587304,-1.6987305,-1.3587304,-1.6387305,-2.1887305,-3.1787305,-2.6087306,-1.9387305,-1.9887304,-1.3787304,-1.4487305,-1.2087305,-0.07873047,0.49126953,0.59126955,0.96126956,-0.5487305,-0.068730466,-0.008730468,0.53126955,-0.89873046
-1.3387305,-1.0787305,-2.0987306,-2.1987305,-3.0687304,-3.8087304,-2.5387304,-2.7187304,-2.9687304,-3.6287305,-3.8687305,-3.4287305,-2.8287306,-3.9587305,-4.8187304,-6.5087304,-4.8787303,-4.8887305,-5.4487305,-3.6987305,-3.4887304,-3.0987306,-2.7887304,-4.2487307,-4.1787305,-3.3287306,-3.7087305,-1.9887304,-1.4087305,-2.0287304,-1.7387304,-0.97873044,-1.4087305,-1.0287305,-0.35873047,-0.20873047,-0.108730465,-0.9287305,-0.8687305,-1.9487305,-1.0187305,0.28126952,-0.5487305,1.6912695,0.24126953,1.0212696,0.9312695,-0.9187305,-0.83873045,-0.008730468,1.6212696,0.39126953,-1.7587304,-1.5587305,-1.8887305,-1.0087304,-1.0487305,0.021269532
-1.6387305,-2.1587305,-2.4387305,-3.1987305,-3.1287305,-3.5587304,-3.0687304,-3.4487305,-3.1887305,-3.5887306,-1.8287305,-3.3487306,-4.3687305,-3.8187304,-3.5887306,-3.2187304,-2.5887306,-3.3487306,-3.0087304,-3.0787306,-3.6987305,-3.3287306,-3.3987305,-3.9487305,-3.7487304,-3.4287305,-2.7987304,-0.39873046,-1.9387305,-0.9187305,-1.7887305,-0.82873046,-1.0787305,-0.9387305,-0.65873045,-0.16873047,-1.6887305,-1.7287304,-1.4587305,-1.8087305,-1.3187305,0.35126954,1.1212696,1.1212696,0.27126953,0.061269533,-1.6887305,-1.5987304,0.22126953,1.8412695,2.0512695,0.19126953,1.1712695,0.8712695,1.4512695,0.80126953,0.17126954,1.1112695
-1.6187304,-1.5987304,-3.4487305,-2.0987306,-1.8787304,-3.7287304,-3.5487304,-3.5987306,-2.9087305,-3.6087306,-3.6287305,-3.8287306,-3.9387305,-3.1887305,-3.0487304,-2.7187304,-1.9487305,-2.8587306,-1.2787305,-2.8587306,-5.5587306,-4.6587305,-3.4187305,-3.6887305,-3.7987304,-3.0987306,-0.46873048,-0.17873047,-1.3587304,0.9512695,1.5912695,0.98126954,0.26126954,-0.19873047,-1.7187304,-1.3087305,0.18126953,-0.40873048,-0.9987305,-1.3387305,-0.70873046,-0.13873047,0.31126952,0.11126953,-0.78873044,-0.42873046,-0.068730466,-0.44873047,1.1112695,1.1412696,0.5112695,0.44126952,2.1512694,1.4312695,2.5312696,2.8212695,1.5812695,2.6112695
-2.2487304,-2.3587306,-2.7887304,-3.7887304,-4.0787306,-4.1087303,-5.0287304,-4.7587304,-5.2987304,-5.6487303,-6.3687305,-5.9687304,-6.2187304,-4.9987307,-3.6187305,-4.2687306,-4.6187305,-3.3687305,-5.1687303,-4.4687304,-3.2487304,-4.1187305,-3.5487304,-1.9187305,-2.0687304,-1.7887305,-0.95873046,-2.8287306,-2.1687305,-0.58873045,-1.2987305,-1.3687304,-2.5387304,-1.7187304,-1.1187304,-1.9787304,-2.3087304,-1.9887304,-2.6787305,-1.0087304,-1.7887305,-0.5087305,1.1512696,-0.13873047,-0.48873046,-0.12873048,1.2112695,0.66126955,1.2612696,0.05126953,1.9212695,2.0312696,2.0612695,0.72126955,1.7512696,2.8212695,2.3112695,2.6712694
-2.5687304,-2.5587304,-3.2887304,-4.7187304,-2.0487304,-5.2487307,-5.5887303,-7.1487303,-6.4687304,-6.7187304,-5.5887303,-5.2887306,-3.7587304,-3.2787304,-3.2987304,-5.0087304,-5.1587305,-5.1087303,-1.3487304,-4.0087304,-3.9887304,-4.9987307,-2.9487305,-1.7187304,-0.97873044,-1.6287304,-3.1187305,-1.8587304,-1.2687305,-2.4187305,-1.2587304,-0.7487305,-0.9387305,-1.4187305,-1.2287304,-2.2287304,-2.0387304,-1.4187305,-1.7987305,-2.5387304,-2.1687305,-0.6787305,-1.3287305,-1.7087305,-0.08873047,0.54126954,0.7612695,0.18126953,0.9912695,-0.65873045,1.4512695,2.2412696,-0.32873046,1.5012696,0.7612695,0.45126954,0.7012695,-0.36873046
0.37126952,-4.1487303,-4.2987304,-5.0187306,-4.3087306,-5.5287304,-6.9887304,-6.4887304,-5.9387302,-4.5387306,-3.9287305,-1.8587304,-1.9287305,-1.1187304,-2.9087305,-5.7687306,-5.9687304,-2.6987305,-1.3087305,-3.0087304,-2.3887305,-4.1687303,-1.5987304,-3.2587304,-2.9887304,-2.9987304,-2.9987304,-3.0987306,-1.7187304,-2.9087305,-1.9287305,-1.4387305,-0.30873048,-1.3487304,-0.96873045,-1.3787304,-0.17873047,-0.64873046,-2.0287304,-2.0687304,-1.5987304,-0.25873047,1.4912696,-1.1687305,-1.3287305,-1.0387305,0.09126953,0.44126952,1.2112695,0.20126954,0.16126953,5.9612694,1.8312695,-0.03873047,1.0612695,0.8112695,1.3812696,1.1212696
-2.1387305,-3.8787305,-5.5087304,-5.8087306,-5.3887305,-8.878731,-8.378731,-7.2287307,-5.7887306,-4.7787304,-4.9087305,-3.4887304,-3.5987306,-3.5787306,-3.4987304,-3.2087305,-4.3387303,-5.0487304,-3.3087304,-3.7087305,-2.3487306,-1.8187305,-1.1887305,-1.7987305,-2.3687305,-0.46873048,-0.9187305,-1.9887304,-0.51873046,-1.5587305,0.23126954,0.9412695,-1.9787304,-2.2987304,-1.3487304,-1.4187305,-1.0087304,-0.44873047,-0.78873044,-2.1087306,0.32126954,-0.6787305,-1.4587305,-0.9887305,0.77126956,0.22126953,0.35126954,1.1312696,0.42126954,0.30126953,3.6812696,1.2512696,0.78126955,0.20126954,1.7712696,1.6812695,1.3012695,0.31126952
-4.3687305,-5.7687306,-5.5087304,-5.7087307,-6.7587304,-7.0187306,-9.06873,-7.7087307,-7.6387305,-6.9687304,-5.6687303,-5.6087303,-4.1087303,-4.5387306,-3.6387305,3.0012696,-1.2287304,-4.4187303,-8.13873,1.3412695,-2.5387304,-3.4987304,-3.2387304,-2.6987305,-2.8587306,-2.9487305,-2.7087305,-2.0687304,-2.4787304,-1.0087304,-0.76873046,-1.9287305,-1.6787305,-2.5387304,-0.51873046,-0.63873047,-1.6187304,-1.1487305,0.35126954,-0.21873046,0.35126954,-0.028730469,3.5212696,2.8212695,0.66126955,-0.7987305,0.11126953,0.49126953,-1.4987304,-1.3687304,-1.8287305,-1.6087304,-1.0087304,1.7412696,1.5912695,0.09126953,0.12126953,-0.45873046
-3.5687304,-4.9887304,-5.4287305,-5.9387302,-7.8987303,-8.92873,-9.02873,-9.578731,-8.418731,-8.418731,-7.9887304,-6.0387306,-5.3887305,-2.5087304,3.0312696,-2.5387304,2.5012696,-0.83873045,-3.4987304,-3.3487306,-1.3787304,0.67126954,0.0012695312,-3.9887304,-2.5987306,-1.4987304,-0.6687305,0.5612695,-1.5587305,-1.1287304,-2.7187304,-3.1387305,0.8312695,-1.2087305,-1.7887305,-1.8787304,-2.9387305,-2.7087305,-1.3587304,-0.6787305,-1.0687305,-0.27873048,-1.4587305,1.4812695,1.8712696,0.14126953,-0.25873047,1.3712696,0.66126955,2.3212695,0.7512695,0.73126954,-1.2087305,-1.1787305,0.59126955,1.2412696,-0.5687305,-1.1387305
-6.2787304,-6.6387305,-6.6987305,-6.5287304,-8.17873,-7.4587307,-7.3387303,-8.798731,-8.788731,-6.9887304,-6.4487305,-4.9587307,-5.9087305,-0.72873044,-1.2487304,-3.3387306,0.96126956,-1.9787304,-5.0087304,-5.0687304,-5.1887302,-4.4687304,-3.9887304,2.5912695,3.3412695,-0.03873047,-0.40873048,0.53126955,-1.2987305,-2.2087305,-2.4587305,-0.35873047,-3.8287306,-2.2287304,-0.28873047,-2.9987304,-5.1087303,-4.6087303,-3.3387306,-1.7687305,-2.5587304,-1.9487305,0.72126955,1.2812696,1.3212695,1.5612695,0.36126953,1.1712695,2.4412696,1.6912695,0.071269535,0.9512695,0.31126952,0.18126953,1.1712695,0.8312695,0.36126953,-1.1287304
-3.7687304,-5.0387306,-4.3687305,-5.7187304,-6.8987303,-7.7187304,-5.9387302,-6.4587307,-7.4387302,-7.4187303,-5.5887303,-3.9387305,-3.4187305,0.12126953,-1.6687305,0.17126954,-2.7887304,-3.4687304,-3.0887306,-5.8887305,0.65126956,-0.9987305,-4.7287307,-1.8787304,2.9712696,2.2212696,-0.71873045,0.91126955,-1.7187304,-0.20873047,-0.33873045,-4.9087305,-4.1187305,1.7112695,-1.7887305,-2.9687304,-5.6687303,-4.7887306,-2.5487304,-3.7987304,-3.2387304,-2.6787305,0.43126953,-0.07873047,0.15126953,-0.43873048,0.41126955,-1.7187304,-0.03873047,-0.34873047,-0.08873047,-0.21873046,-1.3387305,0.28126952,-5.3587303,0.18126953,-0.41873047,-1.6887305
-5.1287303,-4.7087307,-5.3187304,-4.9887304,-4.6087303,-5.6787305,-6.2187304,-6.3187304,-3.7287304,-6.6187305,-5.0787306,-2.5487304,-8.578731,-0.41873047,-4.1087303,-4.2687306,-4.7187304,-3.7187304,0.80126953,0.29126954,1.7012695,1.0812695,0.5712695,1.1212696,2.2612696,-0.41873047,6.0112696,1.5712695,0.35126954,0.10126953,1.0712695,2.5112696,1.3712696,-1.3287305,-0.70873046,-2.9187305,-4.3387303,-4.2087307,-3.8287306,-1.4387305,-2.3587306,-1.4587305,-1.3787304,-2.2787304,0.17126954,-1.6387305,-2.6787305,-0.5587305,-0.23873048,-0.9287305,-1.6887305,-1.8487304,-2.8987305,-2.3987305,-2.0287304,-1.2787305,-0.25873047,-0.42873046
-3.9987304,-4.6187305,-5.6387305,-6.1287303,-6.1287303,-5.4687304,-5.4787307,-4.9587307,-7.9587307,-5.1787305,-5.7587304,-0.22873047,-2.1287305,-1.8687304,-0.41873047,-0.31873047,-0.9987305,1.6212696,5.6312695,5.3012695,2.4912696,1.0912695,4.6512694,1.1712695,-0.6287305,-2.2787304,3.7112696,-2.6387305,1.0712695,-2.7887304,-2.8587306,-2.5587304,-2.6087306,-0.38873047,-2.1587305,0.03126953,0.0012695312,-4.2487307,-3.1187305,-3.3487306,-2.9687304,-2.5787306,-2.4087305,-1.9587305,0.45126954,-0.84873044,-0.16873047,-1.2387304,-3.6887305,-4.1787305,-7.0587306,-3.6187305,-6.1987305,-0.9387305,-0.6287305,-2.1787305,-2.1787305,-1.8187305
-4.4287305,5.6712694,5.9412694,0.43126953,-4.2587304,-6.0787306,-5.4387302,-6.0587306,-6.1987305,-3.6087306,-1.9687304,0.22126953,0.05126953,-0.44873047,-1.4987304,-2.0387304,0.96126956,1.6612695,-2.6187305,-3.0087304,-1.6687305,-2.2087305,4.7612696,4.3812695,3.6912696,-1.3187305,-1.8987305,-3.3687305,-5.4387302,-5.6887302,-2.6887305,-3.8187304,-6.9687304,-5.5487304,-3.8787305,0.31126952,0.18126953,-3.5787306,-2.7287304,-3.9687304,-4.0687304,-3.1187305,-0.9187305,-2.5987306,-3.0187304,-3.2887304,-3.8787305,-5.6687303,-4.9087305,-6.2387304,-7.7287307,-8.828731,0.66126955,-2.4687304,-3.7687304,-0.34873047,-0.27873048,0.67126954
-4.1387305,-1.0287305,-0.72873044,-2.6587305,-5.1887302,-6.7887306,-5.7987304,-5.3487306,-5.9487305,-3.5187304,-2.4387305,-1.8887305,-1.4487305,-0.63873047,-0.12873048,0.8812695,0.5612695,-1.6687305,-2.2087305,0.23126954,2.4212694,2.9612696,0.7012695,-0.05873047,-2.0387304,-0.82873046,2.6312695,0.86126953,-2.2287304,-3.5787306,-5.4287305,-5.1987305,-6.8687305,-5.3087306,-8.44873,-7.8887305,-6.6087303,-2.9087305,-2.3087304,-0.03873047,-1.5287305,1.8312695,-0.26873046,-1.6287304,-1.6687305,-0.6687305,-5.6887302,-7.7387304,-2.4687304,-3.5487304,-4.6687303,-3.2287304,-3.2987304,-1.7587304,2.7312696,6.2912693,2.8012695,-0.23873048
-8.19873,-1.7687305,-3.3287306,-6.6787305,-8.548731,-7.1387305,-5.6087303,-5.2687306,-5.6087303,-3.2187304,-2.5087304,-6.0187306,-5.0487304,-3.5087304,-2.0687304,-2.5587304,-1.6487305,-2.6387305,-5.8387303,1.1412696,-2.6687305,-7.3887305,-3.0087304,-3.9487305,-3.0587304,-6.2787304,-3.0087304,-0.5587305,-3.3287306,-5.6687303,-3.7287304,-6.3287306,-4.8387303,-6.0887303,-4.6287303,-3.8187304,-4.8087306,-6.1487303,-2.1487305,1.5012696,-6.1687303,-0.78873044,0.16126953,1.8612695,-0.59873044,-1.4487305,-4.2887306,-5.1187305,2.6312695,5.5112696,4.8412695,3.8412695,-0.78873044,8.671269,9.291269,6.2612696,2.8012695,1.3812696
-3.6187305,-5.3087306,-8.02873,-8.168731,-7.6887302,-7.9787307,-6.5787306,-6.0287304,-4.5887303,-4.4987307,-4.6187305,-2.4187305,0.08126953,-3.1087306,-4.0387306,-1.1787305,-2.5587304,-0.47873047,-4.0787306,-1.0587305,0.6912695,0.8212695,-3.9887304,-0.42873046,-2.2587304,-2.8587306,-3.6687305,-2.8087304,-4.8787303,-2.6387305,-8.92873,-6.2987304,-4.2087307,-4.2287307,-7.5487304,-6.9287305,-2.0187304,-6.2787304,-5.8087306,-4.5587306,-4.5587306,-3.8587306,-4.6487303,-2.2787304,-1.3387305,-2.5587304,1.1812695,3.0912695,1.3612695,-1.9487305,7.4212694,9.541269,-0.30873048,2.3512695,13.451269,7.0412693,3.9912696,7.3912697
-1.1687305,-2.6787305,-3.5987306,-6.1987305,-6.2487307,-6.6287303,-4.5887303,-5.8987303,-6.0787306,-5.2887306,-5.5987306,-4.2387304,-2.7187304,0.41126955,1.1712695,-3.6487305,1.7212695,0.48126954,-2.5587304,-3.8287306,-4.0187306,-2.7487304,-3.6087306,-1.0687305,-6.9887304,-4.0687304,4.2112694,4.3112698,2.4712696,0.52126956,-1.4587305,-5.6987305,-6.5587306,-4.5887303,-0.46873048,-2.4787304,-5.7787304,-2.4287305,-4.6687303,-4.0587306,-6.4587307,-6.6487303,-4.7487307,-1.9587305,0.33126953,1.2612696,-0.31873047,-0.24873047,1.3512695,-4.0987306,6.3912697,5.6412697,-2.6887305,3.8912694,0.021269532,5.1712694,3.3312695,5.4012694
-1.1387305,-1.7387304,-2.3087304,-5.1287303,-5.9887304,-7.3587303,-6.8887305,-6.3587303,-4.8287306,-4.3487306,-5.0787306,-7.0287304,-2.7587304,3.0212696,4.7612696,3.1312695,4.0612698,-2.7787304,-5.2587304,-3.1687305,1.7312695,1.6712695,1.0812695,-0.12873048,-4.3487306,-4.0587306,-0.95873046,-3.7087305,-0.7587305,-1.9987304,3.3712695,4.8512697,0.6412695,0.8812695,-4.0087304,-6.7587304,-7.5587306,-7.7987304,-6.6587305,-4.3187304,-5.1087303,-4.8087306,-3.5087304,-2.6687305,-4.9587307,-5.8187304,-4.0087304,-2.7887304,-2.8287306,2.7812696,-1.5287305,2.3612695,3.8912694,2.9412696,-0.25873047,-0.36873046,1.6112695,1.5512695
-0.8087305,-0.63873047,-1.8287305,-3.8487306,-6.2287307,-8.338731,-6.0787306,-8.10873,-6.9087305,-5.1087303,-7.2287307,-5.0687304,-1.9887304,-3.1387305,-2.6987305,-3.3087304,-8.13873,-3.6187305,4.3212695,-5.7587304,4.8212695,-4.0787306,-2.5887306,-3.4987304,-4.8587303,-4.3887305,-4.7987304,-5.0487304,-2.6987305,-2.2387304,-2.0487304,-4.1487303,-5.2687306,-3.4387305,-4.2087307,-5.0687304,-4.7787304,-3.0487304,-4.5887303,-3.9287305,-4.6687303,-1.1187304,0.84126955,-2.2187304,2.5412695,-3.8787305,-0.41873047,1.8812696,1.5212696,4.6912694,3.8812695,7.2512693,6.8412695,3.6112695,0.91126955,3.3712695,2.4212694,1.5812695
-0.94873047,-1.8387305,-4.1387305,-5.1787305,-5.7187304,-7.0487304,-9.17873,-10.378731,-6.6387305,-5.5687304,-2.0687304,-1.5887305,1.0512695,2.8012695,0.021269532,-0.108730465,-1.8787304,-1.1287304,0.24126953,0.43126953,-2.9287305,-1.7787305,-1.7587304,-0.29873046,-1.6987305,-1.7487304,-3.0587304,-4.3487306,-3.8087304,-1.7987305,-3.0687304,-3.2587304,-5.5287304,-6.3987303,-7.8887305,-6.2887306,-8.52873,-7.1187305,-3.6087306,-0.04873047,-1.0987304,-0.24873047,1.2412696,1.9212695,3.1112695,-1.7687305,-0.008730468,0.32126954,1.7012695,2.1212695,5.8112698,6.0012693,5.2612696,2.7212696,1.7312695,2.0812695,1.2412696,0.40126953
