json-data/2022072118.json
{"header": {"discipline":0,"disciplineName":"Meteorological products","gribEdition":2,"gribLength":79641,"center":7,"centerName":"US National Weather Service - NCEP(WMC)","subcenter":0,"refTime":"2022-07-21T18:00:00.000Z","significanceOfRT":1,"significanceOfRTName":"Start of forecast","productStatus":0,"productStatusName":"Operational products","productType":1,"productTypeName":"Forecast products","productDefinitionTemplate":0,"productDefinitionTemplateName":"Analysis/forecast at horizontal level/layer at a point in time","parameterCategory":2,"parameterCategoryName":"Momentum","parameterNumber":3,"parameterNumberName":"V-component_of_wind","parameterUnit":"m.s-1","genProcessType":2,"genProcessTypeName":"Forecast","forecastTime":0,"surface1Type":103,"surface1TypeName":"Specified height level above ground","surface1Value":10.0,"surface2Type":255,"surface2TypeName":"Missing","surface2Value":0.0,"gridDefinitionTemplate":0,"gridDefinitionTemplateName":"Latitude_Longitude","numberPoints":65160,"shape":6,"shapeName":"Earth spherical with radius of 6,371,229.0 m","gridUnits":"degrees","resolution":48,"winds":"true","scanMode":0,"nx":360,"ny":181,"basicAngle":0,"lo1":0.0,"la1":90.0,"lo2":359.0,"la2":-90.0,"dx":1.0,"dy":1.0}, "data":
[rows 78 to 103 of 181, columns 116 to 173 of 360]
-2.1679785,-1.3779786,-1.1779785,3.6120214,0.3720215,-3.8979785,-0.8879785,-2.9679785,-1.3179785,-0.45797852,-1.4779785,-1.2679785,-1.3379785,-2.3379786,-2.4279785,-2.1279786,-2.0179784,-1.6679785,-1.4979786,-1.9479785,-1.9279785,-1.5279785,2.5420215,3.1120214,5.2220216,5.7820215,6.0520215,5.8420215,4.6320214,4.8620214,5.7220216,4.8420215,5.0120215,3.7920215,3.5420215,3.5320215,1.9620215,2.7720215,2.5320215,2.3920214,1.3120215,0.052021485,0.072021484,0.12202148,-0.9279785,-1.5779785,-2.5579786,-2.4679785,-2.9679785,-3.3579786,-2.7279785,-1.1679785,-1.2979785,-1.4879785,-1.9679785,-2.0379784,-2.1379786,-2.1879785
-1.9279785,-0.4679785,-0.4679785,0.27202147,-1.4479785,-2.8779786,-0.6379785,-3.1479785,-0.15797852,-0.6379785,-2.0079784,-1.7479786,-1.8979785,-1.3779786,-2.0179784,-1.9579785,-2.3079786,-2.3279786,-2.3679786,-1.6979785,-1.3079785,1.5620215,3.8720214,4.2720213,4.4020214,4.9420214,4.9420214,4.6120214,4.3420215,4.4520216,5.1020217,4.7420216,4.7120214,3.3520215,4.8020215,3.8620214,1.7020215,3.4320214,2.4620216,0.6220215,0.33202147,-0.7679785,-0.26797852,-0.057978515,-0.65797853,-2.1979785,-2.1879785,-2.9579785,-2.7479784,-2.9179785,-2.2179785,-1.3279785,-1.8079785,-3.0179784,-2.7179785,-2.6179786,-2.2479784,-2.5279784
-2.3579786,-0.96797854,-1.0379785,-1.1479785,0.042021483,0.8120215,-3.9879785,0.24202149,-1.2979785,-2.4179785,-0.71797854,-2.4379785,-3.2779784,-2.7879784,-1.1179786,-0.41797853,-0.90797853,-0.7979785,-0.9879785,-1.1379786,0.4120215,3.1320214,3.1620214,3.1620214,2.9320214,3.8920214,4.2920213,4.2620215,4.2320213,4.1820216,4.2120214,5.7220216,4.5320215,5.0320215,4.7420216,2.7320216,2.1220214,-0.12797852,1.3920215,0.0020214843,-0.5679785,-0.44797853,-1.2279785,-0.8179785,-0.83797854,-1.9679785,-3.0279784,-2.9979784,-2.7179785,-2.4279785,-2.0479784,-1.4279785,-2.1979785,-3.1879785,-3.0079784,-2.6779785,-3.5279784,-3.2279785
-2.4379785,-1.3179785,0.49202147,-1.1579785,0.022021484,-0.7679785,0.5520215,-2.7179785,-0.78797853,1.9020215,-0.13797851,-1.5279785,-1.6379786,-0.9179785,-0.65797853,0.13202149,0.59202147,0.12202148,-0.20797852,-0.17797852,1.5520215,2.6820214,3.0320215,2.9920216,4.0220213,3.9220214,4.3420215,4.3920217,2.8120215,3.2620215,3.8420215,5.2320213,4.6620216,5.2520213,4.4720216,2.9420214,1.6420215,0.19202149,0.4420215,-0.5779785,-0.017978515,-0.6979785,-1.5879785,-1.2279785,-1.6779785,-1.8579785,-2.5979786,-2.6879785,-2.4679785,-2.3379786,-1.6679785,-2.1979785,-2.6979785,-3.4279785,-3.7979784,-2.8579786,-2.3279786,-1.2879785
-2.5179784,0.7520215,-0.18797852,-0.89797854,-0.4679785,-0.9579785,-1.3979785,-0.19797851,0.4420215,-0.7079785,0.42202148,-1.6879785,-1.3579785,-0.8579785,0.96202147,0.66202146,0.65202147,0.8320215,0.3520215,0.59202147,2.0520215,2.1620214,2.8120215,3.3220215,3.9120214,5.3120213,3.7220216,3.5620215,3.5520215,4.1120214,4.2620215,3.8120215,1.2620215,2.9120214,2.7720215,2.0220215,1.7520214,0.6220215,0.20202148,-0.8779785,-0.84797853,-0.7379785,-1.6279786,-2.2579784,-1.9679785,-2.0179784,-2.7179785,-2.2379785,-2.6179786,-2.2779784,-1.1979785,-1.3079785,-1.6279786,-2.6679785,-2.8579786,-2.3779786,-1.4179785,2.0620215
-2.5579786,1.3220215,0.052021485,-0.3079785,-0.53797853,-0.4679785,-0.8079785,0.45202148,0.15202148,0.09202149,-2.1179786,-0.5479785,0.49202147,0.17202148,1.6420215,1.7320215,1.1420215,0.6920215,0.042021483,1.6120214,2.3620214,2.3720214,1.7820215,3.9120214,3.3720214,3.8120215,3.0520215,3.3420215,3.1420214,2.5120215,2.3820214,6.4320216,1.0920215,2.6620214,1.5120215,1.3220215,-0.3779785,-0.48797852,-0.5779785,-2.5079784,-1.4679785,-1.3579785,-1.9679785,-2.9079785,-1.9379785,-1.9179785,-1.8579785,-1.2279785,-1.2079785,-0.41797853,-0.6979785,-1.5079786,-1.6979785,-2.3079786,-2.6179786,-2.1879785,0.15202148,-2.1479785
1.2020215,0.33202147,0.96202147,0.09202149,0.19202149,0.21202148,0.11202148,0.72202146,-0.007978516,-1.1479785,0.29202148,0.8320215,2.0520215,0.9220215,1.3620214,2.5120215,1.2720215,0.4720215,0.46202147,0.85202146,2.4020214,2.0820215,1.0320215,3.2620215,2.7220216,2.3120215,4.8620214,3.6220214,4.3720217,1.9020215,1.5220215,-1.9279785,-0.8879785,1.4320215,1.5720215,0.4320215,-0.3479785,-0.6679785,-1.0679785,-0.19797851,-0.8179785,-0.7579785,-1.8879786,-2.8079786,-2.4679785,-1.0179785,-1.5479785,-1.3079785,-1.2479786,-1.0579785,-0.17797852,-1.6579785,-1.9879785,-0.037978515,-1.1479785,-1.5879785,-0.83797854,-1.2279785
1.1020215,0.22202149,-0.13797851,-1.6979785,-0.9779785,0.17202148,0.032021485,0.45202148,0.85202146,0.39202148,1.9520215,4.3420215,2.0120215,-1.6579785,2.1020215,1.6020215,1.0020214,0.052021485,-0.2779785,0.032021485,0.20202148,1.3520215,1.5820215,2.9620216,4.5720215,1.7620215,4.3420215,4.1320214,4.1120214,2.8620214,1.6420215,0.5620215,-0.29797852,0.8820215,0.072021484,0.7320215,1.0920215,0.08202148,-0.7679785,0.5120215,-1.3879786,-1.3479785,-1.4579785,-2.2079785,-2.7379785,-1.6979785,-1.1479785,-0.7279785,-0.9179785,-0.64797854,-0.23797852,-1.6979785,-1.7879785,-1.8379785,-1.1279786,0.26202148,-0.59797853,-0.7479785
-0.107978515,0.16202149,-4.1079783,-1.1679785,-0.3479785,-0.26797852,-0.11797851,-0.037978515,0.2820215,3.1420214,4.2320213,3.6620214,2.9020214,2.1620214,3.2820215,3.1320214,0.71202147,-1.0879785,-0.077978514,-0.077978514,1.3420215,2.0220215,2.1720214,2.2720215,4.0420213,3.9220214,6.2220216,3.8620214,3.4320214,2.5020216,2.0520215,0.7920215,0.32202148,0.032021485,0.8220215,0.21202148,0.9220215,0.6220215,-0.11797851,-0.8079785,-0.6879785,-1.0079786,-0.7379785,-1.4279785,-2.0279784,-1.9379785,-2.0679786,-1.8379785,-1.6779785,-0.96797854,-0.8579785,-1.4879785,-1.3879786,-0.6379785,-0.6079785,-0.28797853,-0.16797851,-1.3079785
0.0020214843,0.012021485,-0.8079785,-0.3979785,-0.3479785,-0.24797851,-0.4979785,-0.17797852,0.6120215,3.8120215,5.3920217,4.2420216,4.4320216,4.9420214,4.3220215,0.60202146,1.9720215,0.08202148,-0.21797852,-0.8579785,-0.6079785,0.22202149,1.7420214,3.5220215,2.3020215,2.8520215,5.0720215,4.3320217,2.6720214,1.9620215,1.3220215,0.85202146,-0.037978515,-0.52797854,0.33202147,1.0220215,0.9820215,-0.3379785,-0.41797853,-0.5779785,-0.5779785,-1.1879785,-0.6979785,-0.7379785,-1.6079785,-1.0079786,-0.9579785,-0.21797852,-0.42797852,-0.3779785,-0.48797852,0.66202146,-0.16797851,-0.7379785,-0.8879785,-0.45797852,-0.3779785,0.102021486
-0.027978515,-0.6679785,0.48202148,-0.12797852,-0.2779785,0.36202148,0.48202148,1.5520215,1.5320215,2.4120214,5.8020215,4.5420213,1.5120215,1.5220215,4.0420213,-0.48797852,-0.7679785,-0.53797853,-1.4379785,-0.3179785,0.46202147,-0.5679785,0.6320215,1.2620215,2.4220214,2.9820216,4.0820217,2.4620216,2.3120215,1.2220215,1.2420214,1.1920215,-0.027978515,-0.6879785,-0.89797854,0.6420215,1.0020214,-0.057978515,0.3420215,-0.26797852,-0.11797851,-0.3479785,-0.90797853,-1.4179785,-0.6379785,-1.0879785,-0.9379785,-0.6779785,-0.9379785,-0.17797852,0.09202149,-0.8179785,-1.3479785,-1.0879785,-1.3779786,-1.1179786,-0.28797853,-0.64797854
-0.5179785,-0.90797853,-0.7079785,-0.23797852,-0.13797851,-0.24797851,2.0020216,2.4320214,2.6820214,1.3120215,4.8520217,4.3820214,0.5820215,2.2420216,5.2620215,-0.107978515,0.11202148,-0.26797852,-1.8579785,-0.8579785,0.08202148,0.2820215,-0.12797852,-0.027978515,1.1720215,2.7520216,2.6720214,2.1620214,1.6120214,0.23202148,0.8220215,0.6320215,-0.19797851,-0.8079785,-1.5179785,-0.5079785,-0.5779785,-0.5479785,-1.1979785,-1.1479785,-1.1179786,-0.59797853,-0.59797853,-0.23797852,-0.9479785,-0.84797853,-0.7479785,-0.9379785,-1.1379786,-0.7379785,-0.65797853,-0.64797854,-0.7279785,-2.1179786,-2.4279785,-2.8179786,-1.7979785,-1.0879785
-1.3679786,0.5120215,1.7220215,1.7620215,-0.24797851,0.48202148,-0.5179785,2.4820216,2.4020214,3.3320215,4.6920214,3.5420215,0.65202147,4.8220215,7.9220214,2.1120214,3.8420215,-0.9879785,-0.4079785,-1.6179786,-1.1979785,-0.53797853,0.7720215,0.09202149,0.7920215,0.4120215,1.1020215,0.66202146,1.8820214,0.5720215,0.60202146,-0.21797852,-0.6879785,-1.1179786,-1.8079785,-1.6679785,-0.6179785,-0.9379785,-1.4979786,-0.7279785,-1.0179785,-1.1979785,-0.7379785,-0.9479785,-1.3779786,-1.4179785,-1.0579785,-1.2879785,-1.6379786,-0.7379785,-1.2579786,-1.5579785,-2.5579786,-2.3379786,-2.4679785,-1.9479785,-0.23797852,-0.09797852
2.2120216,0.9220215,3.4820216,2.8520215,0.7920215,2.0720215,2.9920216,4.2420216,3.0220215,1.2220215,5.6020217,6.1320214,-0.7579785,3.5620215,7.6320214,1.7920215,0.32202148,0.71202147,1.7220215,-0.48797852,0.032021485,-0.3479785,1.9820215,1.9420215,-0.12797852,0.22202149,0.84202147,0.9520215,0.24202149,0.71202147,0.09202149,-0.4979785,-1.6579785,-2.2879784,-2.3579786,-2.3279786,-1.7579786,-1.7779785,-1.1979785,-2.0379784,-0.9179785,-1.0179785,-0.7479785,-1.3279785,-1.9879785,-1.7079785,-1.9579785,-2.0779786,-2.0279784,-2.2479784,-2.2479784,-1.7979785,-1.7179785,-1.6379786,-0.8879785,-1.7379785,-0.6379785,-1.2279785
0.19202149,4.8420215,3.7220216,1.8220215,0.4120215,0.26202148,-0.18797852,3.3120215,4.8620214,1.2520214,1.5620215,7.6820216,3.5220215,4.0420213,4.0920215,7.5220213,0.8120215,0.36202148,0.062021483,0.062021483,-1.2679785,3.2120216,1.2820215,2.3820214,2.6920214,-0.22797851,0.3120215,0.8120215,-0.3979785,0.36202148,0.5720215,0.53202146,-1.5479785,-1.8579785,-2.1479785,-2.3379786,-2.6579785,-2.1279786,-1.1579785,-1.1479785,-1.3679786,-2.0279784,-1.2579786,-0.83797854,-2.1479785,-2.5579786,-2.9079785,-2.9879785,-2.9379785,-3.0079784,-3.1379786,-3.0279784,-3.6379786,-3.0479784,-2.7379785,-2.6579785,-2.5479784,-1.6379786
0.72202146,4.8520217,4.3520217,0.072021484,-0.32797852,-1.9279785,0.45202148,4.9120216,5.9120216,6.8220215,-0.7379785,6.5520215,6.3620214,2.6320214,3.2220216,9.042022,6.0520215,1.7220215,-0.037978515,1.9020215,0.85202146,0.21202148,-0.25797853,0.012021485,-0.007978516,0.2520215,1.0120215,-1.7779785,-0.15797852,1.1720215,0.91202146,0.8620215,-1.3379785,-2.6779785,-2.9879785,-1.8479785,0.23202148,-0.3379785,-1.9579785,-1.6579785,-1.2279785,-0.8779785,-1.6679785,-1.4479785,-1.9779785,-3.5079784,-3.0579786,-3.2679784,-3.3379786,-2.6179786,-3.4779785,-3.3379786,-2.7379785,-3.2679784,-3.6179786,-3.5479784,-2.6979785,-2.7479784
3.2320216,6.0220213,2.0820215,-1.6879785,0.4320215,-0.047978517,-0.6279785,2.5120215,4.7320213,5.2720213,4.3220215,3.4920216,4.4820213,4.0420213,4.5920215,6.5520215,7.1620216,1.1820215,5.4820213,0.5020215,-0.5779785,-0.9879785,-0.8879785,-0.037978515,0.6320215,0.6220215,0.6820215,0.26202148,0.4320215,2.3920214,2.2220216,1.3020215,-1.3179785,-0.047978517,-0.3779785,0.71202147,2.1120214,1.5820215,-2.2179785,-1.6379786,-1.2679785,-1.1579785,-1.1679785,-1.6679785,-1.6079785,-2.7379785,-3.2579784,-3.4179785,-3.5179784,-2.9679785,-2.8179786,-3.6079786,-3.0879786,-3.4979784,-2.9779785,-4.0579786,-4.0979786,-3.0779786
4.4620214,6.3320217,4.8820214,-0.057978515,0.7520215,1.3920215,1.9720215,1.8520215,3.8420215,4.4320216,4.4920216,4.6520214,4.7720213,4.8020215,5.7820215,5.9920216,7.8720217,7.6920214,7.4620214,7.3920217,5.1020217,0.7020215,0.032021485,0.052021485,-0.4079785,-0.8879785,0.53202146,1.0420215,1.6220214,1.0520215,1.7820215,0.5620215,0.13202149,-0.9379785,-0.8179785,1.1520215,-0.26797852,-4.4979787,-2.0779786,-1.0679785,-1.9979786,-1.9779785,-1.9279785,-1.9479785,-1.9779785,-2.0679786,-2.5779786,-2.3679786,-2.7879784,-2.4979784,-2.7479784,-1.8779786,-2.4879785,-3.2779784,-2.9779785,-3.1979785,-3.5879786,-3.8379786
4.0220213,4.9620214,4.3520217,4.2620215,1.2220215,1.2620215,0.39202148,0.15202148,1.5420215,3.3220215,4.8720217,6.3920217,5.8120213,6.2420216,5.5020213,5.4420214,5.4720216,5.6820216,6.1720214,7.3020215,7.7920213,4.2820215,3.9920216,0.9220215,0.5020215,0.5620215,0.3420215,-0.77797854,-1.2279785,-1.4179785,-0.17797852,2.5120215,0.3520215,-0.96797854,-1.3479785,-1.4479785,-2.2179785,-1.3979785,-1.6379786,-1.5579785,-1.1679785,-2.5079784,-2.2779784,-2.4979784,-1.4979786,-2.5379784,-2.3979785,-2.4779785,-2.4279785,-2.5779786,-2.2479784,-2.1379786,-2.0579786,-2.3379786,-3.0279784,-2.5179784,-2.0279784,-1.5779785
4.4920216,4.6920214,3.7120216,6.3620214,3.5020216,3.4920216,2.3020215,0.4020215,1.8520215,3.3720214,4.6220217,6.1220217,5.4020214,4.7320213,4.2220216,4.1820216,4.7620215,5.3320217,5.5120215,6.7520213,7.5020213,7.2420216,6.2820215,0.8820215,0.9920215,1.0520215,1.0020214,0.2820215,0.072021484,-0.32797852,-0.8579785,-0.29797852,-0.7479785,-1.2579786,-0.78797853,-1.4979786,-1.4479785,-1.6479785,-0.44797853,-3.1979785,-3.5879786,-0.6979785,-2.9879785,-1.9279785,-2.1679785,-2.9579785,-2.2879784,-2.2379785,-2.1479785,-2.7079785,-2.6979785,-0.5079785,-0.8179785,-1.9979786,-2.2579784,-2.1779785,-1.5779785,-1.6779785
9.662022,5.0420213,-0.29797852,4.7420216,2.4320214,2.4120214,5.0120215,3.6120214,3.7620215,2.9620216,0.6120215,5.6220217,4.2320213,3.4020214,3.1120214,2.9520216,3.7920215,4.9320216,5.5820217,6.5020213,6.6820216,7.0020213,1.7620215,1.4020215,0.5520215,0.84202147,1.0120215,0.8820215,2.7920215,-0.29797852,-0.96797854,0.29202148,1.4120215,-2.3479786,-1.6979785,-2.3379786,-2.0279784,-1.9879785,0.2820215,-1.1979785,-2.5479784,-1.2479786,-2.6079786,-1.2879785,-1.6879785,-2.0479784,-2.3379786,-2.0979786,-2.0679786,-3.3679786,-1.3079785,-1.3579785,-1.3679786,-1.8879786,-1.5879785,-1.8679786,-1.8179785,-1.4379785
5.0820217,0.3820215,5.1820216,2.7820215,3.6720214,1.9220215,5.1020217,3.9220214,1.7820215,1.8120215,-0.19797851,2.8220215,2.5320215,1.6520215,0.8920215,2.0920215,3.7920215,4.4120216,5.3120213,5.7720213,6.8220215,7.2520213,6.8020215,6.1220217,4.7020216,1.6320214,1.6820215,1.5120215,5.7120214,3.2820215,3.1620214,-0.44797853,1.8220215,1.1820215,-1.3979785,-2.0479784,-2.3079786,-2.9879785,-2.7579784,-0.89797854,-2.8879786,-3.1179786,-2.1879785,-3.7079785,0.21202148,-0.6679785,-2.9679785,-2.1479785,-2.2479784,-2.3379786,-3.3379786,-3.1279786,-1.9279785,-0.7679785,-1.3979785,-1.0079786,-0.78797853,-0.6379785
4.8320217,4.5020213,4.1120214,4.6820216,-0.20797852,4.2720213,4.9120216,4.9220214,0.27202147,1.4220215,0.7720215,0.23202148,0.65202147,1.8320215,2.4720216,2.6120214,3.4820216,5.1120214,5.3120213,5.1620216,5.7620215,6.4120216,6.5420213,6.0720215,5.0720215,4.5920215,3.6920214,4.2020216,5.7420216,5.9920216,5.1520214,4.6320214,-0.5779785,-1.6179786,0.6820215,-1.8179785,-3.8379786,-3.2979784,-3.2579784,-1.7179785,-0.6179785,-1.1679785,-2.7279785,-1.8279785,-1.4279785,-3.9879785,-3.0479784,-2.8379786,-2.2079785,-2.9279785,-2.4179785,-3.0879786,-3.9279785,-2.2179785,-1.4079785,-1.4379785,-1.2279785,-1.4879785
4.7520213,4.1520214,3.0420215,2.6920214,1.7320215,1.7420214,2.6420214,2.5420215,1.2120215,0.30202147,-0.22797851,0.032021485,1.4520215,1.5320215,1.9120215,0.8920215,3.2120216,4.1520214,5.0820217,5.7220216,6.5820217,7.1220217,7.0520215,6.4820213,5.8320217,6.1620216,1.7920215,4.0920215,4.3620214,6.1520214,5.8620214,5.5920215,4.8420215,2.5020216,-2.8179786,-5.2879786,-4.3779783,-4.3479786,-3.8679786,-1.7879785,-0.8079785,0.26202148,-0.24797851,-1.3379785,-4.8079786,-4.1079783,-2.4879785,-2.4179785,-2.7179785,-2.7979784,-1.9079785,-2.0079784,-1.7379785,-1.6479785,-2.1879785,-2.5179784,-1.7679785,-1.2779785
4.3520217,3.1220214,2.0020216,1.7620215,1.4720215,0.90202147,0.78202146,0.3820215,-0.45797852,-2.1679785,-1.2879785,-0.3679785,0.8720215,2.4120214,3.0520215,-3.0579786,0.7320215,0.5220215,2.8420215,4.7720213,4.4020214,6.9520216,6.9820213,6.8720217,6.6520214,7.7220216,2.0420215,2.4020214,5.0420213,5.3220215,5.6020217,5.8620214,6.1220217,4.6320214,0.6820215,-2.8479786,-3.1279786,-2.6679785,-3.3779786,-2.9079785,-2.0879786,-0.5779785,-0.9979785,-2.1479785,-3.4079785,-3.5679786,-3.3879786,-3.0379784,-2.4579785,-1.6179786,-1.6379786,-1.5879785,-1.9979786,-1.6479785,-1.8279785,-1.9479785,-1.2279785,-0.08797851
2.9020214,2.1020215,1.7320215,1.6620215,1.4220215,0.7720215,0.30202147,0.042021483,-0.5479785,-1.3379785,-2.7679784,-0.45797852,2.7520216,3.7520216,0.7720215,0.29202148,-0.6279785,1.0920215,2.2820215,2.0120215,1.1320214,6.0020213,7.5120215,8.082022,8.392021,7.9620214,2.2420216,1.0520215,5.3520217,5.8220215,6.0020213,5.6720214,5.6920214,5.5320215,4.3220215,1.9820215,0.39202148,-1.5179785,-3.1379786,-1.3579785,-3.1179786,-1.8779786,-1.7479786,-3.0479784,-2.8779786,-2.9179785,-3.2179785,-2.5479784,-2.3079786,-2.5479784,-1.0479785,-0.89797854,-1.0779785,-1.3779786,-1.1779785,-1.0579785,-0.45797852,0.4120215
