json-data/2022072900.json
{"header": {"discipline":0,"disciplineName":"Meteorological products","gribEdition":2,"gribLength":79084,"center":7,"centerName":"US National Weather Service - NCEP(WMC)","subcenter":0,"refTime":"2022-07-29T00:00:00.000Z","significanceOfRT":1,"significanceOfRTName":"Start of forecast","productStatus":0,"productStatusName":"Operational products","productType":1,"productTypeName":"Forecast products","productDefinitionTemplate":0,"productDefinitionTemplateName":"Analysis/forecast at horizontal level/layer at a point in time","parameterCategory":2,"parameterCategoryName":"Momentum","parameterNumber":3,"parameterNumberName":"V-component_of_wind","parameterUnit":"m.s-1","genProcessType":2,"genProcessTypeName":"Forecast","forecastTime":0,"surface1Type":103,"surface1TypeName":"Specified height level above ground","surface1Value":10.0,"surface2Type":255,"surface2TypeName":"Missing","surface2Value":0.0,"gridDefinitionTemplate":0,"gridDefinitionTemplateName":"Latitude_Longitude","numberPoints":65160,"shape":6,"shapeName":"Earth spherical with radius of 6,371,229.0 m","gridUnits":"degrees","resolution":48,"winds":"true","scanMode":0,"nx":360,"ny":181,"basicAngle":0,"lo1":0.0,"la1":90.0,"lo2":359.0,"la2":-90.0,"dx":1.0,"dy":1.0}, "data":
[rows 78 to 103 of 181, columns 177 to 235 of 360]
-0.8780322,-0.8180322,-2.4880323,-2.4380322,-2.0980322,-1.4080322,-1.2580322,-1.6980323,-1.1780323,-1.8480322,-2.1280322,-2.3280323,-2.3780322,-2.8080323,-2.5580323,-1.3180323,-0.17803222,-0.6080322,-1.7980323,-2.4580321,-3.8680322,-3.8280323,-3.8680322,-1.9380323,-0.45803222,-0.6780322,-0.78803223,0.051967774,0.36196777,0.42196777,-0.28803223,-1.2580322,-2.6880322,-1.6580322,1.0819678,2.2819679,0.8119678,0.08196777,-1.2680322,-1.8980322,-2.6480322,-3.3580322,-3.6780322,-3.7580323,-3.6580322,-5.6780324,-5.4480324,-6.0080323,-6.018032,-5.8880324,-5.898032,-6.6780324,-5.9880323,-6.3680325,-6.2380323,-6.328032,-6.358032,-5.398032,-6.788032
-1.7880322,-2.5480323,-2.2880323,-1.8580322,-1.5480323,-1.8980322,-1.5980322,-1.2880322,-2.9080322,-1.8280323,-1.9580323,-1.3980322,-2.2880323,-2.5280323,-1.8680322,-0.3080322,-1.1680322,-1.2980323,-1.8480322,-2.9480321,-3.8980322,-3.8180323,-2.4480321,-0.6380322,0.5019678,0.79196775,0.29196778,1.0219678,0.28196776,0.98196775,2.6619678,0.9419678,-0.7580322,0.20196778,1.7419678,1.6319678,0.7519678,1.4119678,0.17196777,0.21196777,-1.5280322,-2.0080323,-2.7480323,-3.978032,-3.6080322,-3.3480322,-3.0280323,-4.2580323,-5.6980324,-6.9280324,-7.248032,-6.3380322,-6.0880322,-5.898032,-6.1380324,-6.398032,-6.8180323,-5.538032,-5.578032
-0.57803226,-1.0780323,0.16196777,0.11196777,0.27196777,-0.8680322,-1.1480322,-1.4480323,-0.77803224,1.0819678,0.48196778,-2.0580323,-1.7080323,-1.5680323,-1.1180322,0.27196777,-0.118032224,-0.37803224,-1.5980322,-3.0480323,-3.7880323,-3.6380322,-1.8080323,0.30196777,2.8719678,3.8119678,0.27196777,3.3919678,2.5419679,3.771968,3.5019677,0.5619678,1.4319677,1.0019678,2.0319679,1.5719677,1.4819678,0.43196777,0.14196777,-1.6180322,-0.6080322,-1.1680322,-1.0680323,-1.3380322,-1.8380322,-1.2880322,-2.2680323,-3.0280323,-3.5680323,-3.8280323,-3.3380322,-2.9980323,-3.5380323,-4.0280323,-4.098032,-6.498032,-6.3380322,-4.998032,-4.938032
-0.31803223,-0.8180322,-0.82803226,-0.43803224,-0.32803223,-0.9280322,-1.3680322,-0.8780322,-1.3980322,-1.1080322,-0.3080322,-0.6780322,-1.2080323,-1.0080322,-0.058032226,0.72196776,0.8319678,-0.008032227,-0.90803224,-2.1980321,-1.9280323,-1.2280322,1.3319678,4.671968,4.8019676,4.891968,3.4119678,2.0419679,3.6319678,2.5919678,2.8619678,2.3119678,2.2319677,3.4019678,3.5619678,3.9319677,2.7619677,0.9519678,1.9419677,0.91196775,0.2519678,-1.0880322,0.5619678,-0.008032227,-0.7480322,-0.6780322,-1.2180322,-2.2780323,-3.1580322,-3.5880322,-3.1180322,-2.1380322,-2.0480323,-3.4680321,-3.9080322,-3.6080322,-2.8980322,-1.8880322,-1.1180322
-1.9180322,-0.31803223,-0.6780322,-0.96803224,0.20196778,0.78196776,0.28196776,0.9319678,0.031967774,1.1519678,0.43196777,0.15196778,-0.118032224,0.8619678,1.8619678,2.2219677,4.141968,2.1119678,0.34196776,0.11196777,0.85196775,1.7019677,4.291968,5.5319676,5.0319676,5.921968,7.2619677,-0.12803222,-0.44803223,1.6319678,2.1919677,2.1219678,3.7619677,5.981968,5.4519677,4.731968,3.7019677,3.1419678,3.2319677,2.4519677,2.2219677,0.37196776,-0.7380322,-0.58803225,-0.16803223,-0.34803224,0.0019677735,0.24196777,-0.53803223,-0.5580322,-0.9880322,-0.96803224,-1.1980323,-1.6480322,-1.9380323,-1.9680322,-0.9480322,0.60196775,1.2419678
1.8319678,1.0919678,1.1519678,1.7319678,1.9919678,1.4219677,0.79196775,0.92196774,2.0619678,1.9619678,1.7219678,1.2319678,1.3819678,2.2119677,2.6719677,4.0719676,4.351968,2.6719677,2.5919678,2.271968,2.4519677,3.3819678,4.4319677,5.501968,5.081968,2.8819678,3.8519678,0.54196775,0.6819678,0.9419678,3.9019678,4.9919677,5.6319675,5.291968,3.8219678,3.8619678,3.9219677,4.3819675,3.6619678,3.4619677,3.2219677,1.4419677,1.9419677,1.1619678,1.1519678,1.2419678,1.2319678,1.8919678,2.4919677,2.0419679,2.1419678,1.5819678,2.2019677,2.7519677,3.1019678,3.1119678,4.101968,4.921968,5.811968
1.8519678,2.021968,2.2919679,2.6419678,2.3519678,1.2919677,2.271968,2.4019678,2.9619677,3.4019678,2.5119677,2.7919679,2.8419678,4.2419677,4.2019677,4.141968,4.771968,4.811968,5.0319676,4.151968,4.1319675,5.3619676,4.791968,4.5519676,4.3419676,3.1819677,2.3919678,1.6719677,1.7219678,2.6419678,3.0019677,3.9919677,5.481968,4.1319675,4.5119677,4.391968,4.8819675,2.8719678,2.4819677,2.6919677,1.3019677,1.8119677,1.2519678,1.4419677,2.0319679,2.6319678,2.3019679,2.1419678,2.0119677,2.8319678,2.5419679,3.1019678,4.671968,4.9519677,4.4719677,4.1119676,4.371968,4.441968,5.3419676
2.8519678,2.8119678,2.9319677,3.021968,2.7419677,2.5719678,3.7519677,2.771968,4.041968,3.5019677,3.2519677,2.5919678,2.8319678,4.541968,4.7619677,5.2219677,5.501968,5.0919676,4.961968,5.901968,6.3819675,5.581968,4.671968,5.0519676,3.7919679,3.5619678,1.6419678,1.7219678,1.8019677,1.6319678,2.0619678,3.271968,3.9619677,3.9919677,4.211968,3.5919678,4.0919676,2.8119678,4.1119676,2.3019679,0.6219678,-0.6680322,-1.4880322,0.07196777,-0.21803223,0.36196777,-0.12803222,1.8119677,2.3319678,2.3519678,2.1719677,2.4819677,1.8319678,2.1019678,2.4719677,3.1019678,3.5019677,4.641968,4.641968
3.8519678,3.2019677,4.651968,5.1319675,3.6619678,4.941968,4.351968,4.141968,5.2219677,4.4719677,4.4719677,4.771968,4.691968,5.1619678,5.751968,5.831968,5.4719677,5.331968,5.2619677,5.6319675,6.371968,6.351968,5.1119676,4.271968,3.1519678,2.2819679,3.3919678,3.8819678,4.081968,3.6619678,1.9919678,2.8919678,3.0819678,3.3619678,3.4719677,3.1019678,2.9219677,2.5419679,2.7119677,2.6919677,2.3519678,0.8319678,-0.17803222,-0.028032226,0.19196777,0.40196776,0.38196778,1.8619678,2.0819678,2.2419677,2.8319678,2.8119678,2.8919678,2.7219677,3.0819678,2.9519677,3.1319678,4.0319676,5.1619678
3.1919677,3.6919677,3.5619678,3.1619678,4.421968,3.8419678,4.081968,3.7519677,3.9219677,4.4119678,5.4319677,5.1619678,5.0119677,5.331968,5.231968,5.191968,5.141968,5.231968,5.4919677,6.0519676,6.351968,6.481968,6.4119678,5.9919677,3.3919678,3.9019678,2.8119678,3.9219677,4.3819675,5.0519676,4.5319676,2.8219678,3.1319678,2.5419679,2.8119678,3.3619678,2.2419677,2.5919678,1.8619678,3.1619678,3.7919679,3.9619677,3.3519678,0.52196777,-0.33803222,0.33196777,0.59196776,0.6119678,2.2519677,2.3119678,2.5519679,3.1519678,3.2119677,3.2019677,3.5619678,4.521968,4.9519677,4.7819676,5.2019677
1.8019677,1.1819677,2.6019678,3.9819677,2.8119678,3.3619678,4.2619677,4.231968,4.871968,4.9119678,4.9119678,4.961968,5.1319675,4.9319677,5.2019677,5.1619678,5.0119677,4.7219677,5.5119677,5.4719677,5.521968,5.521968,5.7219677,5.871968,6.121968,4.501968,3.3319678,3.2019677,4.001968,4.3419676,4.921968,4.981968,3.6319678,2.3419678,2.2519677,3.4319677,3.7119677,2.5519679,2.3419678,2.0319679,1.5019678,3.5619678,3.7819679,3.1819677,3.0419679,3.5719678,4.371968,2.7119677,2.2519677,1.9319677,1.7719678,2.3319678,3.3519678,3.5619678,4.1619678,4.561968,5.5519676,4.831968,5.2419677
1.0919678,1.0919678,1.7519678,2.0919678,4.0719676,3.8919678,4.4719677,4.401968,5.3419676,5.461968,5.021968,5.831968,5.5519676,5.4919677,4.981968,4.391968,5.2219677,5.421968,4.581968,4.6319675,4.6119676,4.1819677,4.171968,4.441968,4.7619677,4.2019677,4.291968,2.9219677,3.3419678,4.3819675,4.8419676,4.171968,4.311968,3.8819678,2.771968,2.7019677,3.9519677,3.2519677,1.6819677,1.3419678,2.2219677,1.8119677,1.8019677,2.8619678,2.9919677,2.4919677,2.8419678,2.3519678,1.5919678,-0.28803223,-0.32803223,1.0319678,2.3119678,3.1219678,3.6019678,3.6319678,4.4919677,5.041968,4.731968
2.4919677,2.2919679,2.3519678,3.4519677,4.121968,4.101968,3.8719678,4.7219677,5.1619678,4.251968,4.9319677,4.791968,4.921968,4.5919676,4.501968,4.5719676,4.8619676,3.8319678,4.3819675,4.461968,4.171968,4.481968,4.1619678,3.1719677,3.6519678,5.151968,5.3419676,3.3019679,2.6319678,2.4719677,3.7119677,3.5919678,3.6019678,3.6519678,3.4119678,1.8719678,1.9119678,2.4519677,1.9619678,1.2319678,0.9919678,0.60196775,0.43196777,0.91196775,1.1719677,1.1619678,1.4519677,1.8819678,2.2419677,2.0519679,2.3919678,1.2819678,1.7519678,2.2319677,2.6219678,2.8819678,2.5319679,3.3519678,3.4719677
3.6219678,3.7819679,3.7419677,3.2319677,3.5819678,4.1819677,3.9719677,4.391968,4.3019676,4.641968,4.9319677,4.2019677,4.2619677,4.941968,5.3819675,4.8219676,4.9119678,3.9719677,3.6619678,3.0019677,3.2419677,3.8619678,4.8819675,3.0319679,3.9819677,4.581968,4.9119678,4.2219677,3.7119677,2.7319677,1.9019678,2.4419677,2.1519678,2.3419678,2.9319677,1.9419677,1.5419677,2.1219678,1.4719678,1.4619678,1.2219678,1.0419677,-0.06803223,0.38196778,0.9419678,0.8219678,1.5619677,2.9119678,3.0719678,3.0619678,3.4319677,2.1019678,1.9419677,1.7919677,2.1219678,2.2519677,3.4319677,3.2019677,3.7219677
3.9619677,4.291968,3.5519679,2.5019677,2.2219677,3.2119677,2.4519677,3.1219678,3.6219678,3.5519679,4.0119677,2.6819677,3.9519677,2.9619677,3.2419677,3.2419677,4.001968,3.4919677,2.6019678,3.1319678,2.9219677,3.9719677,4.6119676,4.561968,4.4119678,4.231968,4.191968,3.2919679,2.771968,2.9619677,0.96196777,1.5719677,1.7019677,1.7519678,1.5219678,1.7719678,2.6819677,2.2519677,2.7819679,2.2319677,2.4319677,2.3819678,2.5919678,1.4719678,1.8919678,1.6619678,2.0119677,2.7919679,3.9219677,4.0919676,2.8519678,3.1519678,3.0119677,3.7919679,1.8019677,3.0619678,3.3819678,4.0119677,4.391968
3.6519678,3.0719678,3.1819677,2.9519677,2.0119677,1.9919678,2.3519678,1.2019677,3.1819677,3.3719678,2.7419677,1.7719678,2.2219677,3.0919678,2.7419677,3.9719677,3.1219678,3.0619678,3.8519678,2.8119678,3.7919679,3.6819677,4.3219676,4.061968,3.8419678,3.1319678,3.1719677,3.1019678,2.9519677,2.3019679,2.6619678,1.8619678,0.96196777,1.0719677,1.3519678,2.0419679,2.4519677,3.021968,2.5119677,2.4419677,2.1319678,2.7519677,2.8819678,3.5119677,2.5819678,2.0519679,1.9919678,2.4219677,3.021968,3.1919677,3.4819677,2.5319679,2.8519678,3.4119678,3.6219678,4.2219677,3.6519678,3.4719677,4.5719676
2.7019677,2.5019677,1.9119678,2.2519677,1.4619678,0.6919678,1.3719678,2.1019678,1.6219678,2.3919678,1.4519677,1.8819678,2.0819678,2.3119678,2.5819678,3.1319678,2.9219677,3.8119678,3.271968,3.771968,3.6819677,3.5619678,4.2419677,4.171968,3.021968,2.0919678,2.3719678,2.6419678,2.771968,3.5019677,2.3819678,2.0119677,1.7919677,1.1919677,1.2219678,2.4619677,3.4919677,2.3019679,2.1619678,1.5219678,1.9019678,2.2319677,3.0619678,3.5119677,2.6419678,2.6219678,2.6419678,2.5419679,2.6419678,1.8719678,1.3419678,2.1919677,2.771968,2.9919677,3.4319677,4.0319676,3.8819678,3.1719677,3.2119677
0.67196774,1.2519678,1.2919677,0.84196776,1.0719677,0.85196775,0.9319678,1.7619678,1.4419677,0.8219678,2.4419677,1.1119678,1.3919678,2.271968,0.8119678,1.4519677,2.521968,3.0619678,3.2519677,2.9519677,2.4519677,2.1219678,3.3719678,2.7219677,1.9419677,2.5719678,1.3619678,2.3219678,2.4819677,2.8719678,1.7019677,2.8319678,2.7119677,3.3119678,3.3119678,3.0519679,2.6119678,2.1319678,1.0519677,1.2819678,0.7619678,1.6619678,1.8619678,1.3819678,2.3219678,2.8919678,2.7819679,2.8319678,3.3719678,3.6319678,3.271968,2.4619677,2.3819678,2.6719677,2.8319678,2.9819677,2.7819679,3.6419678,4.171968
-0.06803223,0.85196775,0.021967774,0.5819678,-0.6680322,0.29196778,-1.2880322,-1.4680322,0.27196777,0.8819678,1.9719678,1.3319678,1.7819678,1.5819678,0.19196777,0.6419678,1.7919677,2.9219677,2.4519677,3.2819679,3.0119677,2.8519678,2.0019677,0.5519678,2.2619677,2.2319677,1.5619677,2.2119677,1.8619678,2.1819677,2.1019678,2.4019678,2.8319678,3.0919678,2.6219678,1.4119678,1.3119677,1.7419678,1.5219678,1.2219678,1.2519678,1.7519678,1.1419678,1.5019678,2.0319679,2.6419678,2.0319679,1.9619678,3.0419679,2.6719677,2.4919677,2.271968,2.1919677,2.4819677,2.2319677,2.4219677,3.9319677,3.8919678,3.9419677
-1.0880322,-0.70803225,-0.25803223,-0.22803223,0.15196778,0.6819678,0.26196778,-0.9480322,-0.72803223,0.9919678,-0.10803223,1.1919677,1.1019678,1.5019678,1.1819677,1.5619677,1.5919678,2.0319679,1.5519677,2.0819678,1.9919678,2.1919677,0.5619678,0.19196777,1.4219677,2.0119677,2.2519677,1.9819678,1.5619677,2.7519677,2.7519677,2.3219678,2.4119678,2.5619678,1.9419677,2.2519677,0.77196777,0.42196777,1.4719678,1.7719678,1.0819678,0.8319678,1.4019678,1.0319678,0.21196777,1.4719678,1.2519678,2.0519679,1.7119678,2.1119678,1.0619677,1.0719677,0.8919678,1.9919678,1.9519677,2.3819678,3.2219677,4.6819677,3.6919677
0.4419678,0.37196776,0.8719678,1.2419678,0.7419678,1.8319678,1.1819677,0.31196776,-1.0380322,-0.29803222,-0.57803226,0.79196775,1.3819678,1.2319678,1.1919677,0.46196777,1.1819677,1.4419677,0.5719678,0.101967774,0.9919678,0.49196777,0.6919678,1.7719678,1.4019678,0.66196775,1.1119678,1.0819678,1.3119677,2.4519677,2.4519677,3.0019677,1.3419678,0.91196775,1.1419678,0.9519678,1.2419678,0.42196777,1.9019678,1.7919677,1.1519678,2.0319679,1.9319677,1.6419678,0.9319678,1.3219677,0.71196777,1.6519678,1.5319678,1.0319678,0.97196776,0.7519678,0.4419678,0.7619678,1.4819678,1.5719677,2.6919677,3.9019678,2.521968
0.45196778,0.9919678,1.5319678,1.8119677,1.5119678,2.0819678,2.4019678,1.8119677,-0.6980322,-1.9680322,-0.64803225,0.36196777,1.0419677,0.27196777,-0.6380322,0.07196777,-0.32803223,0.6419678,-0.26803222,-0.70803225,-0.12803222,-0.008032227,1.3419678,1.4019678,1.4919678,1.1119678,1.7719678,0.71196777,1.6619678,2.3119678,2.4219677,2.1119678,1.6719677,0.8119678,1.3819678,2.0819678,0.45196778,0.92196774,1.5619677,2.6119678,2.9919677,3.6419678,3.6719677,3.0919678,3.1819677,2.9819677,2.1519678,2.7519677,2.9119678,3.1119678,3.3919678,2.3919678,1.3919678,1.3919678,1.5719677,1.4919678,0.8819678,1.1219678,1.0219678
0.6419678,1.5219678,1.8019677,3.1419678,3.6219678,3.1519678,3.4119678,2.3819678,-0.53803223,-0.8180322,-1.3580322,-0.53803223,0.27196777,-0.058032226,0.41196778,-1.7780322,-0.70803225,-0.39803222,-0.6680322,-0.89803225,-0.97803223,-0.5080322,-0.18803222,1.4019678,0.6119678,0.8919678,1.3619678,1.5419677,1.5819678,1.4619678,1.5119678,0.53196776,0.71196777,0.9519678,1.0219678,1.5119678,1.2219678,0.7019678,1.4719678,2.271968,3.2919679,4.8019676,5.0319676,4.0319676,3.9419677,3.4419677,2.6519678,3.3019679,3.5919678,3.1419678,3.5119677,3.8119678,2.8619678,1.4319677,1.2619678,0.6919678,0.061967775,0.26196778,0.5119678
0.98196775,1.7119678,2.9419677,3.271968,2.6719677,2.7619677,1.5619677,3.0119677,0.17196777,-1.2180322,-1.9580323,-1.0480323,-0.31803223,1.2519678,2.2119677,0.54196775,-0.8780322,-1.1980323,-0.6680322,-1.1380322,-0.6980322,-0.6680322,0.12196777,1.0719677,0.8719678,0.8219678,1.5519677,1.0219678,0.91196775,1.2519678,2.1819677,1.4619678,0.101967774,0.37196776,0.43196777,0.71196777,0.5119678,-0.12803222,0.45196778,1.4719678,2.5719678,3.7519677,3.2919679,3.5619678,3.9019678,3.1119678,2.4719677,3.1219678,1.4919678,2.9319677,3.4419677,2.4819677,1.8319678,1.3119677,1.2519678,1.1919677,1.0719677,0.41196778,0.36196777
1.1219678,2.1519678,2.7119677,3.2919679,3.1919677,2.9819677,1.8419678,2.2619677,1.8419678,-0.6080322,-1.2180322,-0.5080322,0.27196777,1.3919678,2.8819678,0.38196778,-0.43803224,-0.57803226,0.71196777,-1.0880322,-0.6380322,-0.4980322,-0.29803222,0.35196778,0.54196775,1.1919677,1.9119678,1.1419678,0.5019678,1.7219678,1.9419677,1.7019677,1.1019678,0.29196778,0.37196776,0.35196778,-0.25803223,-0.32803223,0.39196777,0.6219678,2.3919678,3.0519679,2.6219678,2.3919678,1.6119678,3.3419678,3.4419677,1.8819678,1.6319678,0.71196777,2.0119677,1.5119678,1.0619677,1.7519678,1.3319678,3.4819677,2.5719678,1.7419678,2.2919679
2.1719677,2.6119678,3.0519679,2.4719677,4.2819676,0.7419678,2.0119677,1.8819678,1.4619678,-0.42803222,-0.43803224,-1.4980322,-0.008032227,-0.29803222,0.65196776,1.1819677,1.1519678,1.4719678,0.34196776,-0.09803223,-0.58803225,0.59196776,0.96196777,0.91196775,0.09196778,0.6919678,1.0119678,1.2619678,0.72196776,1.4819678,2.3019679,1.1919677,0.72196776,1.0719677,0.78196776,1.7519678,0.27196777,-1.1080322,-0.9180322,0.19196777,1.4419677,1.3919678,2.5619678,2.0019677,2.6719677,2.7919679,2.0519679,1.8419678,1.6919677,0.54196775,1.2919677,1.4219677,0.67196774,1.6419678,2.1719677,3.2819679,3.3919678,3.1619678,3.2319677
