json-data/2022072118.json
{"header": {"discipline":0,"disciplineName":"Meteorological products","gribEdition":2,"gribLength":47519,"center":7,"centerName":"US National Weather Service - NCEP(WMC)","subcenter":0,"refTime":"2022-07-21T18:00:00.000Z","significanceOfRT":1,"significanceOfRTName":"Start of forecast","productStatus":0,"productStatusName":"Operational products","productType":1,"productTypeName":"Forecast products","productDefinitionTemplate":0,"productDefinitionTemplateName":"Analysis/forecast at horizontal level/layer at a point in time","parameterCategory":0,"parameterCategoryName":"Temperature","parameterNumber":0,"parameterNumberName":"Temperature","parameterUnit":"K","genProcessType":2,"genProcessTypeName":"Forecast","forecastTime":0,"surface1Type":1,"surface1TypeName":"Ground or water surface","surface1Value":0.0,"surface2Type":255,"surface2TypeName":"Missing","surface2Value":0.0,"gridDefinitionTemplate":0,"gridDefinitionTemplateName":"Latitude_Longitude","numberPoints":65160,"shape":6,"shapeName":"Earth spherical with radius of 6,371,229.0 m","gridUnits":"degrees","resolution":48,"winds":"true","scanMode":0,"nx":360,"ny":181,"basicAngle":0,"lo1":0.0,"la1":90.0,"lo2":359.0,"la2":-90.0,"dx":1.0,"dy":1.0}, "data":
[rows 130 to 155 of 181, columns 240 to 299 of 360]
286.08392,285.98395,285.58392,286.18393,286.48395,286.58392,286.28394,285.98395,285.98395,286.28394,286.38394,286.18393,286.08392,285.88394,285.78394,285.48395,285.58392,285.48395,285.08392,284.78394,284.78394,284.68393,284.48395,284.38394,284.48395,284.68393,284.98395,284.68393,284.48395,284.38394,284.18393,284.18393,284.58392,284.78394,284.58392,284.48395,284.48395,284.38394,284.28394,284.08392,283.88394,283.88394,283.68393,283.48395,283.58392,283.58392,283.68393,279.38394,274.48395,277.78394,285.68393,283.88394,285.58392,288.38394,286.68393,285.38394,287.58392,290.18393,280.58392,281.98395
285.08392,284.98395,284.88394,285.38394,285.58392,285.48395,285.28394,285.08392,285.18393,285.28394,285.38394,285.28394,285.08392,284.98395,284.78394,284.68393,284.98395,285.18393,284.68393,284.28394,284.18393,283.98395,283.78394,283.88394,283.98395,284.18393,284.38394,284.08392,283.78394,283.78394,283.78394,283.88394,283.98395,283.98395,283.78394,283.78394,283.78394,283.78394,283.68393,283.48395,283.28394,283.18393,283.08392,282.98395,282.98395,283.28394,282.98395,278.58392,273.48395,275.18393,276.18393,278.18393,280.38394,281.88394,279.78394,283.98395,285.38394,286.58392,281.58392,282.58392
284.68393,284.58392,283.98395,284.18393,284.68393,284.78394,284.68393,284.58392,284.58392,284.58392,284.48395,284.38394,284.18393,283.98395,283.68393,283.88394,284.18393,284.18393,284.08392,283.78394,283.68393,283.48395,283.28394,283.18393,283.38394,283.38394,283.18393,283.08392,282.88394,282.98395,283.18393,283.68393,283.58392,283.08392,282.98395,282.98395,283.08392,283.18393,283.18393,283.08392,282.88394,282.88394,282.78394,282.58392,282.68393,282.88394,280.48395,282.58392,271.98395,273.18393,276.18393,271.08392,273.18393,276.98395,278.78394,284.58392,283.38394,282.78394,282.58392,282.18393
283.38394,283.48395,283.28394,283.48395,284.18393,284.18393,284.08392,283.88394,283.88394,283.88394,283.78394,283.88394,283.58392,283.28394,282.98395,282.98395,283.18393,283.08392,283.08392,282.88394,282.78394,282.58392,282.58392,282.68393,282.78394,282.58392,282.48395,282.28394,282.28394,282.28394,282.48395,282.58392,282.38394,282.38394,282.48395,282.48395,282.38394,282.48395,282.48395,282.38394,282.38394,282.58392,282.48395,282.38394,282.38394,282.58392,277.28394,282.08392,271.88394,273.98395,275.68393,275.88394,275.98395,282.08392,281.38394,282.68393,282.08392,281.88394,281.68393,280.88394
282.28394,282.48395,282.58392,282.78394,282.98395,283.08392,282.98395,282.98395,283.18393,283.38394,283.38394,283.18393,283.08392,282.78394,282.48395,282.48395,282.18393,282.08392,282.08392,282.08392,281.98395,281.88394,281.88394,281.88394,281.88394,281.88394,281.68393,281.78394,281.58392,281.48395,281.48395,281.48395,281.58392,281.88394,281.88394,281.98395,281.88394,281.98395,281.78394,281.68393,281.78394,281.98395,282.08392,282.28394,282.48395,282.38394,281.78394,273.98395,271.28394,272.98395,272.98395,279.98395,278.88394,281.08392,281.38394,281.28394,281.18393,280.78394,280.48395,279.98395
281.68393,281.98395,282.18393,282.18393,282.08392,282.08392,282.38394,282.48395,282.68393,282.78394,282.68393,282.38394,282.28394,282.38394,282.38394,282.08392,281.68393,281.38394,281.18393,281.08392,281.08392,281.28394,281.38394,281.28394,281.28394,281.18393,280.88394,280.98395,280.88394,280.88394,280.88394,280.78394,280.68393,281.08392,281.28394,281.18393,281.18393,281.28394,281.38394,281.48395,281.58392,281.58392,281.78394,282.38394,282.48395,282.18393,276.38394,272.88394,271.88394,271.58392,274.48395,278.08392,277.58392,279.28394,281.98395,281.28394,280.88394,280.38394,279.88394,279.38394
280.78394,280.88394,281.28394,281.28394,281.18393,281.38394,281.78394,281.78394,281.78394,281.88394,281.78394,281.78394,281.88394,281.68393,281.88394,281.78394,281.48395,281.08392,280.68393,280.58392,280.48395,280.58392,280.58392,280.58392,280.58392,280.48395,280.38394,280.28394,280.18393,280.18393,280.38394,280.38394,280.08392,280.38394,280.68393,280.38394,280.38394,281.08392,281.18393,281.18393,281.18393,281.18393,281.48395,281.88394,282.18393,276.68393,275.88394,272.68393,268.28394,270.98395,273.38394,277.68393,275.98395,280.88394,280.88394,280.88394,280.68393,279.98395,279.58392,279.18393
280.48395,280.58392,280.58392,280.38394,280.28394,280.58392,280.88394,280.88394,281.08392,281.18393,281.18393,280.98395,281.08392,280.98395,280.88394,280.78394,280.78394,280.68393,280.48395,280.38394,280.28394,280.18393,280.08392,279.98395,279.88394,280.18393,280.38394,280.38394,279.68393,279.68393,279.78394,279.78394,279.58392,279.88394,280.08392,279.88394,279.88394,280.18393,280.38394,280.48395,280.48395,280.48395,280.68393,280.98395,281.08392,280.78394,275.08392,269.88394,263.78394,265.68393,271.38394,276.68393,278.98395,278.28394,279.38394,279.88394,279.98395,279.48395,278.98395,278.88394
280.18393,280.28394,280.08392,279.98395,279.78394,279.68393,279.88394,280.08392,280.28394,280.78394,280.68393,280.28394,280.48395,280.48395,280.48395,280.18393,280.18393,280.18393,280.18393,280.18393,279.88394,279.78394,279.68393,279.58392,279.48395,279.48395,279.88394,279.58392,279.28394,279.38394,279.18393,279.08392,279.08392,279.38394,279.58392,279.58392,279.48395,279.58392,279.78394,279.98395,279.88394,279.98395,280.28394,280.58392,280.68393,277.58392,278.48395,270.88394,266.58392,272.28394,273.28394,275.78394,279.28394,279.48395,279.78394,279.48395,279.28394,278.88394,278.78394,278.78394
279.58392,279.68393,279.68393,279.48395,279.38394,279.28394,279.18393,279.18393,279.28394,279.78394,280.08392,279.98395,279.78394,279.88394,280.08392,279.88394,279.88394,279.78394,279.78394,279.48395,279.28394,279.18393,279.18393,279.18393,279.08392,279.08392,279.08392,278.88394,278.88394,278.98395,278.98395,278.78394,278.68393,278.68393,278.88394,279.08392,279.18393,279.18393,279.28394,279.58392,279.58392,279.68393,279.98395,280.18393,280.48395,275.88394,272.68393,268.28394,266.28394,272.48395,276.18393,275.48395,276.78394,278.98395,279.28394,279.18393,278.88394,278.78394,278.48395,278.58392
279.08392,279.08392,278.98395,278.68393,278.48395,278.68393,279.18393,279.08392,279.08392,279.38394,279.48395,279.58392,279.68393,279.68393,279.48395,279.58392,279.48395,279.48395,279.38394,279.18393,278.98395,278.98395,278.98395,278.98395,278.88394,278.98395,278.68393,278.78394,278.78394,278.48395,278.38394,278.38394,278.48395,278.58392,278.48395,278.68393,278.78394,278.88394,279.08392,279.48395,279.48395,279.68393,279.78394,280.08392,280.48395,279.68393,271.48395,267.98395,272.88394,269.48395,273.48395,273.98395,278.08392,278.98395,279.08392,278.88394,278.78394,278.58392,278.38394,278.38394
278.48395,278.48395,278.28394,278.08392,278.08392,278.48395,278.88394,278.98395,278.98395,279.08392,279.08392,279.08392,279.08392,279.18393,279.18393,279.18393,279.08392,279.08392,279.08392,278.98395,278.88394,278.68393,278.78394,278.68393,278.58392,278.58392,278.48395,278.38394,278.18393,278.18393,278.28394,278.38394,278.28394,278.38394,278.28394,278.48395,278.58392,278.78394,279.08392,279.28394,279.38394,279.58392,279.78394,280.28394,280.68393,275.58392,274.48395,270.48395,271.38394,271.08392,272.68393,277.88394,278.78394,278.88394,278.58392,278.48395,278.38394,278.18393,278.08392,278.08392
278.28394,278.18393,277.98395,278.08392,278.28394,278.58392,278.78394,278.88394,278.88394,278.88394,278.88394,278.68393,278.68393,278.78394,278.88394,278.98395,278.88394,278.88394,278.98395,278.88394,278.78394,278.68393,278.58392,278.48395,278.38394,278.48395,278.28394,278.18393,278.28394,278.18393,278.18393,278.18393,278.08392,278.08392,278.08392,278.18393,278.38394,278.48395,278.58392,278.68393,278.78394,278.88394,279.18393,279.58392,280.28394,275.38394,276.28394,273.58392,273.68393,272.18393,271.88394,273.98395,278.08392,278.48395,278.08392,277.98395,277.98395,277.78394,277.68393,276.78394
278.28394,278.18393,277.88394,277.88394,278.18393,278.38394,278.58392,278.48395,278.28394,278.38394,278.28394,278.38394,278.38394,278.48395,278.48395,278.58392,278.68393,278.78394,278.88394,278.78394,278.68393,278.58392,278.38394,278.28394,278.18393,278.08392,278.18393,278.18393,277.88394,277.88394,277.88394,277.88394,277.78394,277.78394,277.88394,277.98395,277.98395,278.08392,278.28394,278.38394,278.38394,278.48395,278.78394,279.18393,279.68393,279.78394,276.78394,271.88394,273.38394,275.18393,274.98395,274.58392,277.48395,278.08392,277.88394,277.78394,277.58392,277.38394,277.08392,277.38394
278.18393,277.88394,277.58392,277.68393,277.98395,278.18393,278.08392,277.98395,277.88394,277.88394,278.08392,278.18393,278.18393,278.08392,278.18393,278.28394,278.48395,278.58392,278.68393,278.78394,278.58392,278.38394,278.28394,278.28394,278.08392,277.88394,277.78394,277.88394,277.78394,277.78394,277.78394,277.78394,277.68393,277.78394,277.78394,277.78394,277.78394,277.88394,278.08392,278.28394,278.38394,278.28394,278.18393,278.28394,278.88394,279.28394,279.38394,279.18393,272.78394,276.28394,274.48395,272.98395,271.88394,277.18393,277.68393,277.98395,277.88394,277.38394,277.08392,277.08392
277.68393,277.58392,277.38394,277.28394,277.58392,277.58392,277.58392,277.58392,277.48395,277.68393,277.88394,277.98395,277.98395,277.58392,277.58392,277.58392,277.88394,277.98395,278.08392,277.98395,277.88394,277.78394,277.78394,277.68393,277.98395,277.88394,277.78394,277.48395,277.58392,277.48395,277.48395,277.38394,277.48395,277.58392,277.58392,277.58392,277.68393,277.68393,277.78394,277.98395,278.08392,278.08392,277.78394,277.78394,278.08392,278.28394,278.58392,278.88394,279.08392,278.18393,274.28394,270.78394,270.18393,277.78394,276.98395,278.28394,277.98395,277.68393,277.28394,277.08392
277.58392,277.58392,277.38394,277.18393,277.18393,277.18393,277.18393,277.28394,277.28394,277.48395,277.58392,277.48395,277.38394,277.38394,277.28394,277.28394,277.18393,277.08392,276.98395,277.08392,277.08392,277.18393,277.28394,277.38394,277.48395,277.58392,277.58392,277.48395,277.38394,277.28394,277.28394,277.38394,277.48395,277.38394,277.38394,277.28394,277.38394,277.48395,277.48395,277.58392,277.58392,277.58392,277.58392,277.48395,277.58392,277.78394,277.98395,278.18393,278.28394,278.68393,279.08392,279.28394,278.98395,278.78394,277.98395,277.18393,276.68393,276.48395,276.18393,276.08392
276.58392,276.58392,276.68393,276.88394,276.98395,277.08392,277.28394,277.28394,277.18393,277.18393,277.08392,276.88394,276.98395,277.08392,277.18393,277.08392,276.98395,276.68393,276.48395,276.38394,276.48395,276.68393,276.78394,276.88394,276.78394,276.68393,276.88394,276.78394,276.88394,276.88394,276.98395,277.18393,277.18393,277.08392,276.98395,277.08392,277.18393,277.38394,277.28394,277.28394,277.28394,277.28394,277.28394,277.28394,277.28394,277.48395,277.88394,278.08392,278.18393,278.28394,278.48395,278.58392,278.28394,277.88394,277.38394,276.78394,275.88394,275.78394,275.48395,275.38394
275.48395,275.58392,275.88394,276.08392,276.38394,276.58392,276.68393,276.68393,276.68393,276.68393,276.88394,276.78394,276.68393,276.78394,276.88394,276.78394,276.48395,276.18393,276.08392,276.18393,276.38394,276.48395,276.48395,276.48395,276.28394,276.08392,275.88394,275.98395,275.98395,276.08392,276.18393,276.28394,276.48395,276.48395,276.58392,276.88394,277.08392,277.28394,277.08392,276.88394,276.68393,276.88394,277.08392,277.18393,277.08392,277.18393,277.38394,277.78394,277.88394,277.98395,277.78394,277.38394,276.88394,276.58392,276.18393,275.58392,274.68393,274.28394,273.88394,273.58392
274.58392,274.88394,275.08392,275.28394,275.38394,275.78394,275.98395,275.88394,275.88394,275.88394,275.88394,275.78394,275.68393,275.98395,275.88394,275.68393,275.88394,275.68393,275.68393,275.88394,275.98395,275.98395,275.98395,275.88394,275.78394,275.38394,275.38394,275.58392,275.68393,275.88394,275.88394,275.68393,275.58392,275.78394,276.18393,276.48395,276.58392,276.48395,276.38394,276.38394,276.28394,276.28394,276.48395,276.38394,276.68393,276.68393,276.68393,276.38394,276.68393,276.78394,276.38394,276.08392,275.28394,274.58392,274.28394,273.68393,272.78394,272.38394,271.88394,271.98395
273.98395,274.18393,274.38394,274.58392,274.88394,275.08392,275.08392,275.08392,275.08392,275.08392,274.98395,274.88394,274.88394,274.88394,274.78394,274.78394,274.78394,275.08392,275.28394,275.38394,275.48395,275.48395,275.38394,275.18393,275.18393,274.98395,274.98395,274.98395,275.18393,275.28394,275.28394,275.18393,274.98395,274.98395,275.48395,275.68393,275.88394,275.98395,276.08392,275.98395,275.98395,275.88394,275.68393,275.58392,275.68393,275.68393,275.48395,275.18393,274.98395,274.88394,274.58392,274.38394,273.88394,273.18393,272.58392,271.88394,271.28394,271.18393,271.18393,271.18393
273.68393,273.78394,273.88394,273.98395,274.28394,274.48395,274.48395,274.48395,274.48395,274.38394,274.28394,274.28394,274.38394,274.28394,274.18393,274.18393,274.18393,274.28394,274.58392,274.78394,274.88394,274.68393,274.58392,274.38394,274.38394,274.48395,274.38394,274.28394,274.38394,274.48395,274.58392,274.48395,274.38394,274.38394,274.48395,274.78394,274.98395,274.88394,275.08392,275.08392,275.28394,275.18393,274.98395,274.88394,274.68393,274.68393,274.18393,273.88394,273.58392,273.48395,273.08392,272.88394,272.28394,271.78394,271.58392,271.18393,271.18393,271.18393,271.18393,271.18393
273.28394,273.28394,273.38394,273.38394,273.58392,273.88394,274.08392,274.18393,274.18393,273.98395,273.68393,273.48395,273.58392,273.68393,273.78394,273.68393,273.68393,273.68393,273.48395,273.58392,273.58392,273.68393,273.68393,273.58392,273.48395,273.28394,273.08392,273.18393,273.38394,273.38394,273.38394,273.48395,273.58392,273.68393,273.68393,273.58392,273.58392,273.68393,273.78394,273.68393,273.78394,274.08392,274.18393,274.08392,273.98395,273.58392,273.18393,272.68393,272.28394,272.18393,271.68393,271.38394,271.18393,271.18393,271.18393,271.18393,271.18393,271.18393,271.18393,271.18393
272.98395,272.98395,272.98395,272.98395,273.18393,273.48395,273.68393,273.68393,273.68393,273.48395,273.18393,273.08392,272.98395,272.98395,272.98395,273.08392,273.08392,272.98395,272.68393,272.58392,272.68393,272.68393,272.78394,272.68393,272.58392,272.48395,272.28394,272.18393,272.18393,272.18393,272.48395,272.58392,272.78394,272.68393,272.68393,272.78394,272.78394,272.88394,272.88394,272.58392,272.38394,272.58392,272.78394,272.88394,272.48395,272.28394,271.58392,271.28394,271.28394,271.28394,271.18393,271.18393,271.18393,271.18393,271.18393,271.18393,271.18393,271.18393,271.18393,268.78394
272.48395,272.58392,272.48395,272.48395,272.48395,272.58392,272.78394,273.08392,272.98395,272.88394,272.68393,272.38394,272.38394,272.28394,272.28394,272.28394,272.38394,272.28394,272.08392,272.08392,272.18393,272.18393,272.18393,272.08392,272.08392,272.18393,272.08392,271.78394,271.68393,271.68393,272.08392,272.18393,272.08392,272.08392,271.98395,272.08392,271.98395,271.88394,271.48395,271.28394,271.28394,271.28394,271.28394,271.28394,271.28394,271.28394,271.28394,271.28394,267.68393,271.28394,269.18393,271.18393,271.28394,271.28394,271.18393,271.18393,271.18393,268.88394,266.48395,253.28394
271.98395,272.08392,272.08392,271.98395,271.88394,271.88394,271.88394,272.08392,272.08392,272.18393,271.98395,271.88394,271.78394,271.78394,271.78394,271.78394,271.78394,271.78394,271.78394,271.88394,271.98395,271.88394,271.68393,271.68393,271.78394,271.78394,271.68393,271.48395,271.38394,271.48395,271.58392,271.68393,271.58392,271.38394,271.38394,271.38394,271.28394,271.28394,271.28394,271.28394,271.28394,269.68393,268.48395,268.88394,270.78394,269.28394,267.78394,266.68393,268.28394,269.88394,267.48395,268.68393,271.38394,271.38394,271.28394,271.28394,255.78394,253.68393,254.78394,257.58392
