json-data/2022072300.json
{"header": {"discipline":0,"disciplineName":"Meteorological products","gribEdition":2,"gribLength":78843,"center":7,"centerName":"US National Weather Service - NCEP(WMC)","subcenter":0,"refTime":"2022-07-23T00:00:00.000Z","significanceOfRT":1,"significanceOfRTName":"Start of forecast","productStatus":0,"productStatusName":"Operational products","productType":1,"productTypeName":"Forecast products","productDefinitionTemplate":0,"productDefinitionTemplateName":"Analysis/forecast at horizontal level/layer at a point in time","parameterCategory":2,"parameterCategoryName":"Momentum","parameterNumber":2,"parameterNumberName":"U-component_of_wind","parameterUnit":"m.s-1","genProcessType":2,"genProcessTypeName":"Forecast","forecastTime":0,"surface1Type":103,"surface1TypeName":"Specified height level above ground","surface1Value":10.0,"surface2Type":255,"surface2TypeName":"Missing","surface2Value":0.0,"gridDefinitionTemplate":0,"gridDefinitionTemplateName":"Latitude_Longitude","numberPoints":65160,"shape":6,"shapeName":"Earth spherical with radius of 6,371,229.0 m","gridUnits":"degrees","resolution":48,"winds":"true","scanMode":0,"nx":360,"ny":181,"basicAngle":0,"lo1":0.0,"la1":90.0,"lo2":359.0,"la2":-90.0,"dx":1.0,"dy":1.0}, "data":
[rows 104 to 129 of 181, columns 290 to 347 of 360]
-0.5900659,0.6299341,1.399934,1.299934,-1.4400659,0.3599341,-0.15006591,-0.6400659,-0.8200659,-1.230066,-0.9000659,-0.6600659,-2.4500659,1.1299341,-1.3900659,0.2999341,-1.9900659,-2.840066,0.23993409,-1.9200659,-1.6200659,-1.9200659,-0.3900659,2.199934,-3.320066,-1.6500659,-1.1300659,-2.570066,-1.8900659,-4.200066,-0.9600659,-1.4200659,-5.650066,-4.690066,-4.750066,-6.630066,-7.860066,-8.280066,-8.790066,-8.580066,-7.840066,-7.690066,-7.0800657,-7.1000657,-7.610066,-7.670066,-7.650066,-8.460066,-8.120066,-7.8500657,-7.410066,-7.500066,-7.460066,-7.590066,-7.440066,-7.460066,-7.170066,-7.0600657
-2.140066,-0.34006593,-0.060065918,0.3899341,-0.40006593,0.6699341,-0.7800659,-0.54006594,-0.4200659,0.37993407,1.289934,-0.17006592,1.149934,-0.6900659,-0.9600659,-1.8900659,-1.2500659,-1.4900659,0.3299341,-1.600066,-2.4900658,-2.570066,-1.5200659,-1.6400659,-2.120066,-1.580066,0.11993408,-2.890066,-1.3900659,-3.5000658,-0.23006591,-1.1100659,-5.540066,-5.820066,-7.0600657,-7.880066,-7.940066,-8.640066,-8.080066,-7.410066,-6.900066,-6.200066,-6.210066,-5.920066,-6.880066,-7.3300657,-7.320066,-7.380066,-6.8700657,-6.3500657,-6.480066,-7.420066,-8.040066,-8.010066,-8.380066,-8.750066,-7.470066,-7.470066
0.16993408,-5.160066,1.5799341,0.22993408,0.69993407,-0.37006593,0.82993406,-1.1300659,0.3599341,0.13993408,-0.5300659,0.42993408,-1.7800659,0.49993408,-0.6900659,-0.38006592,-1.5200659,-1.3700659,0.9299341,-1.4900659,-1.6700659,-2.780066,-2.070066,-0.7600659,-0.5800659,-0.79006594,-0.6500659,-3.780066,-2.310066,-0.85006595,-1.590066,-0.5200659,-5.460066,-5.880066,-7.170066,-7.660066,-7.280066,-7.690066,-7.800066,-7.0800657,-5.790066,-5.510066,-5.3100657,-5.510066,-5.880066,-7.420066,-7.000066,-7.050066,-7.3300657,-7.340066,-6.940066,-8.720066,-8.470066,-8.440066,-6.960066,-7.950066,-8.760066,-8.230066
1.7199341,2.089934,-1.5000659,1.3899341,0.059934083,0.11993408,0.8499341,0.9899341,-0.25006592,-0.12006592,0.17993408,0.059934083,-0.9700659,-0.7200659,-0.41006592,-2.2100658,-1.9000659,-0.5300659,-1.580066,-2.520066,-1.5600659,-3.130066,-2.4300659,-0.47006592,-0.73006594,0.4499341,-2.2200658,-0.5200659,-1.9200659,-0.5200659,-0.61006594,-3.260066,-5.660066,-5.910066,-6.260066,-6.930066,-6.090066,-6.5600657,-6.590066,-6.550066,-6.6000657,-5.720066,-6.190066,-5.070066,-6.470066,-6.750066,-7.3500657,-6.170066,-6.340066,-8.230066,-8.750066,-9.550066,-9.420066,-7.6000657,-7.480066,-8.110065,-7.880066,-8.350066
0.2999341,2.459934,-0.55006593,-0.37006593,-1.2900659,-1.200066,-6.591797E-5,2.089934,0.5999341,-0.9600659,0.4899341,-0.070065916,-0.79006594,-0.25006592,-0.21006592,-0.37006593,-1.200066,-1.1200659,-3.080066,-2.370066,-2.4800658,-0.8700659,-1.7800659,-0.9000659,-0.8700659,-1.0000659,-3.1700659,-1.4100659,-1.720066,-2.530066,-2.040066,-4.200066,-5.270066,-6.230066,-6.260066,-6.210066,-5.3300657,-5.520066,-5.8300657,-6.470066,-6.720066,-6.270066,-5.8700657,-6.520066,-7.5600657,-6.200066,-6.730066,-7.820066,-8.670066,-8.630066,-7.990066,-7.770066,-7.710066,-7.840066,-8.110065,-9.250066,-8.670066,-9.970066
1.5799341,2.369934,1.9499341,-3.060066,1.6099341,-2.4800658,1.029934,-0.6500659,0.82993406,-0.6500659,-0.7000659,-0.61006594,-0.6400659,0.5399341,-0.8900659,-1.4400659,-1.9200659,-1.1400659,-2.9300659,-2.2500658,-1.8000659,-2.4300659,-0.9500659,-2.4700658,-0.09006592,-1.1800659,-2.080066,-1.0000659,-1.0500659,-2.360066,-1.2700659,-5.0600657,-4.8300657,-5.530066,-5.170066,-5.210066,-6.170066,-6.320066,-6.840066,-6.670066,-5.660066,-5.430066,-6.540066,-6.640066,-6.750066,-8.040066,-8.470066,-8.330066,-8.170066,-7.710066,-7.8700657,-7.800066,-6.820066,-8.330066,-9.670066,-9.170066,-9.630066,-9.470066
0.5599341,0.8599341,3.429934,-0.060065918,1.9399341,-2.1800659,0.9699341,-1.090066,-0.040065918,-0.23006591,-0.5200659,-1.090066,-0.47006592,-0.9500659,-0.7100659,-0.7200659,0.2699341,-2.650066,-3.390066,-1.330066,-1.3800659,-1.960066,-0.8200659,-1.820066,0.9199341,0.09993408,-1.2400659,0.28993407,0.51993406,-1.5500659,-3.850066,-4.890066,-4.860066,-5.430066,-5.400066,-5.860066,-5.950066,-7.460066,-7.070066,-6.840066,-6.8300657,-4.340066,-6.750066,-7.890066,-8.460066,-8.610065,-7.400066,-6.880066,-7.5600657,-8.400066,-7.280066,-8.810066,-7.820066,-8.000066,-8.020066,-8.270066,-8.990066,-9.230066
0.40993407,0.30993408,4.069934,3.0499341,2.239934,-3.630066,0.39993408,-0.44006592,-0.43006593,-0.08006592,-1.0600659,-0.8400659,-1.1700659,-1.700066,-0.7200659,-1.1400659,-0.8100659,-2.260066,-1.7800659,-0.99006593,-2.4200659,-2.560066,-1.3100659,-2.300066,-0.6300659,-0.6200659,-2.340066,-0.61006594,-0.54006594,-2.1700659,-5.610066,-5.110066,-4.610066,-5.420066,-5.610066,-5.210066,-5.200066,-6.340066,-7.1200657,-6.090066,-6.050066,-7.020066,-7.740066,-6.820066,-7.420066,-8.3200655,-7.340066,-7.1200657,-7.280066,-7.840066,-7.680066,-8.370066,-8.100066,-8.440066,-6.940066,-9.270066,-8.400066,-8.300066
-0.16006592,-1.2900659,1.419934,2.849934,1.3299341,0.20993409,0.16993408,-0.7100659,1.6099341,1.289934,-0.46006593,-1.1200659,-0.9500659,-1.1900659,-2.160066,-1.320066,-1.6700659,-1.950066,-1.6800659,-1.8900659,-1.820066,-0.67006594,-1.7800659,-1.4400659,1.1399341,-0.7000659,0.57993406,-1.4100659,-0.8300659,-4.450066,-5.490066,-4.980066,-4.040066,-5.180066,-4.740066,-4.700066,-5.140066,-5.440066,-5.990066,-6.250066,-6.320066,-7.230066,-6.410066,-6.8500657,-6.220066,-8.250066,-7.5800657,-7.910066,-8.010066,-8.3200655,-8.340066,-8.160066,-8.580066,-8.770066,-9.020066,-8.860065,-9.000066,-9.330066
-0.6200659,-1.3700659,-0.6300659,3.209934,0.43993407,1.3099341,0.18993407,-0.2600659,1.5999341,2.379934,-0.24006592,-0.9000659,0.109934084,-1.1200659,-0.98006594,-0.8700659,-1.6300659,-2.350066,-1.830066,-1.320066,-1.3700659,-2.300066,-0.21006592,-2.4200659,0.43993407,-1.2500659,1.2099341,-3.540066,-6.460066,-6.150066,-5.250066,-4.0800657,-3.830066,-3.1800659,-3.850066,-4.010066,-4.6000657,-5.270066,-5.750066,-5.630066,-5.6200657,-5.990066,-6.890066,-6.680066,-7.650066,-8.830066,-7.470066,-7.230066,-6.980066,-7.550066,-7.230066,-7.220066,-8.700066,-8.470066,-8.620066,-9.220066,-8.940066,-8.5700655
-1.320066,-0.34006593,1.6399341,1.9499341,1.2399341,2.0599341,1.409934,1.419934,1.4699341,1.0899341,-0.74006593,-0.8200659,0.27993408,-0.54006594,-0.74006593,-1.9400659,-4.050066,-3.6900659,-0.5700659,-0.24006592,-0.67006594,-1.0000659,-0.5100659,0.069934085,-1.0200659,-3.7000659,-5.040066,-6.910066,-5.980066,-5.660066,-5.030066,-3.620066,-4.0600657,-2.9900658,-2.6800659,-2.9400659,-4.0800657,-4.180066,-5.160066,-5.5800657,-5.490066,-5.030066,-7.230066,-6.8500657,-6.470066,-6.920066,-6.400066,-7.3300657,-6.900066,-7.480066,-8.140066,-8.290066,-7.8100657,-8.480066,-8.260066,-9.0700655,-8.530066,-9.190066
-3.2100658,1.399934,1.6299341,1.1399341,0.39993408,-1.070066,0.08993408,0.95993406,1.769934,-1.4000659,-1.1100659,-0.7700659,0.28993407,-0.6300659,-2.540066,-2.640066,-2.7400658,-1.0300659,-1.9200659,-0.8300659,-0.3600659,-0.41006592,0.30993408,-4.710066,-4.730066,-4.980066,-5.730066,-5.760066,-4.550066,-4.390066,-4.930066,-5.170066,-3.7500658,-3.030066,-0.9400659,-0.80006593,-3.060066,-3.580066,-4.150066,-5.380066,-5.300066,-4.730066,-5.530066,-7.0600657,-6.010066,-5.5800657,-5.920066,-6.3100657,-7.020066,-8.790066,-8.750066,-7.970066,-8.930066,-9.500066,-9.120066,-9.050066,-8.710066,-8.030066
-0.34006593,1.1399341,3.2799342,2.119934,0.009934082,-1.340066,-0.25006592,0.7499341,0.34993407,-0.31006593,-0.92006594,-1.0000659,-2.0000658,-2.070066,-2.110066,-1.580066,-1.7600659,-0.9600659,-0.8300659,0.49993408,-0.40006593,1.2099341,-0.32006592,-4.730066,-4.460066,-4.540066,-4.780066,-4.1000657,-4.210066,-4.430066,-4.440066,-3.660066,-2.860066,-2.2500658,-6.591797E-5,-0.09006592,-0.9000659,-2.6900659,-3.790066,-4.540066,-4.090066,-5.440066,-5.340066,-6.500066,-6.210066,-3.600066,-6.540066,-5.930066,-6.1200657,-8.170066,-7.640066,-6.5600657,-7.6000657,-8.050066,-7.490066,-7.730066,-8.110065,-7.130066
-0.5700659,-2.150066,4.089934,0.3599341,1.3199341,-1.070066,0.5899341,1.789934,0.8099341,-0.3300659,-1.1500659,-2.660066,-3.6800659,-2.7400658,-2.630066,-1.1700659,-0.2900659,-0.9000659,-0.5300659,-0.68006593,-0.040065918,0.09993408,-0.15006591,-2.9800658,-3.610066,-3.4800658,-3.550066,-3.4200659,-3.860066,-3.1900659,-2.610066,-2.280066,-1.4100659,-0.85006595,0.9699341,2.389934,-1.6200659,-3.080066,-2.590066,-3.300066,-3.4700658,-4.570066,-5.200066,-5.520066,-5.880066,-5.1200657,-4.760066,-5.930066,-6.0800657,-6.700066,-7.170066,-7.430066,-6.8700657,-7.570066,-7.530066,-7.650066,-7.610066,-7.000066
-1.3100659,0.7499341,-0.19006592,-1.8600659,-1.710066,-2.080066,0.22993408,-3.310066,-3.830066,-3.280066,-2.2000659,-4.390066,-5.500066,-4.110066,-2.2500658,-0.17006592,-1.1700659,-0.74006593,-0.5300659,-0.68006593,-1.4100659,0.4499341,-0.44006592,-1.1200659,-2.100066,-2.660066,-3.050066,-2.120066,-1.710066,-1.3700659,-1.6200659,-1.070066,-0.21006592,-0.8400659,0.64993405,2.369934,0.56993407,-0.7500659,-1.2600659,-1.730066,-2.330066,-3.350066,-4.680066,-4.3500657,-4.520066,-4.8500657,-4.3500657,-4.6200657,-5.540066,-4.980066,-5.720066,-5.490066,-5.660066,-5.800066,-5.5800657,-6.480066,-5.8700657,-4.940066
-4.6200657,2.5399342,-0.8100659,0.7199341,0.7299341,-3.300066,-2.760066,-2.330066,-3.4500659,-3.900066,-3.9800658,-4.860066,-6.160066,-4.1200657,-3.300066,-2.2000659,-1.3800659,-1.2800659,0.5299341,-0.5700659,1.779934,-2.010066,-1.3100659,-6.591797E-5,-1.0500659,-1.1200659,-1.700066,-1.090066,-1.220066,-0.18006591,-0.6600659,-0.12006592,1.039934,-0.55006593,-0.2900659,0.9399341,2.359934,1.049934,0.3599341,-0.46006593,-0.7700659,-1.6300659,-2.370066,-2.7200658,-2.9800658,-2.830066,-3.4300659,-3.7200658,-3.790066,-5.470066,-5.640066,-6.710066,-6.250066,-6.640066,-7.440066,-7.570066,-7.910066,-7.700066
-5.230066,0.4599341,-0.08006592,1.4599341,-3.6700659,-4.140066,-1.700066,-2.120066,-3.4600658,-3.820066,-2.630066,-2.2300658,-3.870066,-3.310066,-2.660066,-0.7100659,0.09993408,1.679934,0.5599341,0.4799341,-1.1400659,-2.6700659,-0.4500659,-0.5900659,0.33993408,-0.7500659,0.14993408,-0.7600659,0.34993407,1.2299341,0.22993408,1.529934,1.2499341,0.029934082,-0.2700659,1.019934,1.4699341,1.919934,0.8699341,0.25993407,0.34993407,0.5999341,-0.7700659,-0.99006593,-1.1500659,-1.2400659,-1.320066,-1.4100659,-3.020066,-7.700066,-6.390066,-6.660066,-6.010066,-6.000066,-5.220066,-5.050066,-6.530066,-6.280066
1.7099341,0.43993407,0.69993407,0.6099341,0.9299341,-1.820066,0.059934083,-2.640066,-3.2500658,-3.4700658,-2.2000659,-3.160066,-2.2200658,-3.300066,-0.9500659,0.7799341,1.299934,-0.40006593,0.64993405,-1.1900659,-0.5900659,-0.98006594,-0.49006593,-0.18006591,0.6099341,1.4499341,1.019934,1.4599341,1.799934,1.9999341,1.7199341,2.5599341,3.2599342,1.8799341,2.469934,1.769934,1.779934,2.7999341,1.7499341,1.179934,1.2399341,1.529934,0.7299341,0.6799341,-0.9400659,-0.32006592,-0.2900659,-0.6400659,-5.410066,-5.040066,-4.840066,-5.460066,-3.870066,-3.2100658,-2.840066,-4.8700657,-4.6200657,-6.770066
7.389934,0.7399341,0.4199341,1.529934,0.04993408,-3.270066,-2.2300658,-3.060066,-2.9600658,-3.4900658,-3.880066,-2.830066,-3.4800658,-4.490066,-2.4800658,-4.0600657,-2.650066,-1.080066,-1.830066,-3.520066,-0.9700659,-0.8300659,-2.2000659,0.88993406,-0.6500659,1.8199341,3.5399342,3.169934,2.459934,3.189934,4.909934,4.119934,3.889934,3.7799342,3.7799342,3.139934,2.5499341,1.5999341,1.7399341,1.4899341,2.0399342,1.0699341,0.5999341,-0.040065918,-1.5500659,-1.3000659,-1.8600659,-0.8200659,-3.150066,-3.520066,-3.5000658,-3.4300659,-2.870066,-3.530066,-3.370066,-2.9800658,-3.150066,-3.9700658
3.5299342,-0.20006591,-0.3000659,-0.6500659,0.9199341,-2.7500658,-2.520066,-3.2000659,-3.300066,-3.410066,-1.6400659,-3.820066,-3.100066,-3.380066,-2.830066,-2.790066,-1.5400659,-1.9100659,-3.380066,-3.520066,-4.490066,-3.140066,-1.080066,0.109934084,2.0799341,0.31993407,2.0699341,4.549934,5.099934,5.499934,5.609934,5.1499343,4.569934,4.749934,4.469934,3.949934,3.7699342,2.459934,2.4999342,3.129934,2.3099341,1.6399341,0.39993408,-0.49006593,-0.7000659,-0.2700659,-0.030065918,0.13993408,-2.1900659,-1.9300659,-1.7700659,-1.5200659,-1.6300659,-1.7800659,-2.800066,-3.010066,-2.790066,-2.4500659
-0.3000659,-0.5700659,-0.060065918,-1.590066,-4.610066,-3.650066,-3.050066,-3.550066,-3.590066,-3.540066,-3.640066,-2.2400658,-3.850066,-3.030066,-3.300066,-3.060066,-2.790066,-4.820066,-5.670066,-6.410066,-6.130066,-5.770066,-5.360066,-4.920066,-4.3300657,-4.110066,-3.2100658,-2.350066,-1.6400659,3.4999342,6.219934,5.6899343,5.389934,5.609934,5.1699343,4.949934,4.409934,4.739934,4.249934,3.0499341,3.359934,3.119934,1.4499341,1.419934,0.27993408,0.7199341,1.6199341,1.3099341,-0.31006593,-0.4200659,0.31993407,0.82993406,0.3899341,0.27993408,-0.15006591,-0.110065915,-1.3900659,-1.220066
6.049934,-1.700066,-0.7000659,-3.2500658,-4.1000657,-3.550066,-3.4400659,-3.350066,-3.650066,-3.630066,-3.560066,-3.800066,-2.9300659,-6.400066,-6.470066,-5.790066,-5.570066,-5.200066,-6.130066,-5.680066,-5.530066,-4.860066,-4.130066,-3.260066,-2.760066,-2.4400659,-1.090066,-0.43006593,0.20993409,0.12993409,-0.47006592,0.46993408,6.619934,6.409934,6.869934,5.719934,5.859934,5.569934,5.729934,3.379934,2.859934,3.609934,2.639934,2.5699341,1.9599341,1.3699341,2.0799341,1.9499341,1.5699341,0.88993406,2.5099342,1.769934,2.379934,1.659934,1.429934,2.629934,1.549934,1.4699341
4.749934,0.6099341,-1.5100659,-1.970066,-3.890066,-4.550066,-3.890066,-3.660066,-3.7200658,-3.7200658,-3.7300658,-3.510066,-3.4300659,-6.090066,-5.570066,-5.5600657,-5.250066,-5.030066,-4.130066,-3.650066,-3.010066,-2.2300658,-1.230066,-0.14006592,1.159934,1.8699341,2.339934,2.849934,3.169934,2.959934,2.719934,2.7799342,2.379934,2.7899342,2.959934,5.139934,5.349934,5.569934,6.529934,4.989934,5.839934,4.989934,4.4399343,4.1899343,3.909934,3.3099341,2.689934,3.389934,3.649934,1.2099341,2.629934,5.179934,3.339934,3.609934,3.089934,4.319934,3.419934,3.409934
3.659934,-2.2000659,-2.840066,-2.590066,-4.840066,-4.540066,-3.650066,-3.7100658,-3.800066,-3.4600658,-3.360066,-3.570066,-3.630066,-1.7800659,-4.230066,-3.340066,-2.510066,-1.5300659,-0.08006592,0.5599341,1.399934,2.5299342,3.369934,4.729934,5.339934,5.729934,6.099934,6.369934,6.789934,6.8999343,6.3799343,5.779934,5.519934,5.249934,4.779934,4.1899343,4.709934,5.639934,6.989934,7.4199343,6.589934,6.539934,5.6699343,6.039934,5.549934,4.989934,4.759934,4.489934,3.979934,3.489934,4.029934,4.769934,3.7899342,4.309934,5.639934,4.559934,4.569934,4.569934
2.609934,1.9699341,-3.2400658,-3.9900658,-3.9700658,-4.670066,-3.060066,-2.910066,-1.5300659,-3.2100658,-3.290066,-3.340066,-2.520066,-3.7500658,-2.410066,-1.3900659,-0.31006593,1.169934,2.5199342,4.479934,4.889934,5.1499343,5.639934,6.349934,6.989934,8.049934,8.629934,8.189934,8.4299345,8.759934,8.909934,8.589934,8.419934,9.039934,8.489934,7.849934,6.679934,6.699934,6.039934,6.679934,8.339934,8.349934,7.789934,6.679934,6.339934,6.809934,7.009934,6.429934,6.929934,5.819934,5.859934,5.4199343,5.299934,6.229934,6.079934,5.619934,4.979934,5.159934
2.5299342,-0.85006595,-3.290066,-4.110066,-4.750066,-5.130066,-4.5800657,-4.520066,-6.550066,-4.8700657,-5.1000657,-3.290066,-1.960066,-0.5600659,0.49993408,1.1099341,1.3799341,2.139934,4.249934,5.6699343,5.789934,5.789934,6.299934,6.329934,6.049934,6.529934,6.9399343,6.6499343,8.419934,9.729934,10.469934,10.269934,10.079934,10.189934,10.709934,9.859934,9.849934,9.649934,9.789934,9.379934,9.339934,10.129934,9.059934,9.409934,8.279934,8.859934,8.079934,8.219934,8.299934,7.1699343,6.999934,7.259934,7.339934,6.369934,7.4199343,6.489934,7.449934,6.429934
