json-data/2022072618.json
{"header": {"discipline":0,"disciplineName":"Meteorological products","gribEdition":2,"gribLength":47900,"center":7,"centerName":"US National Weather Service - NCEP(WMC)","subcenter":0,"refTime":"2022-07-26T18:00:00.000Z","significanceOfRT":1,"significanceOfRTName":"Start of forecast","productStatus":0,"productStatusName":"Operational products","productType":1,"productTypeName":"Forecast products","productDefinitionTemplate":0,"productDefinitionTemplateName":"Analysis/forecast at horizontal level/layer at a point in time","parameterCategory":0,"parameterCategoryName":"Temperature","parameterNumber":0,"parameterNumberName":"Temperature","parameterUnit":"K","genProcessType":2,"genProcessTypeName":"Forecast","forecastTime":0,"surface1Type":1,"surface1TypeName":"Ground or water surface","surface1Value":0.0,"surface2Type":255,"surface2TypeName":"Missing","surface2Value":0.0,"gridDefinitionTemplate":0,"gridDefinitionTemplateName":"Latitude_Longitude","numberPoints":65160,"shape":6,"shapeName":"Earth spherical with radius of 6,371,229.0 m","gridUnits":"degrees","resolution":48,"winds":"true","scanMode":0,"nx":360,"ny":181,"basicAngle":0,"lo1":0.0,"la1":90.0,"lo2":359.0,"la2":-90.0,"dx":1.0,"dy":1.0}, "data":
[rows 52 to 77 of 181, columns 60 to 119 of 360]
302.73636,302.93634,302.23636,303.83636,303.73636,304.93634,304.33636,302.83636,303.03635,300.43634,296.33636,279.53635,288.63635,283.33636,288.83636,289.63635,292.93634,299.43634,300.53635,301.93634,303.03635,300.03635,299.43634,299.13635,299.73636,300.83636,298.33636,286.73636,282.63635,283.73636,286.53635,287.73636,285.33636,285.93634,285.93634,284.23636,277.63635,275.73636,275.33636,268.43634,272.43634,274.03635,282.23636,291.73636,291.43634,292.33636,294.53635,294.63635,296.13635,296.83636,297.33636,292.13635,294.33636,289.53635,292.93634,296.53635,297.13635,296.83636,297.63635,297.73636
298.83636,304.23636,302.73636,303.13635,303.13635,304.73636,305.33636,306.63635,308.13635,303.83636,295.43634,285.73636,283.53635,285.63635,284.33636,282.93634,289.03635,290.33636,291.43634,296.13635,303.23636,302.83636,299.43634,300.33636,294.33636,284.23636,278.93634,281.43634,282.03635,281.23636,282.83636,281.63635,281.63635,288.43634,291.03635,291.03635,291.43634,290.23636,286.93634,277.33636,286.73636,277.03635,279.63635,281.53635,288.33636,290.13635,293.53635,292.73636,293.13635,292.73636,295.53635,291.83636,292.43634,291.23636,292.03635,297.03635,296.13635,295.93634,294.43634,294.93634
298.93634,300.63635,301.23636,304.23636,303.83636,301.53635,296.93634,295.43634,293.43634,297.43634,284.63635,284.13635,291.73636,284.23636,287.53635,272.93634,267.23636,280.43634,284.83636,280.23636,283.33636,285.83636,282.73636,278.23636,276.53635,278.33636,279.13635,280.03635,280.33636,279.73636,277.83636,267.13635,278.73636,278.63635,280.63635,282.23636,281.33636,281.53635,286.63635,275.83636,279.23636,282.23636,282.73636,288.03635,290.03635,290.43634,288.33636,293.03635,293.63635,292.93634,293.03635,291.43634,292.13635,291.53635,294.93634,296.23636,295.93634,294.33636,292.63635,293.83636
294.23636,302.03635,299.33636,300.73636,297.63635,287.63635,283.63635,283.23636,287.53635,294.03635,288.23636,292.73636,294.33636,290.93634,281.23636,283.43634,288.73636,277.93634,283.53635,279.83636,282.43634,279.23636,281.23636,279.93634,278.93634,280.13635,279.63635,280.53635,279.83636,278.63635,278.53635,278.43634,277.43634,277.93634,276.43634,275.73636,273.23636,284.63635,275.63635,269.63635,276.33636,274.03635,274.63635,277.03635,281.73636,291.13635,290.23636,292.73636,294.43634,295.13635,296.73636,295.83636,297.23636,297.13635,296.83636,296.23636,295.63635,295.13635,293.93634,294.63635
302.83636,303.63635,301.83636,290.73636,289.53635,288.23636,289.33636,288.53635,290.13635,300.53635,289.43634,296.53635,304.73636,297.13635,288.43634,290.63635,280.13635,285.83636,283.33636,285.73636,282.53635,284.43634,281.83636,281.63635,280.63635,281.33636,281.93634,282.93634,280.33636,277.93634,278.73636,277.23636,277.53635,279.23636,272.53635,270.33636,271.63635,270.13635,270.03635,272.13635,271.03635,271.53635,276.03635,278.83636,281.73636,290.33636,291.83636,290.73636,290.83636,293.43634,292.73636,295.23636,294.33636,297.03635,297.83636,297.23636,296.23636,295.33636,295.63635,295.83636
297.23636,305.83636,307.43634,303.93634,294.53635,299.13635,296.43634,290.23636,299.33636,292.93634,300.03635,306.23636,306.23636,301.03635,299.93634,293.73636,286.43634,280.53635,283.33636,286.93634,282.63635,286.23636,288.73636,287.03635,285.83636,284.03635,282.93634,286.53635,281.83636,279.93634,280.03635,278.23636,274.43634,274.33636,273.93634,273.13635,272.63635,272.73636,274.33636,271.73636,271.13635,273.73636,275.63635,275.03635,278.03635,290.03635,293.53635,295.03635,294.43634,293.33636,295.93634,297.53635,297.23636,297.43634,296.73636,296.43634,295.83636,295.73636,295.23636,295.83636
299.83636,306.93634,308.23636,308.13635,306.23636,305.63635,301.03635,297.73636,294.13635,296.23636,303.43634,307.13635,306.33636,303.13635,301.93634,300.23636,297.73636,287.73636,283.83636,278.53635,284.33636,286.03635,287.43634,284.73636,287.13635,286.53635,283.63635,286.03635,282.73636,287.63635,282.63635,282.73636,272.53635,274.13635,276.73636,276.43634,274.83636,275.53635,274.53635,272.73636,272.73636,274.33636,277.33636,277.33636,288.53635,295.93634,297.63635,295.43634,293.13635,289.83636,291.33636,294.53635,299.13635,297.13635,296.53635,297.43634,296.63635,296.43634,295.13635,294.83636
303.63635,310.83636,308.13635,306.23636,306.13635,305.13635,303.63635,294.83636,295.53635,297.43634,298.23636,305.33636,304.03635,304.23636,302.83636,302.83636,301.23636,294.13635,289.33636,281.23636,285.53635,285.03635,274.93634,281.33636,287.03635,284.53635,285.23636,287.53635,280.93634,282.53635,280.53635,278.43634,274.63635,275.23636,277.73636,278.53635,279.13635,278.93634,273.93634,274.23636,273.43634,274.93634,278.53635,274.63635,296.83636,300.43634,299.53635,300.13635,295.73636,293.83636,293.43634,293.83636,298.53635,298.03635,297.73636,297.43634,293.93634,297.43634,296.53635,296.83636
303.23636,309.33636,306.23636,304.53635,303.43634,305.13635,304.13635,297.13635,300.83636,300.43634,299.63635,304.83636,305.73636,305.53635,303.83636,302.73636,302.33636,301.73636,299.73636,289.93634,289.83636,279.33636,282.03635,279.63635,281.73636,279.43634,281.83636,282.03635,279.73636,278.83636,275.63635,277.53635,276.83636,276.53635,278.13635,283.73636,277.23636,284.23636,277.13635,278.53635,276.53635,278.93634,278.73636,292.63635,297.73636,299.13635,299.93634,299.03635,297.43634,293.93634,292.83636,297.03635,299.63635,299.63635,300.13635,298.93634,298.73636,297.93634,297.03635,295.93634
303.13635,297.03635,302.83636,301.43634,300.33636,304.13635,298.83636,296.23636,305.93634,301.63635,305.13635,306.43634,307.53635,305.93634,305.23636,305.23636,303.43634,302.03635,301.93634,302.73636,299.13635,292.63635,283.33636,282.33636,282.03635,281.03635,281.73636,281.13635,285.43634,283.63635,280.03635,288.73636,281.63635,278.23636,279.73636,288.73636,283.53635,279.23636,282.53635,281.53635,278.93634,278.63635,278.63635,287.13635,296.53635,298.53635,297.53635,297.83636,294.33636,295.73636,296.93634,298.83636,300.13635,300.23636,297.03635,297.23636,300.93634,300.13635,298.43634,296.83636
298.33636,297.53635,297.83636,300.83636,304.43634,303.63635,295.43634,297.93634,303.13635,302.43634,302.23636,302.03635,303.93634,303.73636,303.33636,301.33636,301.53635,303.23636,302.73636,304.53635,300.93634,301.23636,298.73636,292.73636,295.03635,292.13635,282.43634,270.23636,273.33636,279.33636,278.13635,279.73636,278.63635,282.83636,289.63635,293.03635,293.83636,282.23636,283.83636,282.03635,280.43634,284.13635,286.73636,286.83636,292.53635,295.03635,294.73636,293.13635,294.43634,295.63635,297.83636,297.03635,297.83636,300.13635,298.23636,299.33636,300.53635,299.93634,296.93634,296.33636
305.73636,299.33636,296.93634,297.63635,297.83636,298.33636,297.53635,299.03635,301.03635,301.73636,301.33636,299.73636,300.93634,300.93634,299.83636,299.83636,299.23636,301.53635,302.63635,303.83636,302.33636,303.13635,303.73636,303.23636,302.53635,301.93634,298.73636,293.13635,290.73636,291.53635,292.23636,290.93634,290.63635,295.13635,297.93634,296.53635,291.93634,288.83636,290.23636,283.33636,285.63635,284.53635,288.63635,291.73636,287.73636,291.63635,291.93634,293.23636,293.23636,293.93634,297.03635,297.53635,298.03635,299.53635,297.63635,299.83636,297.23636,296.13635,295.53635,292.23636
300.23636,299.73636,300.33636,301.13635,299.33636,300.03635,300.43634,299.73636,301.13635,301.03635,301.43634,299.93634,300.03635,299.73636,297.63635,298.33636,299.43634,299.13635,300.43634,303.43634,304.53635,303.63635,303.43634,303.33636,303.73636,303.73636,302.63635,300.03635,299.33636,299.03635,299.23636,296.83636,295.53635,296.73636,295.53635,289.03635,294.33636,292.63635,291.43634,284.63635,285.53635,286.43634,290.83636,288.13635,287.73636,291.33636,292.33636,291.93634,294.13635,294.83636,293.13635,296.23636,295.53635,298.13635,292.83636,299.53635,297.73636,296.23636,295.23636,295.73636
302.53635,301.93634,301.63635,301.33636,301.33636,301.63635,301.63635,301.53635,301.03635,300.33636,299.43634,299.23636,298.83636,297.73636,296.93634,296.53635,298.13635,296.93634,297.13635,299.93634,301.83636,302.43634,303.73636,303.03635,304.53635,304.63635,303.83636,300.93634,299.73636,300.33636,297.43634,297.93634,297.53635,295.23636,291.03635,296.93634,295.33636,296.73636,287.73636,288.53635,287.73636,287.53635,288.93634,288.23636,287.83636,292.93634,295.33636,294.93634,295.23636,297.23636,297.23636,296.03635,294.53635,295.33636,297.43634,297.63635,297.23636,294.03635,295.43634,301.63635
302.13635,301.13635,301.03635,301.23636,301.63635,302.03635,302.03635,301.73636,301.93634,302.23636,302.93634,304.03635,298.63635,297.83636,298.03635,295.93634,295.53635,296.23636,297.43634,297.83636,297.83636,298.63635,297.13635,296.33636,299.03635,297.03635,298.83636,300.53635,300.13635,299.23636,298.63635,297.33636,295.83636,293.43634,291.33636,296.73636,297.23636,296.23636,291.13635,289.43634,288.53635,289.03635,290.53635,290.33636,288.23636,291.93634,295.13635,296.23636,296.13635,296.33636,295.93634,297.73636,298.53635,298.53635,297.93634,297.03635,297.43634,296.33636,300.73636,302.43634
301.63635,300.33636,300.43634,300.83636,301.43634,301.93634,302.03635,301.73636,301.33636,300.53635,300.03635,299.03635,299.63635,298.53635,297.63635,295.73636,295.43634,296.23636,297.63635,296.73636,297.23636,295.43634,297.43634,296.03635,294.83636,296.93634,299.03635,299.23636,300.23636,299.13635,299.23636,299.13635,296.53635,292.63635,294.13635,298.63635,298.63635,290.93634,292.73636,291.43634,288.93634,290.73636,291.33636,290.43634,291.13635,294.43634,294.33636,295.83636,298.23636,297.03635,298.33636,297.63635,299.13635,305.43634,303.43634,297.23636,298.63635,302.23636,302.13635,302.73636
299.03635,299.73636,300.23636,300.53635,301.13635,301.63635,301.73636,301.63635,301.43634,301.43634,298.43634,298.73636,299.83636,298.93634,297.33636,298.63635,298.13635,296.53635,295.13635,295.03635,296.63635,295.53635,299.93634,299.63635,298.73636,297.13635,298.23636,299.13635,298.93634,298.43634,301.63635,302.43634,297.03635,293.93634,294.73636,303.43634,303.53635,293.23636,292.23636,292.33636,291.03635,293.93634,294.13635,292.53635,292.43634,297.63635,295.03635,295.73636,295.83636,298.53635,298.13635,297.93634,298.13635,300.23636,304.03635,303.93634,303.53635,303.53635,303.73636,303.83636
298.73636,299.73636,300.03635,300.23636,300.63635,301.03635,301.13635,301.23636,301.23636,301.23636,301.23636,299.43634,301.13635,297.53635,295.33636,298.63635,298.13635,299.03635,297.03635,297.33636,296.73636,298.73636,299.13635,299.13635,298.53635,298.53635,299.43634,302.73636,303.03635,302.83636,302.83636,302.83636,302.73636,297.13635,291.33636,302.23636,301.03635,291.83636,292.33636,292.53635,293.33636,292.83636,295.03635,293.73636,294.73636,295.63635,298.43634,299.33636,304.63635,304.43634,299.63635,304.03635,303.93634,303.43634,303.53635,303.63635,303.53635,303.53635,304.03635,303.93634
298.93634,299.53635,299.83636,300.03635,300.23636,300.53635,300.63635,300.73636,300.73636,300.63635,300.83636,300.83636,300.83636,296.73636,295.33636,296.73636,296.33636,296.03635,297.33636,297.43634,296.93634,295.73636,295.53635,298.83636,294.43634,298.73636,300.93634,303.13635,303.03635,302.83636,302.83636,302.93634,302.83636,302.23636,296.83636,300.73636,297.13635,291.93634,292.33636,292.73636,297.03635,293.63635,294.43634,293.43634,291.93634,294.43634,300.53635,304.43634,304.13635,304.23636,301.93634,303.43634,303.33636,302.93634,303.23636,303.33636,303.73636,303.83636,303.93634,303.93634
299.03635,299.23636,299.53635,299.73636,299.93634,300.13635,300.23636,300.43634,300.33636,300.23636,300.43634,300.53635,300.33636,299.33636,296.03635,296.33636,296.63635,296.53635,296.23636,296.83636,297.33636,296.53635,295.73636,294.73636,296.33636,302.83636,302.93634,303.13635,303.13635,302.93634,302.83636,302.83636,302.83636,302.63635,299.13635,297.93634,295.53635,291.83636,293.13635,295.23636,295.53635,295.43634,294.93634,291.03635,292.63635,296.53635,304.43634,303.93634,303.33636,295.83636,295.73636,303.73636,303.93634,303.53635,303.33636,303.33636,303.63635,303.73636,303.83636,304.03635
298.73636,298.93634,299.23636,299.43634,299.73636,299.83636,300.03635,300.23636,300.13635,300.03635,300.23636,300.33636,300.23636,298.03635,295.93634,297.93634,296.43634,295.13635,295.13635,295.63635,296.33636,296.93634,294.43634,298.03635,302.53635,302.83636,302.83636,302.83636,302.93634,302.93634,302.93634,302.83636,302.73636,302.63635,302.43634,297.13635,296.23636,295.23636,294.23636,294.93634,296.63635,294.23636,296.93634,298.63635,298.63635,295.43634,296.93634,303.83636,303.63635,303.33636,303.93634,304.13635,303.93634,303.43634,303.33636,303.13635,303.33636,303.53635,303.73636,304.03635
298.53635,298.73636,299.13635,299.33636,299.53635,299.73636,299.83636,300.03635,300.13635,300.13635,300.13635,300.13635,300.13635,300.23636,294.13635,296.43634,297.53635,296.53635,294.63635,297.73636,298.03635,298.13635,298.83636,302.03635,302.53635,302.73636,302.63635,302.53635,302.53635,302.73636,302.83636,302.83636,302.73636,302.53635,302.43634,299.43634,299.73636,301.63635,297.33636,296.73636,300.83636,294.53635,297.03635,298.53635,297.53635,298.73636,295.53635,296.23636,303.53635,303.63635,304.13635,304.23636,303.93634,303.63635,303.43634,303.33636,303.23636,303.43634,303.73636,303.83636
298.23636,298.63635,298.93634,299.13635,299.43634,299.63635,299.73636,299.93634,300.13635,300.23636,300.23636,300.23636,300.33636,300.43634,294.23636,295.73636,295.93634,296.63635,296.43634,295.53635,300.23636,300.03635,302.03635,302.33636,302.53635,302.73636,302.73636,302.53635,302.43634,302.63635,302.73636,302.83636,302.83636,302.63635,302.33636,298.83636,301.83636,301.53635,296.73636,292.03635,302.13635,297.53635,297.43634,300.13635,299.63635,298.13635,295.93634,290.93634,294.43634,303.13635,303.83636,303.83636,303.63635,303.33636,303.53635,303.43634,303.53635,303.63635,303.63635,303.63635
297.93634,298.23636,298.53635,298.83636,299.23636,299.43634,299.53635,299.83636,300.03635,300.43634,300.43634,300.43634,300.53635,300.63635,299.43634,294.63635,296.33636,296.83636,297.93634,298.23636,301.83636,302.43634,302.53635,302.53635,302.63635,302.73636,302.83636,302.73636,302.83636,302.93634,302.93634,302.83636,302.73636,302.53635,302.33636,302.13635,301.83636,301.63635,296.03635,293.23636,300.53635,298.13635,298.53635,300.93634,299.23636,298.73636,295.33636,294.53635,289.13635,300.03635,303.53635,303.53635,303.43634,303.33636,303.53635,303.53635,303.53635,303.53635,303.53635,303.53635
297.83636,297.93634,298.33636,298.93634,299.53635,299.53635,299.63635,299.93634,300.13635,300.33636,300.53635,300.53635,300.63635,300.83636,300.53635,294.13635,294.33636,296.33636,295.63635,297.03635,300.73636,302.53635,302.63635,302.53635,302.63635,302.83636,302.93634,303.03635,303.03635,303.13635,303.03635,302.93634,302.83636,302.53635,302.33636,302.13635,301.83636,301.73636,301.73636,296.93634,298.93634,299.43634,296.43634,298.93634,296.73636,296.63635,296.53635,295.63635,292.93634,295.53635,303.13635,303.33636,303.43634,303.33636,303.33636,303.33636,303.23636,303.23636,303.33636,303.23636
297.83636,298.33636,298.83636,299.33636,299.73636,299.83636,299.93634,300.23636,300.33636,300.43634,300.63635,300.73636,300.83636,300.93634,300.53635,297.03635,292.63635,294.33636,294.03635,298.43634,300.33636,302.53635,302.63635,302.53635,302.63635,302.93634,303.03635,303.03635,303.03635,303.03635,302.93634,302.73636,302.53635,301.73636,302.13635,302.03635,301.93634,301.83636,302.03635,294.93634,299.33636,298.73636,296.23636,297.53635,303.03635,297.03635,296.23636,296.03635,294.53635,295.13635,302.83636,303.03635,303.13635,303.03635,303.03635,302.93634,302.93634,303.03635,303.03635,303.03635
