json-data/2022072300.json
{"header": {"discipline":0,"disciplineName":"Meteorological products","gribEdition":2,"gribLength":47498,"center":7,"centerName":"US National Weather Service - NCEP(WMC)","subcenter":0,"refTime":"2022-07-23T00:00:00.000Z","significanceOfRT":1,"significanceOfRTName":"Start of forecast","productStatus":0,"productStatusName":"Operational products","productType":1,"productTypeName":"Forecast products","productDefinitionTemplate":0,"productDefinitionTemplateName":"Analysis/forecast at horizontal level/layer at a point in time","parameterCategory":0,"parameterCategoryName":"Temperature","parameterNumber":0,"parameterNumberName":"Temperature","parameterUnit":"K","genProcessType":2,"genProcessTypeName":"Forecast","forecastTime":0,"surface1Type":1,"surface1TypeName":"Ground or water surface","surface1Value":0.0,"surface2Type":255,"surface2TypeName":"Missing","surface2Value":0.0,"gridDefinitionTemplate":0,"gridDefinitionTemplateName":"Latitude_Longitude","numberPoints":65160,"shape":6,"shapeName":"Earth spherical with radius of 6,371,229.0 m","gridUnits":"degrees","resolution":48,"winds":"true","scanMode":0,"nx":360,"ny":181,"basicAngle":0,"lo1":0.0,"la1":90.0,"lo2":359.0,"la2":-90.0,"dx":1.0,"dy":1.0}, "data":
[rows 104 to 129 of 181, columns 300 to 359 of 360]
294.73422,293.13422,294.03424,293.93423,295.63422,294.33423,295.33423,296.33423,294.83423,296.23422,295.63422,294.13422,291.93423,292.93423,289.03424,290.73422,292.53424,293.83423,295.63422,295.03424,289.43423,293.73422,298.73422,298.83423,298.73422,298.63422,298.63422,298.53424,298.43423,298.23422,298.23422,298.03424,298.03424,298.23422,298.13422,298.03424,297.83423,297.73422,297.53424,297.43423,297.13422,296.83423,296.73422,296.73422,296.73422,296.53424,296.33423,296.43423,296.43423,296.13422,295.83423,295.73422,295.83423,295.83423,295.73422,295.33423,294.83423,294.43423,294.53424,294.43423
294.93423,294.13422,294.63422,295.33423,295.13422,294.13422,293.23422,293.63422,295.03424,296.73422,294.93423,293.83423,290.03424,293.33423,287.83423,289.03424,292.43423,289.13422,288.43423,288.83423,289.23422,293.23422,298.53424,298.53424,298.33423,298.43423,298.43423,298.23422,298.13422,297.93423,297.83423,297.63422,297.43423,297.43423,297.63422,297.53424,297.53424,297.23422,297.13422,296.93423,296.63422,296.53424,296.43423,296.33423,296.23422,296.13422,296.03424,295.93423,295.83423,295.43423,295.23422,295.23422,295.33423,295.23422,295.03424,294.73422,294.33423,293.73422,293.73422,293.83423
294.53424,295.23422,296.13422,295.73422,296.03424,295.73422,294.13422,292.73422,294.33423,295.23422,291.23422,290.63422,287.93423,288.63422,290.63422,291.53424,290.03424,290.53424,287.73422,287.63422,290.43423,292.13422,298.63422,298.43423,298.23422,298.23422,298.23422,297.93423,297.83423,297.63422,297.63422,297.53424,297.33423,297.03424,297.03424,296.93423,296.83423,296.83423,296.63422,296.33423,296.23422,296.03424,296.03424,296.03424,295.73422,295.53424,295.33423,295.43423,295.13422,294.73422,294.53424,294.53424,294.63422,294.43423,294.03424,294.03424,293.83423,293.53424,293.43423,293.43423
294.53424,294.83423,297.23422,296.43423,296.43423,297.43423,293.33423,289.83423,295.23422,291.63422,292.13422,291.03424,289.13422,287.83423,289.53424,290.63422,288.93423,288.53424,292.33423,292.33423,289.03424,297.83423,298.43423,298.23422,298.03424,297.93423,297.73422,297.63422,297.53424,297.53424,297.43423,297.13422,297.13422,296.83423,296.53424,296.43423,296.43423,296.33423,296.13422,295.93423,295.73422,295.73422,295.53424,295.33423,295.23422,295.03424,295.03424,295.03424,294.83423,294.43423,294.13422,294.03424,294.03424,293.93423,293.63422,293.63422,293.53424,293.33423,293.13422,292.93423
293.53424,293.63422,294.53424,295.43423,295.33423,296.53424,294.03424,291.33423,292.03424,291.23422,294.53424,289.23422,289.83423,288.53424,288.13422,289.83423,288.73422,286.03424,290.33423,293.73422,291.43423,297.63422,298.03424,298.13422,297.93423,297.73422,297.53424,297.33423,297.33423,297.43423,297.13422,296.83423,296.83423,296.73422,296.33423,296.23422,296.33423,296.23422,295.83423,295.43423,295.23422,295.33423,295.23422,295.23422,295.03424,294.83423,294.63422,294.63422,294.43423,294.13422,294.03424,293.83423,293.73422,293.53424,293.23422,293.23422,293.33423,293.03424,292.73422,292.63422
296.33423,295.03424,296.53424,296.93423,295.93423,293.83423,293.73422,292.53424,292.53424,293.23422,292.13422,290.93423,287.63422,287.93423,286.73422,290.23422,288.83423,286.93423,292.13422,288.83423,292.03424,297.83423,297.93423,297.93423,297.83423,297.53424,297.33423,297.13422,297.13422,297.23422,297.03424,296.63422,296.63422,296.43423,296.23422,296.13422,296.13422,296.03424,295.73422,295.23422,294.83423,294.83423,294.93423,295.03424,294.83423,294.63422,294.33423,294.03424,293.93423,293.83423,293.83423,293.43423,293.43423,293.33423,293.23422,293.13422,293.03424,292.83423,292.63422,292.43423
296.43423,296.43423,297.13422,294.53424,295.93423,294.23422,291.03424,293.43423,293.83423,293.03424,292.83423,292.33423,292.23422,286.23422,288.23422,287.73422,291.03424,287.73422,288.63422,287.43423,297.03424,297.83423,297.93423,297.83423,297.63422,297.53424,297.33423,297.03424,297.03424,297.03424,296.83423,296.23422,296.13422,296.03424,295.93423,295.83423,295.63422,295.43423,295.43423,295.13422,294.73422,294.73422,294.63422,294.73422,294.63422,294.43423,294.23422,294.03424,293.83423,293.83423,293.73422,293.43423,293.43423,293.33423,293.23422,293.03424,292.93423,292.73422,292.63422,292.43423
295.13422,296.63422,296.83423,295.03424,295.13422,293.13422,291.93423,293.23422,293.63422,289.73422,292.53424,290.03424,290.63422,287.93423,286.63422,286.73422,285.63422,287.73422,289.03424,291.63422,297.13422,297.63422,297.63422,297.63422,297.53424,297.53424,297.33423,296.93423,296.83423,296.63422,296.43423,295.93423,295.73422,295.83423,295.83423,295.63422,295.43423,295.23422,295.23422,295.13422,294.83423,294.73422,294.73422,294.63422,294.33423,294.33423,294.23422,294.03424,293.83423,293.53424,293.53424,293.63422,293.53424,293.23422,293.13422,292.83423,292.73422,292.63422,292.43423,292.23422
296.03424,296.23422,296.43423,295.43423,294.03424,292.43423,292.93423,293.53424,292.43423,289.33423,289.13422,288.03424,289.23422,289.63422,284.53424,284.53424,286.03424,288.93423,287.63422,294.23422,296.93423,297.13422,297.13422,297.23422,297.13422,296.83423,296.83423,296.73422,296.53424,296.33423,296.13422,295.83423,295.73422,295.73422,295.83423,295.73422,295.73422,295.33423,295.13422,295.03424,294.83423,294.83423,294.93423,294.73422,294.33423,294.13422,294.03424,293.83423,293.53424,293.43423,293.43423,293.43423,293.23422,292.93423,292.73422,292.53424,292.43423,292.33423,292.33423,292.13422
294.63422,296.03424,296.63422,295.53424,294.43423,292.73422,293.63422,292.83423,290.83423,290.73422,290.43423,288.63422,286.33423,288.83423,287.13422,283.63422,294.03424,294.53424,295.53424,296.53424,297.23422,296.63422,296.63422,296.73422,296.43423,295.93423,296.03424,296.43423,296.13422,296.03424,295.93423,295.83423,295.73422,295.63422,295.63422,295.63422,295.63422,295.23422,294.83423,294.83423,294.63422,294.53424,294.63422,294.53424,294.13422,294.13422,294.13422,293.93423,293.43423,293.33423,293.33423,293.33423,293.03424,292.73422,292.63422,292.53424,292.43423,292.33423,292.33423,292.03424
294.43423,295.13422,296.43423,296.83423,294.83423,291.83423,291.53424,291.13422,290.33423,287.73422,288.53424,286.53424,288.23422,287.93423,293.93423,294.73422,295.13422,295.63422,295.93423,297.13422,297.03424,296.63422,296.23422,295.93423,295.83423,295.73422,295.93423,296.23422,296.03424,295.83423,295.83423,295.73422,295.43423,295.33423,295.23422,295.23422,295.03424,294.93423,294.73422,294.63422,294.53424,294.23422,294.03424,294.03424,293.83423,293.93423,294.03424,294.03424,293.53424,293.23422,293.43423,293.33423,292.93423,292.83423,292.73422,292.63422,292.43423,292.33423,292.43423,292.33423
295.73422,296.03424,296.73422,297.73422,292.93423,292.33423,291.43423,288.73422,287.03424,288.83423,286.93423,288.03424,290.83423,292.63422,293.33423,294.63422,295.23422,295.33423,295.93423,296.83423,296.73422,296.33423,295.63422,295.33423,295.53424,295.63422,295.43423,295.73422,295.63422,295.33423,295.23422,295.13422,294.93423,295.23422,295.23422,294.83423,294.63422,294.63422,294.73422,294.53424,294.23422,293.93423,293.83423,293.73422,293.63422,293.33423,293.43423,293.53424,293.43423,293.33423,293.23422,292.93423,292.83423,292.83423,292.43423,291.93423,291.93423,291.93423,292.23422,292.33423
297.43423,297.83423,298.33423,296.83423,295.63422,290.13422,290.93423,288.03424,286.83423,287.53424,287.93423,289.63422,291.13422,291.93423,293.73422,294.73422,294.63422,294.83423,295.43423,296.03424,296.03424,295.43423,294.63422,294.33423,294.83423,294.83423,294.33423,294.13422,294.43423,294.43423,294.53424,294.53424,294.63422,295.03424,295.03424,294.33423,294.23422,294.33423,294.33423,294.13422,293.63422,293.53424,293.43423,293.23422,293.13422,292.83423,292.93423,293.13422,293.03424,292.83423,292.63422,292.53424,292.53424,292.43423,292.03424,291.73422,291.63422,291.63422,291.73422,291.73422
294.83423,294.03424,295.33423,293.53424,292.73422,291.03424,290.43423,289.63422,287.73422,286.73422,288.83423,290.73422,290.23422,292.33423,293.93423,294.23422,294.13422,294.33423,294.83423,295.23422,295.03424,294.23422,293.53424,293.63422,294.13422,293.93423,293.53424,293.33423,293.53424,294.03424,294.13422,294.03424,294.23422,294.13422,293.93423,293.53424,293.43423,293.63422,293.53424,293.23422,292.93423,293.03424,293.13422,292.83423,292.83423,292.63422,292.53424,292.43423,292.43423,292.33423,292.53424,292.53424,292.43423,291.93423,291.83423,291.73422,291.73422,291.63422,291.53424,291.53424
291.93423,291.43423,291.73422,291.43423,291.43423,291.33423,290.13422,288.83423,287.53424,286.53424,284.53424,289.73422,290.33423,292.93423,293.33423,293.43423,293.33423,293.53424,294.13422,294.53424,294.03424,293.33423,293.13422,293.33423,293.53424,293.63422,293.43423,293.13422,293.53424,293.83423,293.83423,293.53424,293.23422,293.13422,293.13422,293.03424,292.73422,292.63422,292.63422,292.53424,292.53424,292.73422,292.83423,292.83423,292.73422,292.53424,292.63422,292.53424,292.03424,291.83423,292.03424,292.13422,292.03424,291.83423,291.73422,291.63422,291.63422,291.53424,291.23422,291.13422
291.53424,291.73422,290.73422,290.23422,291.83423,288.73422,288.23422,288.33423,290.03424,289.03424,288.03424,289.43423,291.13422,293.13422,293.43423,293.13422,293.03424,293.03424,293.03424,293.43423,293.73422,293.33423,292.93423,292.93423,293.13422,293.43423,293.33423,293.03424,293.13422,293.33423,293.43423,293.33423,293.23422,293.23422,293.13422,292.43423,292.13422,292.23422,292.33423,292.23422,292.23422,292.43423,292.63422,292.73422,292.63422,292.53424,292.43423,292.63422,292.43423,291.83423,291.63422,291.73422,291.63422,291.63422,291.53424,291.53424,291.33423,291.03424,290.73422,290.83423
290.33423,289.73422,290.43423,290.43423,291.33423,290.83423,291.23422,290.63422,291.73422,293.63422,288.33423,290.03424,292.23422,293.23422,293.03424,292.63422,292.63422,292.53424,292.33423,292.83423,293.23422,293.13422,292.63422,292.23422,292.43423,292.83423,292.93423,292.63422,292.43423,292.43423,292.63422,292.83423,292.33423,292.43423,292.73422,292.03424,291.83423,292.03424,292.03424,291.83423,291.43423,291.93423,292.53424,292.43423,291.93423,291.33423,291.13422,291.53424,291.93423,291.83423,291.13422,290.63422,290.53424,290.83423,290.83423,290.73422,290.83423,290.73422,290.53424,290.53424
290.13422,289.83423,289.13422,288.23422,289.03424,290.43423,290.13422,290.73422,290.23422,288.33423,289.03424,292.03424,292.73422,292.23422,291.83423,292.03424,292.23422,292.03424,291.73422,291.83423,292.13422,292.23422,292.23422,291.63422,291.73422,291.73422,291.83423,291.73422,291.63422,292.03424,292.53424,292.13422,291.23422,291.33423,292.13422,292.03424,291.93423,292.13422,292.43423,291.93423,291.13422,291.53424,292.73422,292.53424,291.43423,290.63422,290.13422,290.23422,290.53424,290.93423,290.53424,290.13422,289.93423,290.03424,290.03424,290.13422,290.43423,290.53424,290.53424,290.33423
289.23422,288.93423,290.53424,290.13422,289.63422,288.23422,288.53424,289.33423,286.93423,287.73422,291.13422,292.73422,292.23422,291.23422,290.93423,290.93423,291.13422,291.13422,290.83423,290.93423,291.03424,291.23422,291.93423,291.63422,291.23422,290.83423,290.63422,290.73422,291.23422,291.73422,291.93423,291.53424,290.83423,291.03424,291.53424,291.63422,291.13422,291.53424,291.13422,290.03424,290.03424,290.93423,291.93423,292.13422,291.03424,290.23422,289.93423,289.83423,289.93423,290.33423,290.43423,290.33423,290.23422,289.83423,289.83423,289.93423,290.03424,290.03424,289.83423,289.83423
288.53424,286.53424,287.83423,288.63422,286.93423,285.13422,285.43423,286.63422,286.23422,288.13422,291.63422,292.13422,291.83423,291.13422,290.83423,290.63422,290.53424,290.43423,290.53424,290.73422,290.63422,290.63422,290.73422,291.23422,290.83423,290.13422,290.13422,290.43423,290.83423,291.13422,291.23422,291.03424,290.33423,290.13422,290.63422,290.73422,290.43423,290.13422,289.53424,288.63422,289.33423,290.23422,290.73422,290.83423,290.43423,289.63422,289.53424,289.73422,289.73422,289.93423,290.23422,290.53424,290.23422,289.53424,289.23422,289.43423,289.53424,289.13422,288.93423,288.83423
283.93423,283.73422,282.93423,283.63422,283.83423,282.53424,282.83423,284.93423,286.33423,290.13422,291.53424,291.53424,291.53424,291.33423,290.93423,290.43423,290.03424,289.93423,290.03424,290.13422,290.13422,290.53424,290.43423,290.83423,290.53424,289.73422,289.83423,289.93423,289.93423,290.23422,290.23422,290.13422,289.53424,289.43423,289.53424,289.73422,289.73422,289.63422,289.13422,288.73422,289.33423,289.63422,289.73422,289.93423,289.63422,289.43423,289.43423,289.53424,289.23422,289.13422,289.23422,289.63422,289.33423,289.03424,288.83423,288.93423,288.63422,288.33423,288.23422,288.63422
282.93423,282.53424,283.03424,283.93423,283.83423,283.93423,284.23422,284.83423,288.33423,290.63422,290.33423,290.23422,290.53424,290.63422,290.43423,289.93423,289.53424,289.53424,289.63422,289.73422,289.73422,289.73422,289.73422,290.13422,290.03424,289.63422,289.53424,289.23422,289.23422,289.53424,289.33423,289.23422,288.83423,288.73422,288.53424,288.43423,288.53424,288.63422,288.13422,287.93423,288.43423,288.63422,288.73422,289.23422,289.13422,289.13422,289.33423,289.33423,289.03424,288.43423,288.23422,288.53424,288.43423,288.53424,288.13422,287.83423,287.33423,287.43423,287.83423,288.43423
282.03424,281.13422,279.93423,283.23422,283.43423,283.93423,283.93423,286.83423,289.83423,289.63422,288.93423,288.93423,289.23422,289.63422,289.83423,289.93423,289.13422,288.73422,289.03424,289.43423,289.23422,289.13422,289.03424,289.13422,288.93423,288.83423,288.73422,288.43423,288.73422,288.83423,288.53424,288.43423,288.43423,288.13422,287.73422,287.93423,287.83423,287.53424,287.33423,287.03424,287.23422,287.83423,288.23422,288.13422,287.83423,287.93423,288.63422,288.53424,288.03424,287.63422,287.43423,287.63422,287.23422,287.03424,287.33423,286.23422,286.23422,286.83423,287.63422,288.23422
278.73422,278.83423,278.73422,279.23422,283.33423,283.13422,284.83423,288.43423,289.23422,288.33423,287.93423,288.13422,288.53424,288.83423,289.43423,289.83423,289.03424,288.43423,288.83423,288.93423,288.43423,288.43423,288.83423,288.73422,288.53424,288.33423,288.23422,288.23422,288.03424,288.03424,288.13422,288.23422,288.03424,287.53424,287.33423,287.53424,287.73422,287.43423,287.13422,286.73422,286.93423,287.33423,287.43423,286.93423,286.53424,286.43423,286.93423,286.63422,286.23422,286.33423,286.43423,286.53424,286.33423,285.93423,285.83423,285.73422,286.23422,286.83423,287.33423,287.33423
277.83423,276.73422,276.43423,282.73422,281.63422,281.63422,285.13422,288.23422,288.63422,288.33423,288.33423,288.43423,288.53424,288.73422,289.23422,289.23422,288.83423,288.53424,288.93423,289.03424,288.33423,287.93423,288.23422,288.83423,288.93423,288.43423,288.13422,287.73422,287.53424,287.83423,288.23422,288.23422,287.93423,287.63422,287.23422,287.13422,287.23422,286.93423,286.63422,286.43423,286.23422,286.23422,286.33423,286.33423,286.13422,285.93423,286.03424,285.73422,285.53424,285.53424,285.53424,285.53424,285.53424,285.53424,285.23422,284.73422,285.13422,286.03424,286.53424,286.03424
282.03424,282.63422,282.13422,281.13422,280.03424,280.63422,284.33423,287.23422,288.43423,288.53424,288.43423,287.93423,287.83423,288.03424,288.23422,287.63422,286.93423,286.23422,286.53424,287.33423,287.33423,286.73422,286.43423,287.23422,287.63422,287.33423,287.63422,287.73422,287.33423,287.53424,287.93423,287.63422,287.03424,287.03424,287.03424,286.73422,286.53424,286.23422,286.13422,286.13422,285.73422,285.53424,285.63422,285.73422,285.83423,285.53424,285.63422,285.43423,285.13422,285.03424,284.83423,284.73422,284.93423,285.13422,284.73422,284.33423,284.23422,284.83423,285.83423,285.23422
