json-data/2022072906.json
{"header": {"discipline":0,"disciplineName":"Meteorological products","gribEdition":2,"gribLength":47812,"center":7,"centerName":"US National Weather Service - NCEP(WMC)","subcenter":0,"refTime":"2022-07-29T06:00:00.000Z","significanceOfRT":1,"significanceOfRTName":"Start of forecast","productStatus":0,"productStatusName":"Operational products","productType":1,"productTypeName":"Forecast products","productDefinitionTemplate":0,"productDefinitionTemplateName":"Analysis/forecast at horizontal level/layer at a point in time","parameterCategory":0,"parameterCategoryName":"Temperature","parameterNumber":0,"parameterNumberName":"Temperature","parameterUnit":"K","genProcessType":2,"genProcessTypeName":"Forecast","forecastTime":0,"surface1Type":1,"surface1TypeName":"Ground or water surface","surface1Value":0.0,"surface2Type":255,"surface2TypeName":"Missing","surface2Value":0.0,"gridDefinitionTemplate":0,"gridDefinitionTemplateName":"Latitude_Longitude","numberPoints":65160,"shape":6,"shapeName":"Earth spherical with radius of 6,371,229.0 m","gridUnits":"degrees","resolution":48,"winds":"true","scanMode":0,"nx":360,"ny":181,"basicAngle":0,"lo1":0.0,"la1":90.0,"lo2":359.0,"la2":-90.0,"dx":1.0,"dy":1.0}, "data":
[rows 0 to 25 of 181, columns 180 to 239 of 360]
272.91864,272.91864,272.91864,272.91864,272.91864,272.91864,272.91864,272.91864,272.91864,272.91864,272.91864,272.91864,272.91864,272.91864,272.91864,272.91864,272.91864,272.91864,272.91864,272.91864,272.91864,272.91864,272.91864,272.91864,272.91864,272.91864,272.91864,272.91864,272.91864,272.91864,272.91864,272.91864,272.91864,272.91864,272.91864,272.91864,272.91864,272.91864,272.91864,272.91864,272.91864,272.91864,272.91864,272.91864,272.91864,272.91864,272.91864,272.91864,272.91864,272.91864,272.91864,272.91864,272.91864,272.91864,272.91864,272.91864,272.91864,272.91864,272.91864,272.91864
273.01865,273.01865,273.01865,273.01865,273.01865,273.01865,273.01865,273.01865,273.01865,273.01865,273.01865,273.01865,273.01865,273.01865,273.01865,273.01865,273.01865,273.01865,273.01865,273.01865,273.01865,273.01865,273.01865,273.01865,273.01865,273.01865,273.01865,273.01865,273.01865,273.01865,273.01865,273.01865,273.01865,273.01865,273.01865,273.01865,273.01865,273.01865,273.01865,273.01865,273.01865,273.01865,273.01865,273.01865,273.01865,273.01865,273.01865,273.01865,273.01865,273.01865,273.11865,273.11865,273.11865,273.11865,273.11865,273.11865,273.11865,273.11865,273.11865,273.11865
273.01865,273.01865,273.01865,273.01865,273.01865,273.01865,273.01865,273.01865,273.01865,273.01865,273.01865,273.01865,273.01865,273.01865,273.01865,273.01865,273.01865,273.01865,273.11865,273.11865,273.11865,273.01865,273.01865,273.01865,273.01865,273.01865,273.01865,273.11865,273.11865,273.11865,273.11865,273.11865,273.11865,273.11865,273.01865,273.01865,273.01865,273.11865,273.11865,273.01865,273.01865,273.01865,273.01865,273.11865,273.01865,273.01865,273.01865,273.01865,273.01865,273.01865,273.01865,273.01865,273.01865,273.11865,273.11865,273.11865,273.11865,273.01865,273.01865,273.01865
273.11865,273.11865,273.11865,273.11865,273.11865,273.11865,273.11865,273.11865,273.11865,273.11865,273.11865,273.11865,273.11865,273.11865,273.11865,273.11865,273.11865,273.11865,273.11865,273.11865,273.11865,273.11865,273.11865,273.11865,273.11865,273.11865,273.11865,273.11865,273.11865,273.11865,273.11865,273.11865,273.11865,273.11865,273.11865,273.11865,273.11865,273.11865,273.11865,273.11865,273.11865,273.11865,273.11865,273.11865,273.11865,273.11865,273.11865,273.11865,273.11865,273.11865,273.11865,273.11865,273.11865,273.11865,273.11865,273.11865,273.11865,273.11865,273.11865,273.11865
273.11865,273.11865,273.11865,273.11865,273.11865,273.11865,273.11865,273.11865,273.11865,273.11865,273.11865,273.11865,273.11865,273.11865,273.11865,273.11865,273.11865,273.11865,273.11865,273.11865,273.11865,273.11865,273.11865,273.11865,273.11865,273.11865,273.11865,273.11865,273.11865,273.11865,273.11865,273.11865,273.11865,273.11865,273.11865,273.11865,273.11865,273.11865,273.11865,273.11865,273.11865,273.11865,273.11865,273.11865,273.11865,273.11865,273.11865,273.11865,273.11865,273.11865,273.11865,273.11865,273.11865,273.11865,273.11865,273.11865,273.11865,273.11865,273.11865,273.11865
273.11865,273.11865,273.11865,273.11865,273.11865,273.11865,273.11865,273.11865,273.11865,273.11865,273.11865,273.11865,273.11865,273.11865,273.11865,273.11865,273.11865,273.11865,273.11865,273.11865,273.11865,273.11865,273.11865,273.11865,273.11865,273.11865,273.11865,273.11865,273.11865,273.11865,273.11865,273.11865,273.11865,273.11865,273.11865,273.11865,273.11865,273.11865,273.11865,273.11865,273.11865,273.01865,272.81866,272.81866,272.81866,272.81866,272.71866,272.71866,272.71866,272.71866,272.71866,272.61865,272.51865,272.61865,272.61865,272.61865,272.51865,272.51865,272.51865,272.51865
273.11865,273.11865,273.11865,273.11865,273.11865,273.11865,273.11865,273.11865,273.11865,273.11865,273.11865,273.11865,273.11865,273.11865,273.11865,273.11865,273.11865,273.11865,273.11865,273.11865,273.11865,273.11865,273.11865,273.11865,273.11865,273.11865,273.11865,273.11865,273.11865,273.11865,273.01865,273.01865,272.91864,272.91864,272.81866,272.71866,272.71866,272.61865,272.61865,272.61865,272.61865,272.51865,272.51865,272.41864,272.41864,272.31866,272.31866,272.31866,272.61865,272.41864,272.51865,272.61865,272.31866,272.21866,272.61865,272.21866,272.51865,272.11865,272.31866,273.11865
273.11865,273.11865,273.11865,273.11865,273.11865,273.11865,273.11865,273.11865,273.11865,273.11865,273.11865,273.11865,273.11865,273.11865,273.11865,273.11865,273.01865,273.11865,273.11865,273.11865,273.11865,273.11865,273.01865,273.01865,272.91864,272.91864,272.91864,272.81866,272.81866,272.71866,272.71866,272.61865,272.61865,272.51865,272.51865,272.41864,272.41864,272.31866,272.31866,272.31866,272.71866,273.01865,273.11865,273.11865,273.11865,273.11865,273.11865,273.21866,273.11865,273.11865,273.11865,273.11865,273.11865,273.11865,273.11865,273.21866,273.21866,273.11865,273.21866,273.21866
273.11865,273.11865,273.11865,273.11865,273.11865,273.11865,273.11865,273.11865,273.11865,273.01865,273.01865,273.11865,273.01865,273.01865,273.01865,272.91864,272.91864,272.91864,272.91864,272.81866,272.81866,272.81866,272.71866,272.71866,272.61865,272.71866,272.61865,272.61865,272.61865,272.91864,273.11865,273.11865,273.11865,273.11865,273.11865,273.11865,273.11865,273.11865,273.11865,273.21866,273.21866,273.21866,273.11865,273.11865,273.21866,273.21866,273.21866,273.11865,273.11865,273.11865,273.11865,273.11865,273.11865,273.11865,273.11865,273.11865,273.11865,273.11865,273.11865,273.11865
273.01865,273.11865,273.11865,273.11865,273.01865,273.11865,272.91864,272.91864,273.01865,272.91864,273.01865,272.91864,273.01865,273.01865,272.91864,272.91864,273.01865,273.01865,273.01865,272.91864,272.71866,272.71866,272.61865,273.11865,273.01865,273.01865,273.01865,273.11865,273.11865,273.11865,273.11865,273.11865,273.11865,273.11865,273.11865,273.11865,273.11865,273.11865,273.21866,273.11865,273.11865,273.21866,273.21866,273.21866,273.11865,273.21866,273.11865,273.21866,273.21866,273.21866,273.11865,273.21866,273.21866,273.11865,273.21866,273.11865,273.11865,273.11865,273.11865,273.11865
273.01865,273.01865,273.01865,273.11865,273.01865,273.01865,273.01865,273.01865,273.01865,273.01865,273.01865,272.91864,272.91864,273.01865,272.91864,272.91864,272.61865,272.71866,272.41864,272.51865,272.31866,272.71866,273.11865,273.11865,273.11865,273.11865,273.11865,273.11865,272.61865,272.51865,272.01865,272.61865,273.11865,273.11865,273.11865,273.11865,273.11865,273.11865,273.11865,273.11865,273.11865,273.11865,273.21866,273.11865,273.11865,273.11865,273.11865,273.11865,273.11865,273.11865,273.11865,273.11865,273.11865,273.11865,273.11865,273.11865,273.11865,273.11865,273.01865,272.61865
273.01865,273.11865,273.11865,273.01865,273.11865,273.11865,273.11865,273.11865,273.11865,273.01865,273.11865,273.11865,272.91864,272.91864,272.81866,273.01865,272.71866,272.81866,272.81866,273.01865,272.81866,273.01865,273.01865,273.01865,272.91864,272.51865,272.31866,273.11865,273.11865,273.11865,273.01865,273.01865,273.01865,273.01865,273.11865,273.11865,273.11865,273.01865,273.01865,272.31866,271.81866,271.81866,271.81866,271.71866,271.81866,271.91864,272.01865,271.91864,271.81866,272.21866,272.91864,273.01865,273.01865,273.01865,273.01865,273.01865,273.01865,273.01865,273.01865,273.01865
273.11865,273.11865,273.11865,273.11865,273.11865,273.11865,273.01865,273.11865,273.11865,273.01865,273.01865,273.01865,273.01865,273.01865,273.01865,273.01865,273.01865,272.91864,272.81866,272.71866,272.81866,273.01865,273.01865,273.01865,273.01865,272.91864,272.91864,272.91864,272.91864,272.91864,272.91864,272.81866,272.91864,272.91864,272.91864,272.91864,272.91864,272.91864,272.91864,272.91864,272.91864,272.91864,272.91864,272.91864,272.81866,272.51865,272.01865,271.81866,271.71866,271.61865,271.81866,271.91864,272.11865,272.01865,272.31866,272.21866,272.41864,272.41864,272.61865,272.81866
273.11865,273.01865,273.01865,273.01865,273.01865,273.01865,273.01865,273.01865,273.01865,273.01865,273.01865,273.11865,272.91864,273.01865,272.91864,272.91864,272.91864,273.01865,273.01865,273.01865,273.01865,272.91864,272.81866,272.71866,272.71866,272.71866,272.71866,272.71866,272.71866,272.81866,272.91864,272.91864,272.91864,272.81866,272.81866,272.81866,272.81866,272.91864,272.91864,272.81866,272.81866,272.81866,272.91864,273.01865,273.01865,272.91864,272.91864,272.91864,272.91864,272.81866,272.91864,272.81866,272.71866,272.61865,272.71866,272.71866,272.41864,272.31866,272.21866,272.61865
273.01865,273.01865,273.01865,273.01865,273.01865,272.81866,272.91864,272.61865,272.61865,272.61865,272.61865,272.61865,272.71866,272.41864,272.51865,272.71866,272.81866,272.81866,272.81866,272.81866,272.71866,272.51865,272.51865,272.51865,272.61865,272.61865,272.81866,272.71866,272.71866,272.81866,272.81866,272.81866,272.81866,272.81866,272.81866,272.81866,272.71866,272.81866,272.91864,272.91864,272.91864,272.71866,272.91864,272.91864,273.01865,273.01865,273.01865,273.01865,273.01865,273.01865,272.91864,272.91864,272.71866,272.61865,272.61865,272.51865,272.11865,272.61865,274.41864,277.41864
273.01865,273.01865,273.01865,272.91864,272.81866,272.71866,272.61865,272.31866,272.11865,272.01865,271.91864,272.01865,271.81866,272.31866,272.21866,272.31866,272.41864,272.31866,272.21866,272.01865,272.01865,272.31866,272.41864,272.41864,272.51865,272.81866,272.81866,272.81866,272.71866,272.61865,272.51865,272.61865,272.51865,272.71866,272.71866,272.61865,272.61865,272.61865,272.71866,272.71866,272.81866,272.61865,272.61865,272.71866,272.61865,272.41864,272.01865,271.31866,271.41864,271.41864,271.41864,271.21866,272.01865,272.11865,272.01865,272.31866,272.51865,272.51865,272.61865,272.51865
272.61865,272.71866,272.71866,272.61865,272.71866,272.61865,272.51865,271.91864,271.51865,271.71866,271.61865,271.61865,271.71866,272.01865,272.21866,272.31866,272.11865,271.81866,272.21866,272.31866,272.01865,272.21866,272.61865,272.71866,272.71866,272.71866,272.61865,272.41864,272.61865,272.61865,272.61865,272.61865,272.71866,272.51865,272.61865,272.71866,272.91864,272.81866,272.71866,272.71866,272.51865,271.61865,271.51865,271.71866,271.81866,272.11865,272.41864,272.51865,272.51865,272.61865,272.81866,272.71866,272.51865,272.21866,274.21866,271.91864,276.71866,276.51865,277.71866,279.31866
272.31866,272.21866,272.11865,271.91864,271.81866,271.41864,271.41864,271.51865,273.61865,273.01865,272.91864,272.81866,272.71866,272.41864,273.21866,271.41864,271.41864,271.41864,271.51865,271.61865,271.61865,271.91864,272.21866,272.41864,272.41864,272.41864,272.51865,272.31866,272.41864,272.21866,272.21866,272.51865,272.41864,272.71866,272.71866,272.71866,272.41864,272.51865,272.31866,272.51865,272.61865,272.31866,272.31866,272.21866,272.31866,272.41864,272.31866,272.31866,272.21866,272.41864,272.51865,272.01865,271.51865,271.61865,271.91864,274.11865,276.71866,277.31866,278.41864,278.71866
272.21866,271.51865,272.91864,273.51865,271.41864,271.41864,271.41864,271.41864,276.41864,276.31866,276.11865,276.01865,276.01865,275.41864,275.11865,275.21866,275.31866,274.71866,274.21866,273.71866,271.51865,271.41864,271.41864,273.81866,271.61865,271.71866,271.81866,271.81866,272.01865,271.71866,272.01865,272.11865,272.31866,272.31866,272.31866,272.11865,272.21866,272.31866,272.31866,272.11865,272.11865,272.11865,272.11865,271.91864,272.11865,272.11865,271.91864,271.81866,272.31866,272.31866,272.41864,271.71866,272.11865,277.11865,277.01865,277.81866,276.51865,276.91864,279.91864,281.01865
277.51865,282.51865,277.41864,274.71866,275.71866,275.51865,277.01865,277.11865,277.01865,277.11865,277.21866,277.11865,277.21866,277.71866,277.71866,277.31866,276.71866,276.41864,276.01865,275.71866,275.41864,275.11865,274.91864,275.31866,275.71866,275.51865,274.41864,274.31866,272.71866,272.11865,271.71866,273.11865,273.11865,273.21866,273.91864,274.11865,273.51865,272.31866,272.41864,276.51865,276.51865,272.21866,274.71866,273.61865,271.31866,273.91864,276.91864,277.21866,277.31866,277.51865,277.21866,277.61865,276.81866,273.11865,277.51865,277.51865,277.01865,276.41864,271.41864,271.41864
271.81866,271.51865,271.41864,275.71866,276.01865,277.11865,278.21866,277.81866,278.31866,278.31866,278.31866,278.61865,278.81866,279.31866,279.51865,279.31866,279.41864,279.01865,277.21866,276.91864,276.11865,276.11865,275.91864,275.71866,275.61865,275.61865,275.51865,275.51865,275.71866,275.81866,275.11865,275.21866,274.91864,275.21866,275.51865,276.01865,276.41864,276.01865,276.01865,276.61865,277.01865,277.81866,277.91864,277.91864,277.91864,278.11865,278.51865,278.31866,278.31866,277.81866,279.21866,277.51865,278.41864,278.81866,277.81866,278.11865,277.51865,277.61865,277.41864,277.11865
277.61865,272.41864,271.51865,273.41864,276.01865,277.81866,278.61865,278.21866,278.41864,278.81866,278.91864,279.31866,279.61865,280.11865,280.21866,280.01865,279.81866,278.21866,276.91864,277.01865,276.41864,276.31866,276.41864,276.71866,276.31866,276.21866,276.11865,275.71866,276.31866,276.01865,275.21866,274.91864,273.51865,272.71866,274.31866,274.61865,273.51865,276.51865,276.21866,275.41864,275.01865,275.81866,276.71866,280.21866,278.31866,276.71866,276.31866,278.41864,277.31866,277.41864,277.81866,278.01865,277.41864,277.31866,279.01865,279.21866,279.01865,279.61865,279.61865,280.61865
286.51865,285.11865,285.41864,280.21866,272.61865,274.91864,277.11865,277.81866,278.31866,279.11865,280.51865,279.11865,279.51865,280.21866,280.51865,280.81866,281.51865,281.31866,282.21866,280.21866,279.91864,281.31866,280.71866,278.61865,276.51865,277.31866,276.51865,276.91864,275.51865,274.01865,275.81866,274.71866,275.81866,276.61865,278.51865,279.21866,279.71866,280.41864,281.11865,280.21866,281.21866,279.31866,278.21866,275.71866,273.81866,277.51865,278.11865,279.31866,280.41864,280.01865,279.91864,280.71866,280.51865,280.71866,279.81866,281.21866,280.81866,282.31866,279.91864,282.21866
286.31866,286.71866,287.01865,284.01865,284.61865,281.91864,280.81866,272.81866,272.41864,277.61865,278.81866,279.41864,279.81866,279.91864,280.51865,280.91864,281.21866,282.01865,281.81866,283.71866,283.11865,283.31866,283.31866,282.41864,280.91864,281.81866,282.11865,282.81866,282.51865,281.91864,278.61865,277.61865,281.51865,285.11865,285.71866,285.31866,285.61865,285.01865,283.81866,281.81866,280.81866,281.71866,283.81866,282.21866,279.61865,279.81866,282.01865,282.61865,284.01865,283.71866,284.61865,283.91864,282.21866,281.01865,278.31866,279.21866,279.91864,279.31866,283.21866,284.81866
287.21866,280.01865,283.01865,283.91864,284.51865,284.51865,284.61865,285.91864,282.01865,282.01865,281.41864,279.11865,280.41864,280.81866,283.11865,284.41864,281.51865,281.81866,283.41864,282.11865,282.01865,282.51865,283.01865,283.41864,283.41864,282.91864,281.51865,282.11865,281.31866,280.01865,282.61865,284.41864,282.91864,282.91864,284.11865,284.51865,284.91864,283.81866,283.31866,280.71866,278.61865,279.31866,280.81866,281.11865,280.71866,279.31866,283.31866,281.11865,282.31866,284.51865,283.61865,284.71866,284.71866,284.61865,284.21866,285.91864,285.21866,280.51865,277.01865,277.01865
282.81866,280.91864,281.11865,280.41864,280.51865,283.51865,284.61865,285.91864,278.91864,279.31866,279.11865,279.81866,281.01865,282.11865,284.61865,284.51865,284.51865,285.11865,283.31866,284.61865,283.11865,283.11865,284.71866,284.31866,282.61865,282.31866,284.11865,284.11865,285.01865,283.61865,283.91864,284.11865,283.61865,283.51865,281.71866,280.51865,280.31866,277.21866,280.21866,280.91864,276.81866,278.11865,276.91864,278.61865,279.91864,280.21866,279.11865,278.91864,279.31866,279.01865,280.01865,281.21866,280.21866,285.31866,285.31866,285.21866,282.31866,281.21866,280.51865,278.81866
