json-data/2022072000.json
{"header": {"discipline":0,"disciplineName":"Meteorological products","gribEdition":2,"gribLength":47664,"center":7,"centerName":"US National Weather Service - NCEP(WMC)","subcenter":0,"refTime":"2022-07-20T00:00:00.000Z","significanceOfRT":1,"significanceOfRTName":"Start of forecast","productStatus":0,"productStatusName":"Operational products","productType":1,"productTypeName":"Forecast products","productDefinitionTemplate":0,"productDefinitionTemplateName":"Analysis/forecast at horizontal level/layer at a point in time","parameterCategory":0,"parameterCategoryName":"Temperature","parameterNumber":0,"parameterNumberName":"Temperature","parameterUnit":"K","genProcessType":2,"genProcessTypeName":"Forecast","forecastTime":0,"surface1Type":1,"surface1TypeName":"Ground or water surface","surface1Value":0.0,"surface2Type":255,"surface2TypeName":"Missing","surface2Value":0.0,"gridDefinitionTemplate":0,"gridDefinitionTemplateName":"Latitude_Longitude","numberPoints":65160,"shape":6,"shapeName":"Earth spherical with radius of 6,371,229.0 m","gridUnits":"degrees","resolution":48,"winds":"true","scanMode":0,"nx":360,"ny":181,"basicAngle":0,"lo1":0.0,"la1":90.0,"lo2":359.0,"la2":-90.0,"dx":1.0,"dy":1.0}, "data":
[rows 104 to 129 of 181, columns 120 to 179 of 360]
299.94608,299.94608,299.94608,300.04608,299.94608,299.04608,298.64606,301.64606,297.74606,297.14606,300.84607,301.04608,301.24606,304.14606,301.34607,300.94608,297.04608,295.74606,297.64606,299.14606,299.54608,298.34607,302.54608,299.94608,297.24606,298.04608,298.64606,299.14606,299.14606,299.24606,299.84607,300.14606,300.64606,301.14606,301.34607,301.44608,301.54608,301.54608,301.54608,301.84607,301.94608,301.94608,301.74606,301.74606,301.64606,301.54608,301.44608,301.44608,301.44608,301.44608,301.54608,301.54608,301.34607,301.14606,301.04608,301.14606,301.34607,301.44608,301.54608,301.34607
299.64606,299.74606,299.64606,299.74606,299.54608,297.94608,301.24606,302.94608,304.14606,303.94608,302.34607,300.04608,299.84607,300.44608,303.74606,304.74606,294.14606,295.14606,296.84607,298.24606,298.74606,297.14606,303.84607,302.54608,302.44608,297.44608,298.34607,299.44608,299.24606,298.64606,298.94608,299.54608,300.04608,300.54608,300.54608,300.64606,300.94608,301.14606,301.34607,301.34607,301.34607,301.34607,301.34607,301.34607,301.34607,301.54608,301.84607,301.74606,301.24606,301.24606,301.24606,301.34607,301.14606,301.04608,300.74606,300.64606,300.74606,301.04608,301.04608,300.94608
299.74606,299.44608,298.84607,298.64606,297.84607,299.24606,301.44608,303.54608,304.64606,304.04608,302.44608,301.54608,301.64606,299.84607,299.74606,302.34607,302.84607,303.54608,294.64606,296.14606,296.24606,295.14606,305.54608,303.64606,305.84607,298.24606,297.54608,298.54608,298.34607,298.04608,298.34607,298.74606,299.24606,299.24606,299.34607,299.94608,300.44608,300.44608,300.34607,300.24606,300.24606,300.34607,300.84607,300.94608,300.94608,300.74606,300.74606,301.34607,301.24606,301.04608,300.84607,301.04608,301.14606,301.04608,300.84607,300.64606,300.54608,300.64606,300.64606,300.74606
299.24606,298.84607,297.34607,297.14606,298.74606,300.74606,301.54608,302.04608,302.44608,302.64606,300.24606,300.44608,300.74606,299.84607,300.14606,300.94608,301.54608,301.04608,300.74606,302.14606,293.44608,295.44608,303.74606,304.84607,301.14606,296.64606,296.44608,297.64606,297.24606,297.44608,298.04608,298.24606,298.14606,298.04608,298.64606,299.74606,300.04608,299.74606,299.54608,299.64606,299.64606,299.84607,300.14606,300.24606,300.44608,300.44608,300.54608,300.84607,300.94608,300.74606,300.44608,300.44608,300.54608,300.64606,300.54608,300.44608,300.44608,300.34607,300.04608,300.14606
298.74606,297.74606,296.54608,297.44608,296.54608,297.74606,300.24606,300.14606,300.84607,299.64606,298.64606,298.84607,299.04608,298.44608,298.54608,298.94608,299.24606,300.94608,301.84607,302.04608,302.24606,303.24606,302.24606,301.54608,298.24606,295.54608,292.44608,296.44608,296.64606,296.94608,297.54608,297.44608,297.34607,297.34607,297.94608,298.94608,299.14606,299.04608,299.24606,299.24606,299.24606,299.44608,299.64606,299.64606,299.74606,299.94608,300.14606,300.34607,300.44608,300.34607,300.14606,299.94608,299.94608,300.04608,299.94608,299.84607,299.84607,300.54608,299.94608,299.74606
297.54608,296.04608,295.34607,295.04608,295.24606,296.44608,296.54608,298.84607,299.84607,299.84607,298.94608,299.04608,298.94608,299.34607,297.94608,298.14606,298.64606,298.44608,299.04608,301.44608,300.64606,301.74606,303.24606,300.24606,295.34607,297.74606,293.94608,293.94608,295.64606,296.34607,296.84607,297.14606,296.84607,296.74606,296.94608,297.34607,297.74606,298.14606,298.54608,298.34607,298.54608,298.74606,299.04608,298.84607,299.04608,299.34607,299.44608,299.54608,299.74606,299.64606,299.44608,299.44608,299.44608,299.34607,299.34607,299.24606,299.14606,299.84607,299.84607,299.14606
293.74606,293.74606,293.84607,294.24606,293.74606,294.64606,295.04608,295.34607,297.14606,299.44608,298.44608,298.64606,298.94608,296.44608,297.24606,297.24606,297.54608,296.84607,297.84607,299.94608,299.84607,300.24606,301.14606,301.14606,296.34607,294.74606,298.44608,295.94608,297.44608,294.54608,295.34607,296.44608,296.54608,296.34607,296.34607,296.24606,296.44608,297.04608,297.34607,297.44608,297.74606,298.04608,298.04608,298.04608,298.04608,298.54608,298.64606,298.84607,298.84607,298.64606,298.64606,298.94608,298.74606,298.44608,298.74606,298.74606,298.64606,298.84607,298.74606,298.54608
293.14606,292.74606,292.54608,293.34607,293.24606,292.64606,293.44608,294.44608,295.64606,297.84607,298.14606,296.74606,295.34607,294.84607,294.14606,292.64606,296.14606,295.54608,295.84607,298.54608,298.14606,298.94608,300.14606,299.44608,298.54608,296.74606,298.34607,299.64606,296.94608,292.14606,294.04608,295.04608,295.84607,296.24606,296.14606,295.44608,295.34607,296.04608,296.34607,296.44608,296.94608,296.84607,296.94608,297.64606,297.54608,301.44608,298.54608,298.74606,298.24606,298.04608,298.14606,298.24606,297.64606,297.64606,298.14606,298.24606,298.24606,298.34607,298.14606,298.24606
291.04608,291.54608,291.34607,292.44608,292.24606,292.44608,293.24606,293.54608,294.34607,295.54608,296.54608,295.14606,294.64606,293.14606,292.54608,295.04608,295.64606,295.94608,295.84607,295.74606,296.74606,298.34607,298.74606,299.34607,298.64606,296.44608,296.54608,296.94608,295.84607,292.64606,292.04608,294.14606,294.84607,295.64606,295.84607,295.14606,294.94608,295.44608,295.84607,295.54608,295.64606,295.74606,296.14606,296.94608,297.04608,297.54608,300.94608,298.04608,297.44608,297.14606,297.44608,297.54608,297.24606,296.94608,297.24606,297.54608,297.64606,297.64606,297.44608,297.54608
289.74606,289.64606,289.74606,290.84607,291.04608,293.04608,292.94608,293.04608,293.14606,293.94608,294.54608,291.84607,293.94608,294.74606,294.14606,293.94608,293.54608,295.04608,294.74606,295.74606,295.74606,297.64606,298.74606,298.44608,297.54608,297.74606,295.64606,294.74606,290.04608,295.24606,293.74606,292.34607,294.14606,294.84607,295.44608,294.94608,294.74606,295.04608,295.14606,294.54608,294.54608,295.14606,295.54608,296.14606,296.34607,297.24606,297.64606,296.84607,296.44608,296.34607,296.54608,296.64606,296.74606,296.64606,296.74606,296.94608,297.04608,297.24606,297.04608,296.64606
288.14606,288.34607,288.84607,289.94608,289.94608,291.74606,291.34607,291.24606,292.34607,290.84607,293.34607,292.24606,293.04608,293.74606,292.64606,293.14606,292.34607,292.84607,293.34607,292.44608,293.84607,294.64606,296.94608,297.34607,297.04608,296.94608,295.04608,293.54608,294.74606,293.24606,297.84607,293.64606,292.54608,294.64606,295.24606,294.74606,294.54608,294.54608,294.14606,293.84607,294.14606,294.84607,295.54608,295.34607,295.34607,296.24606,296.54608,296.14606,295.64606,295.54608,295.54608,295.64606,295.94608,296.14606,296.04608,296.24606,296.44608,296.74606,296.94608,296.74606
286.84607,287.14606,288.04608,288.74606,289.14606,289.74606,290.14606,289.84607,291.74606,290.54608,289.64606,290.04608,290.54608,290.24606,290.24606,290.64606,291.24606,291.84607,291.84607,292.24606,291.74606,293.44608,294.84607,295.94608,296.74606,295.74606,295.74606,293.44608,288.34607,291.54608,297.54608,288.74606,290.54608,292.84607,295.34607,294.64606,294.24606,294.24606,293.94608,293.64606,293.94608,294.54608,295.04608,294.94608,294.74606,295.04608,295.04608,294.64606,294.34607,294.34607,294.64606,294.94608,295.24606,295.14606,295.24606,295.44608,295.64606,295.64606,296.34607,296.34607
286.24606,286.74606,287.14606,287.94608,288.24606,288.64606,289.14606,289.24606,289.84607,289.34607,288.84607,288.64606,288.54608,289.14606,289.34607,290.14606,289.74606,289.84607,290.04608,290.64606,291.24606,291.74606,293.74606,293.44608,294.64606,287.14606,288.94608,293.94608,292.84607,292.64606,287.74606,286.44608,289.84607,290.34607,294.74606,294.24606,293.84607,293.74606,293.64606,293.44608,293.84607,294.34607,294.64606,294.24606,294.14606,294.24606,294.14606,293.54608,293.44608,294.04608,294.34607,294.64606,294.74606,294.84607,294.94608,295.14606,294.84607,294.74606,295.34607,295.44608
285.24606,285.94608,285.74606,286.94608,287.44608,287.44608,289.04608,289.04608,289.34607,291.44608,289.34607,289.24606,288.14606,288.24606,288.24606,289.14606,289.04608,288.44608,288.24606,290.74606,289.94608,291.04608,291.84607,292.64606,292.44608,285.74606,286.14606,285.54608,293.64606,293.44608,286.94608,290.64606,284.44608,287.74606,294.64606,294.24606,293.94608,293.44608,293.24606,293.44608,293.94608,294.04608,294.14606,293.34607,293.34607,293.64606,293.44608,293.34607,293.44608,293.74606,293.74606,293.54608,294.04608,294.04608,294.44608,294.24606,294.34607,294.34607,294.54608,294.34607
285.54608,285.44608,285.84607,286.04608,286.54608,286.84607,287.74606,288.64606,288.84607,289.54608,287.94608,287.74606,287.24606,287.74606,288.14606,288.94608,288.94608,288.64606,286.94608,288.64606,288.04608,289.14606,289.74606,289.84607,291.14606,283.64606,283.04608,284.04608,286.54608,292.14606,291.94608,289.04608,289.04608,289.14606,294.44608,294.14606,293.64606,292.74606,292.74606,293.34607,293.24606,293.04608,293.14606,292.84607,292.84607,293.04608,292.94608,293.04608,292.94608,293.04608,292.94608,292.64606,292.84607,293.34607,293.34607,293.24606,293.34607,293.64606,294.14606,294.14606
285.44608,285.24606,285.54608,285.64606,285.64606,286.64606,287.34607,287.84607,287.84607,288.94608,288.14606,287.44608,287.84607,288.14606,288.14606,287.54608,286.94608,288.14606,286.44608,287.94608,285.84607,288.14606,287.94608,287.84607,289.84607,290.84607,284.24606,285.44608,291.14606,292.14606,289.44608,289.74606,282.94608,285.64606,293.64606,293.54608,293.04608,292.54608,292.84607,293.04608,292.44608,292.14606,292.54608,292.64606,292.74606,292.84607,292.74606,292.64606,292.54608,292.64606,292.44608,292.04608,292.34607,292.74606,292.94608,292.94608,292.64606,293.24606,293.64606,293.84607
285.14606,285.14606,284.84607,285.34607,285.44608,287.14606,286.64606,286.34607,286.74606,287.34607,287.54608,286.94608,286.54608,287.04608,287.14606,287.04608,285.84607,285.94608,286.84607,287.14606,285.84607,286.84607,287.44608,288.74606,289.84607,289.34607,289.74606,289.34607,289.74606,288.54608,288.74606,286.84607,282.04608,288.24606,293.14606,292.74606,292.44608,292.14606,292.14606,291.94608,291.64606,291.54608,291.94608,291.94608,292.14606,292.54608,292.54608,292.34607,292.44608,292.44608,292.24606,292.24606,292.34607,292.24606,292.44608,292.24606,291.84607,292.14606,292.84607,293.24606
284.04608,283.84607,284.34607,284.44608,285.64606,285.24606,285.54608,285.44608,285.94608,286.64606,287.04608,286.84607,287.14606,285.84607,285.74606,285.54608,285.44608,286.14606,286.94608,283.24606,284.94608,284.04608,287.94608,288.34607,287.34607,288.64606,288.44608,283.54608,286.04608,289.44608,289.74606,286.74606,281.94608,285.24606,292.44608,292.04608,291.94608,291.84607,291.74606,291.24606,291.04608,291.14606,291.44608,291.64606,291.84607,292.04608,291.94608,291.74606,291.74606,291.94608,291.84607,291.84607,291.94608,292.04608,291.74606,291.14606,290.84607,291.14606,291.94608,292.14606
282.94608,283.44608,283.84607,283.14606,284.84607,285.04608,285.74606,287.34607,288.84607,288.64606,288.94608,288.84607,288.34607,285.84607,285.14606,284.74606,285.14606,285.74606,285.34607,284.14606,281.84607,286.44608,287.14606,287.34607,288.14606,288.54608,285.64606,283.04608,286.14606,285.54608,283.74606,285.74606,285.54608,292.34607,292.14606,292.04608,292.24606,291.94608,291.64606,291.64606,291.34607,290.94608,291.14606,291.34607,291.74606,291.64606,291.24606,290.54608,290.44608,291.14606,291.04608,290.94608,291.34607,291.74606,291.54608,290.94608,290.64606,290.74606,290.84607,291.14606
283.34607,284.04608,284.04608,283.74606,284.84607,289.04608,289.44608,289.74606,289.84607,289.74606,289.54608,289.54608,289.64606,288.94608,287.54608,284.74606,283.64606,285.04608,285.34607,278.44608,281.84607,282.54608,286.74606,284.54608,287.34607,286.64606,285.44608,286.64606,286.54608,284.34607,280.54608,282.64606,292.04608,292.24606,291.84607,291.74606,291.84607,291.74606,291.64606,291.84607,291.94608,291.84607,291.14606,290.84607,291.34607,291.44608,290.94608,290.34607,290.04608,290.54608,290.34607,290.24606,290.94608,291.24606,291.14606,290.84607,290.54608,290.14606,290.24606,290.64606
289.14606,290.74606,290.54608,289.34607,290.44608,290.24606,288.54608,288.14606,288.44608,288.54608,288.84607,288.94608,288.94608,288.94608,288.44608,287.14606,283.34607,286.04608,282.44608,280.14606,284.44608,283.84607,283.74606,283.44608,286.14606,283.44608,285.74606,284.64606,285.24606,283.84607,276.84607,283.84607,292.34607,291.74606,291.74606,291.74606,291.34607,290.44608,289.94608,289.94608,290.74606,291.24606,290.54608,290.14606,290.24606,290.64606,290.34607,290.04608,289.84607,290.04608,290.04608,289.84607,289.34607,289.74606,290.74606,290.94608,290.54608,290.04608,290.04608,290.54608
290.34607,290.14606,289.94608,288.94608,288.94608,288.74606,287.84607,287.74606,288.04608,287.94608,288.24606,288.94608,288.74606,288.24606,288.54608,288.14606,286.44608,283.64606,286.04608,281.74606,281.74606,281.14606,281.14606,282.04608,281.84607,285.14606,284.14606,283.54608,282.84607,280.74606,283.04608,291.64606,292.24606,291.54608,291.24606,291.34607,291.04608,289.84607,289.24606,289.04608,289.44608,289.94608,289.84607,289.44608,289.24606,289.34607,289.44608,289.54608,289.74606,289.54608,289.34607,289.34607,289.04608,288.74606,289.84607,290.34607,290.44608,290.14606,290.04608,290.24606
289.44608,289.54608,289.24606,288.14606,287.64606,287.44608,287.14606,287.54608,287.54608,287.34607,287.54608,288.44608,288.84607,287.94608,287.44608,287.94608,288.64606,286.94608,287.24606,286.44608,282.44608,281.74606,280.24606,282.14606,282.94608,283.24606,283.04608,281.24606,277.94608,279.84607,283.74606,291.34607,291.74606,291.24606,290.84607,291.14606,290.94608,290.04608,289.44608,289.14606,289.24606,289.54608,289.64606,289.44608,288.74606,288.54608,288.84607,289.64606,289.74606,289.24606,289.14606,289.14606,289.24606,289.04608,290.64606,288.94608,289.94608,290.24606,290.24606,290.14606
288.34607,288.44608,288.94608,288.34607,287.54608,287.34607,287.04608,287.34607,287.04608,286.74606,287.14606,287.24606,286.94608,286.74606,287.04608,287.34607,287.64606,288.34607,288.34607,287.14606,281.34607,281.24606,282.04608,282.34607,283.14606,281.74606,280.04608,279.74606,277.64606,279.14606,288.44608,290.74606,291.04608,290.64606,290.34607,290.34607,289.94608,289.54608,289.34607,289.34607,289.64606,289.94608,289.74606,289.24606,288.34607,287.84607,288.04608,288.54608,288.64606,288.44608,288.54608,288.64606,288.74606,288.84607,288.64606,288.94608,288.94608,289.74606,290.04608,290.04608
286.94608,287.24606,287.74606,287.14606,286.24606,286.14606,286.14606,286.14606,286.14606,286.04608,286.04608,286.04608,285.84607,286.14606,286.54608,286.04608,286.24606,287.34607,287.64606,287.54608,287.34607,280.54608,280.84607,280.84607,282.14606,283.94608,282.14606,283.54608,285.44608,286.64606,287.74606,289.84607,290.64606,290.34607,289.44608,289.14606,288.84607,288.74606,289.04608,289.24606,289.04608,288.84607,288.74606,288.54608,288.24606,287.94608,287.84607,287.74606,287.54608,287.74606,287.94608,288.34607,288.54608,288.54608,288.54608,285.84607,285.14606,287.34607,283.24606,288.34607
285.84607,286.24606,286.44608,286.14606,285.34607,285.04608,285.04608,285.04608,285.04608,284.94608,284.94608,285.34607,285.54608,285.74606,285.94608,285.44608,285.24606,286.14606,286.74606,286.94608,287.04608,287.04608,287.14606,286.74606,286.44608,286.14606,285.64606,285.64606,285.74606,287.04608,287.74606,288.84607,289.44608,289.24606,288.44608,288.04608,288.24606,288.44608,288.64606,288.84607,288.44608,287.84607,287.84607,288.14606,288.14606,287.64606,287.44608,287.54608,287.64606,287.64606,287.64606,287.84607,287.94608,287.84607,288.04608,284.74606,283.54608,283.84607,286.74606,287.64606
