json-data/2022072600.json
{"header": {"discipline":0,"disciplineName":"Meteorological products","gribEdition":2,"gribLength":47393,"center":7,"centerName":"US National Weather Service - NCEP(WMC)","subcenter":0,"refTime":"2022-07-26T00:00:00.000Z","significanceOfRT":1,"significanceOfRTName":"Start of forecast","productStatus":0,"productStatusName":"Operational products","productType":1,"productTypeName":"Forecast products","productDefinitionTemplate":0,"productDefinitionTemplateName":"Analysis/forecast at horizontal level/layer at a point in time","parameterCategory":0,"parameterCategoryName":"Temperature","parameterNumber":0,"parameterNumberName":"Temperature","parameterUnit":"K","genProcessType":2,"genProcessTypeName":"Forecast","forecastTime":0,"surface1Type":1,"surface1TypeName":"Ground or water surface","surface1Value":0.0,"surface2Type":255,"surface2TypeName":"Missing","surface2Value":0.0,"gridDefinitionTemplate":0,"gridDefinitionTemplateName":"Latitude_Longitude","numberPoints":65160,"shape":6,"shapeName":"Earth spherical with radius of 6,371,229.0 m","gridUnits":"degrees","resolution":48,"winds":"true","scanMode":0,"nx":360,"ny":181,"basicAngle":0,"lo1":0.0,"la1":90.0,"lo2":359.0,"la2":-90.0,"dx":1.0,"dy":1.0}, "data":
[rows 102 to 135 of 181, columns 0 to 76 of 360]
295.3,295.2,294.7,294.2,293.9,293.6,293.5,293.3,293.4,293.6,294.0,294.3,294.5,294.4,292.7,285.7,285.1,281.7,284.0,281.3,283.5,284.1,285.7,287.3,285.6,283.7,284.0,284.6,285.6,286.4,285.3,288.2,290.2,289.0,287.6,290.8,288.3,290.0,293.8,291.3,290.8,298.3,298.3,298.3,298.6,298.6,298.6,298.5,298.5,297.5,297.1,297.1,297.0,297.1,297.2,297.1,297.2,297.2,297.2,297.2,297.4,297.7,297.8,297.9,298.1,298.0,297.9,298.2,298.1,298.0,297.9,297.9,297.9,298.2,298.3,298.3,298.3
294.5,294.4,294.2,293.7,293.5,293.4,293.3,292.9,292.8,293.1,293.3,293.4,293.6,291.1,289.7,286.2,285.0,282.9,282.3,281.9,281.7,284.2,285.1,284.1,283.2,284.9,287.1,284.8,285.1,285.4,287.1,283.6,291.4,286.9,288.4,286.1,289.4,293.0,289.1,289.8,290.4,298.2,298.4,298.3,298.5,298.6,298.5,298.7,298.7,290.3,297.1,297.1,297.0,297.2,297.2,297.0,297.0,297.1,297.1,297.1,297.3,297.5,297.6,297.7,297.8,297.8,297.7,297.8,297.9,297.7,297.6,297.7,297.7,297.8,297.9,298.1,298.2
293.9,293.7,293.3,292.9,292.7,292.9,292.6,292.4,292.2,292.4,292.7,292.6,292.5,288.2,289.7,285.6,284.5,281.3,281.6,281.2,281.3,282.4,284.2,284.5,285.1,283.9,285.0,284.6,285.4,286.6,286.0,288.6,287.9,286.3,285.0,296.3,289.9,289.9,292.5,290.0,289.3,298.2,298.5,298.5,298.6,298.7,298.6,298.7,296.1,280.8,292.0,297.1,297.1,297.2,297.2,297.1,297.1,297.1,297.1,297.0,297.0,297.2,297.4,297.5,297.5,297.6,297.6,297.5,297.4,297.2,297.1,297.2,297.4,297.5,297.5,297.7,297.8
293.4,293.2,292.9,292.5,292.3,292.2,292.0,291.7,291.4,291.4,291.6,291.6,291.8,288.9,285.5,283.9,286.7,283.6,282.8,282.2,282.7,282.8,283.1,285.0,285.9,283.5,284.8,285.6,284.9,285.3,284.1,287.1,286.2,287.9,284.3,287.5,287.2,289.5,285.3,286.5,289.0,298.4,298.6,298.5,298.5,298.6,298.4,298.0,291.5,286.1,287.9,296.9,296.8,296.9,297.0,297.0,297.0,297.0,296.9,296.9,296.7,296.9,297.0,297.1,297.3,297.3,297.3,297.3,297.2,297.0,297.0,297.0,297.2,297.3,297.3,297.3,297.2
293.1,292.8,292.5,292.3,292.1,292.3,292.1,291.4,290.9,290.7,290.6,290.6,286.7,289.8,292.7,284.5,286.7,285.4,284.1,284.4,283.6,283.6,285.4,283.9,284.2,283.5,285.7,286.1,286.8,284.8,285.9,287.5,290.0,290.2,288.3,283.9,284.9,285.4,287.0,289.0,291.3,298.5,298.6,298.6,298.2,297.8,289.5,290.0,288.8,289.7,296.5,296.9,296.9,296.8,296.8,296.8,296.8,297.0,296.9,296.6,296.5,296.8,296.8,296.9,296.9,296.8,296.8,297.1,297.0,296.9,296.9,297.0,297.1,297.2,297.0,296.8,296.5
292.6,292.5,292.2,292.0,291.8,292.1,291.9,291.3,290.7,290.0,289.6,289.2,290.0,288.2,286.8,287.4,284.6,285.9,284.6,285.4,284.8,284.7,286.6,286.2,285.6,284.4,286.5,283.8,295.5,286.8,282.1,281.1,283.1,287.9,288.6,287.1,286.9,287.7,288.2,296.5,298.4,298.4,298.5,298.6,298.1,291.8,289.8,287.0,283.6,285.0,296.7,296.9,296.9,296.8,296.6,296.5,296.5,296.7,296.6,296.4,296.6,296.8,296.6,296.5,296.6,296.4,296.4,296.7,296.7,296.6,296.8,297.1,297.3,297.3,297.0,296.5,296.3
292.3,292.2,292.0,291.7,291.5,291.3,291.1,290.8,290.5,289.7,289.1,288.4,286.0,286.0,285.2,285.2,288.1,285.6,285.8,285.3,284.2,285.6,285.4,284.5,286.0,286.8,284.4,286.1,285.2,286.0,285.1,280.5,280.7,285.4,289.7,290.0,290.6,292.1,298.0,298.5,298.7,298.6,298.4,298.6,296.2,291.5,286.1,283.3,282.4,288.0,296.8,296.7,296.8,296.7,296.6,296.4,296.3,296.4,296.3,296.3,296.5,296.3,296.1,296.1,296.2,296.3,296.3,296.6,296.6,296.4,296.6,296.8,297.1,297.2,296.8,296.5,296.3
292.2,292.0,291.7,291.6,291.4,291.0,290.8,290.6,290.4,289.9,289.4,288.5,287.4,284.1,283.9,288.8,288.5,289.9,290.8,286.7,285.1,285.1,286.2,286.7,285.6,285.0,284.2,283.2,282.6,282.1,281.6,283.8,287.3,290.8,290.4,290.5,296.9,297.8,298.0,298.5,298.9,298.9,298.6,298.8,298.4,289.2,285.7,281.0,283.0,289.6,296.8,296.6,296.4,296.4,296.4,296.3,296.2,296.1,296.1,296.1,296.2,295.9,295.7,295.7,295.6,295.8,296.0,296.3,296.4,296.2,296.2,296.4,296.7,296.7,296.5,296.4,296.4
292.0,291.8,291.5,291.4,291.3,291.0,290.7,290.4,290.2,290.0,289.7,288.8,287.8,286.8,285.9,284.2,285.9,282.8,281.9,288.3,286.4,286.5,287.9,287.8,286.5,285.0,284.7,283.9,281.5,284.0,285.5,285.6,284.8,287.3,290.3,296.1,297.0,297.6,297.6,298.0,298.3,298.6,298.6,298.9,298.5,289.0,287.5,279.2,286.9,297.1,296.9,296.8,296.5,296.3,296.2,296.3,296.2,296.2,296.0,296.0,296.0,295.7,295.6,295.6,295.6,295.7,295.9,296.1,296.2,296.0,295.8,296.0,296.3,296.2,296.2,296.2,296.2
291.9,291.6,291.5,291.3,291.2,291.1,290.7,290.1,290.0,289.9,289.7,289.0,288.3,287.0,282.1,285.5,281.5,280.0,282.3,286.7,286.3,286.3,285.3,287.2,286.2,285.3,285.2,282.9,284.4,286.7,283.3,284.3,286.3,286.8,290.3,290.5,297.2,297.3,297.3,297.9,298.3,298.2,298.3,298.6,290.7,292.1,286.6,281.9,287.8,297.1,296.7,296.6,296.4,296.2,296.3,296.3,296.1,295.9,295.9,295.8,295.7,295.5,295.4,295.4,295.6,295.7,295.5,295.5,295.6,295.5,295.3,295.5,295.9,295.8,295.7,295.6,295.6
291.9,291.6,291.4,291.2,291.1,291.0,290.6,290.2,290.0,289.9,289.8,289.3,288.6,287.5,286.6,285.2,281.8,281.9,284.7,286.6,285.3,287.1,284.9,284.7,283.7,283.9,282.3,282.4,282.7,285.0,284.5,284.5,285.3,287.7,285.8,287.1,297.2,297.0,297.1,297.6,297.9,297.9,298.1,298.3,288.0,291.3,287.5,285.2,289.0,297.1,296.8,296.5,296.2,296.0,296.0,296.2,296.0,295.7,295.5,295.6,295.6,295.5,295.3,295.3,295.4,295.3,295.3,295.2,295.1,295.1,295.0,295.2,295.5,295.5,295.3,295.2,294.9
291.8,291.5,291.4,291.2,291.0,290.6,290.5,290.2,290.1,289.7,289.5,289.1,288.5,287.5,285.9,281.1,283.5,282.3,283.1,286.8,285.7,286.7,284.0,285.0,286.0,283.4,282.1,283.6,282.7,282.3,281.1,285.1,285.5,286.5,284.9,285.1,296.8,296.5,296.4,296.8,297.0,297.1,297.5,298.0,285.9,285.7,284.5,287.6,297.1,297.0,296.6,296.4,296.0,295.5,295.5,295.9,295.7,295.3,295.2,295.2,295.6,295.5,295.2,295.1,295.0,294.9,294.8,294.8,294.7,294.5,294.5,294.7,294.9,294.8,294.9,294.7,294.4
292.0,291.5,291.4,291.4,291.3,290.8,290.4,290.1,290.0,289.5,289.1,288.8,288.4,287.3,285.9,281.0,279.5,284.5,283.4,283.1,287.1,287.9,287.8,286.8,284.9,283.8,283.1,282.5,280.4,280.8,278.2,284.7,285.6,286.9,285.8,285.6,296.6,296.4,296.0,295.9,295.7,295.8,296.1,297.1,289.2,287.5,284.7,284.2,297.0,296.5,296.2,296.2,296.0,295.2,294.9,295.3,295.6,295.3,295.1,295.1,295.4,295.3,295.1,294.9,294.7,294.6,294.7,294.3,294.0,294.2,294.2,294.2,294.3,294.4,294.5,294.4,294.2
291.8,291.5,291.6,291.6,291.4,290.8,290.3,290.0,289.9,289.5,289.2,288.8,288.3,287.7,285.8,281.9,280.2,279.0,283.6,284.1,289.5,289.7,286.4,289.3,285.3,283.4,283.0,283.7,282.5,284.0,279.8,280.4,285.2,286.0,294.5,295.6,296.0,295.9,295.9,295.7,295.6,295.5,295.6,296.3,297.0,288.3,289.2,289.6,296.5,296.0,295.9,296.0,295.5,294.7,294.5,294.7,295.1,295.2,295.2,295.0,294.6,294.4,294.4,294.6,294.7,294.5,294.3,293.5,293.3,293.9,293.8,293.6,294.0,293.8,293.8,293.6,293.5
291.2,291.3,291.4,291.4,291.1,290.5,290.2,289.8,289.6,289.6,289.6,289.4,289.0,288.2,286.5,284.0,283.0,281.4,285.0,286.0,286.9,287.2,286.9,285.9,282.8,282.0,280.7,279.6,281.3,279.8,276.3,277.6,282.6,294.9,295.5,295.6,295.3,295.6,296.0,295.9,295.8,295.8,295.7,295.8,296.3,295.9,295.9,296.4,296.2,295.1,295.4,295.4,295.0,294.4,294.4,294.4,294.6,294.8,294.9,294.6,294.2,293.8,293.9,294.2,294.4,294.1,293.8,293.1,293.2,293.5,293.3,293.2,293.4,293.3,293.1,292.8,292.8
291.4,291.3,291.2,291.2,291.0,290.4,290.0,289.7,289.5,289.7,289.7,289.5,289.4,289.4,288.6,286.4,282.4,280.6,286.1,282.7,285.9,285.9,285.3,284.8,282.1,280.8,278.9,276.4,277.8,276.5,273.6,276.3,282.5,295.5,295.7,295.0,294.7,294.8,295.4,295.7,295.6,295.6,295.6,295.6,295.8,296.3,296.6,295.9,295.1,294.3,294.7,294.8,294.5,294.5,294.4,294.2,294.1,294.2,294.1,294.0,293.7,293.3,293.5,293.7,293.7,293.3,293.1,292.8,292.6,292.8,292.6,292.2,292.3,292.3,292.5,292.6,292.6
291.3,291.1,291.0,290.9,290.8,290.5,290.2,290.0,289.8,289.8,289.8,289.7,289.4,289.2,288.9,287.2,284.8,284.5,285.0,285.3,284.7,285.4,284.4,281.5,280.1,279.6,278.5,275.4,273.0,272.1,273.3,275.9,281.2,295.7,295.4,295.1,294.8,294.9,295.1,295.1,295.3,295.5,295.5,295.4,295.3,295.3,295.0,294.4,294.1,294.3,294.4,294.1,293.9,294.1,294.2,294.0,293.8,293.5,293.2,293.1,293.0,292.8,292.9,293.1,292.8,292.5,292.2,292.1,292.1,292.0,291.5,291.0,291.0,291.5,291.7,292.0,292.2
291.2,291.3,291.2,290.7,290.5,290.3,290.1,290.1,289.9,289.6,289.7,289.8,289.5,289.3,289.2,287.7,286.4,282.3,283.4,283.2,283.0,284.4,281.0,281.2,280.0,278.9,275.5,271.8,272.7,269.6,274.3,279.2,294.3,295.3,295.1,295.1,295.4,295.6,295.3,294.9,294.9,294.9,294.8,295.2,295.3,294.7,294.2,293.8,294.0,294.3,294.1,293.9,293.8,293.8,294.0,294.0,293.6,293.0,292.8,293.0,292.6,292.1,292.2,292.4,292.5,292.1,292.0,292.0,291.9,291.6,291.1,290.8,290.5,290.6,290.8,291.5,291.6
290.8,290.8,290.7,290.3,290.1,290.1,290.1,289.9,289.5,289.4,289.5,289.3,289.3,289.7,289.8,288.8,287.4,286.2,281.6,281.7,282.4,282.4,281.7,279.9,278.8,276.7,274.5,273.4,272.0,273.3,274.7,293.1,295.4,294.9,294.9,294.9,295.0,294.8,294.4,294.2,294.2,294.2,294.1,294.4,294.2,293.8,293.6,293.0,292.9,293.1,293.1,293.4,293.5,293.4,293.2,293.3,293.1,292.6,292.7,292.7,292.4,291.9,291.5,291.7,291.9,291.8,291.8,291.8,291.4,290.9,290.6,290.8,290.3,289.8,289.8,290.4,290.8
290.4,290.3,290.2,290.0,289.9,289.9,289.9,289.6,289.2,289.1,289.3,289.1,289.2,289.7,289.5,289.1,288.9,287.6,281.5,283.5,279.9,279.9,278.3,275.9,275.3,273.8,273.6,272.7,272.0,277.5,279.2,295.1,294.3,294.3,294.9,294.8,294.6,294.1,293.8,293.4,293.2,293.4,293.6,293.5,292.6,292.5,292.6,291.9,291.4,291.3,291.7,292.3,293.0,293.5,293.2,292.7,292.0,291.8,292.3,292.2,292.0,291.1,291.1,291.5,291.4,291.2,291.2,291.1,290.8,290.3,290.1,290.3,290.0,289.3,289.1,289.5,290.1
290.1,290.2,290.1,290.0,289.7,289.5,289.4,289.3,289.1,289.0,289.3,289.3,289.4,289.7,289.4,289.1,289.3,288.5,286.8,282.3,278.7,276.6,276.2,277.4,274.1,271.8,274.9,272.7,276.0,284.6,294.9,293.3,292.3,293.2,294.2,294.1,293.7,293.7,293.3,292.6,292.7,293.6,293.7,293.0,292.3,292.1,291.9,291.3,291.1,290.9,291.0,291.2,291.8,292.9,292.6,291.6,290.8,291.2,291.8,291.6,291.0,290.2,290.2,290.3,290.4,290.6,290.3,289.8,289.6,289.6,289.7,289.6,289.4,288.9,288.6,288.8,289.4
289.0,289.4,289.8,289.8,289.5,289.2,289.2,289.2,289.1,289.0,289.3,289.5,289.3,289.4,289.5,289.3,289.0,289.0,285.8,282.0,277.0,278.3,280.1,277.4,276.9,278.6,276.9,276.9,286.5,294.2,293.5,292.7,291.6,291.9,292.0,291.6,292.0,292.7,292.4,291.9,292.2,292.5,292.5,292.4,292.3,292.0,291.5,291.4,291.3,291.1,290.7,290.6,290.5,291.1,291.0,290.4,290.3,290.6,290.7,290.4,290.3,289.8,289.4,289.2,289.4,289.9,289.6,289.2,289.2,289.4,289.1,288.8,288.6,288.0,288.2,288.7,289.1
288.7,288.7,289.2,289.5,289.5,289.3,289.1,289.0,288.8,288.8,289.0,289.1,289.0,289.1,289.1,288.7,288.3,288.8,288.1,281.3,278.6,278.3,280.3,281.4,280.4,288.1,291.9,293.9,293.9,292.5,292.6,293.0,292.4,291.6,291.4,290.8,291.0,291.4,291.4,291.3,291.9,291.7,291.2,291.3,291.6,291.6,290.8,290.5,290.7,290.5,290.3,290.3,290.2,290.3,290.0,289.5,289.4,289.5,289.5,289.4,289.7,289.8,289.4,289.2,288.7,288.7,288.9,289.1,289.0,288.8,288.6,288.2,287.9,287.8,287.8,288.2,288.1
288.5,288.3,288.3,288.9,289.4,289.3,288.9,288.8,288.8,288.8,288.9,289.0,288.9,289.1,289.2,288.6,288.0,288.5,288.9,288.4,287.9,288.3,289.9,292.2,292.9,293.6,294.3,293.5,292.4,291.7,292.0,292.7,292.3,291.4,291.1,290.6,290.4,290.7,290.9,291.6,291.9,291.2,290.5,290.5,290.7,290.8,290.1,289.7,290.1,290.0,289.9,289.9,290.2,290.2,289.7,289.2,289.0,288.9,289.0,289.0,289.0,289.1,289.1,288.9,288.3,288.3,288.4,288.4,288.3,287.9,287.6,287.5,287.2,287.1,287.1,287.4,287.2
288.0,287.8,287.6,287.8,288.2,287.8,287.7,288.4,288.8,288.9,288.8,289.0,289.1,289.3,289.1,288.3,288.5,288.9,289.4,289.6,289.3,289.5,292.1,293.6,293.5,293.0,292.3,292.1,291.8,291.7,291.9,292.2,291.9,291.1,290.3,290.0,290.0,290.3,290.9,291.6,291.5,290.8,290.5,290.4,290.0,289.8,289.6,289.5,289.7,289.6,289.7,289.8,289.8,289.9,289.7,289.2,288.8,288.7,288.7,288.4,288.1,288.1,288.2,288.2,288.2,288.3,287.9,287.6,287.5,287.2,286.9,286.7,286.7,286.2,286.3,286.5,286.5
287.3,287.5,287.6,287.5,286.9,286.5,287.0,288.4,288.9,289.1,289.2,289.2,289.0,288.7,288.2,288.0,288.7,288.9,289.3,289.9,290.2,290.8,292.4,292.8,293.0,292.7,291.8,291.3,291.2,291.2,291.5,291.9,291.7,291.1,290.2,289.7,289.6,290.1,291.0,291.3,291.2,290.8,290.5,290.0,289.5,289.5,289.4,289.2,289.4,289.7,289.8,289.5,289.6,289.6,289.3,288.9,288.5,288.4,288.4,288.0,287.7,287.5,287.4,287.4,287.6,287.7,287.6,287.2,287.1,286.9,286.6,286.5,286.4,285.9,285.7,285.8,285.7
286.3,287.2,287.3,287.0,286.5,286.5,287.9,289.1,288.5,288.3,289.0,289.2,288.8,287.9,287.8,288.6,289.0,288.6,288.7,289.6,290.3,290.4,290.3,291.0,292.1,291.9,290.3,288.7,288.3,288.5,289.2,290.3,290.1,290.0,290.4,290.1,289.9,290.6,291.0,290.1,290.0,290.2,290.0,288.3,287.8,288.9,289.2,289.0,288.8,288.8,288.9,289.0,289.3,289.5,289.1,288.8,288.4,287.9,287.7,287.5,287.3,287.2,287.1,287.0,287.0,286.9,286.7,286.8,286.9,286.7,286.4,286.1,286.0,285.7,285.5,285.5,285.4
285.4,285.9,285.9,285.6,285.5,285.7,286.5,287.2,287.2,287.2,287.6,288.0,287.6,287.2,287.5,288.1,288.4,288.4,288.8,289.1,289.4,289.7,289.8,290.4,290.9,290.3,288.7,286.8,286.2,286.2,287.1,288.5,288.4,288.4,289.4,290.1,290.6,290.8,289.9,288.2,288.0,289.0,289.8,289.1,289.1,289.4,289.2,288.9,288.1,287.1,287.7,288.7,289.2,289.1,289.0,288.9,288.6,287.9,287.7,287.5,287.2,287.0,286.8,286.9,286.9,286.6,286.5,286.5,286.6,286.4,286.1,285.9,285.8,285.6,285.6,285.6,285.6
284.4,284.5,284.2,284.2,284.4,284.6,284.4,285.1,285.4,285.8,285.8,285.6,285.4,285.6,286.0,286.5,286.9,287.4,288.0,288.0,288.2,288.8,289.0,289.0,289.5,289.0,287.4,285.9,285.5,286.0,286.9,287.6,287.6,286.9,287.4,288.4,289.5,289.6,288.1,286.6,286.3,286.8,288.7,289.4,289.6,289.2,289.0,288.1,287.3,286.8,287.3,288.1,288.7,289.0,289.1,289.0,288.7,288.5,288.2,287.7,287.2,286.9,286.7,286.7,286.8,286.8,286.6,286.4,286.2,286.0,286.0,286.1,286.1,285.7,285.5,285.6,285.5
283.5,283.6,283.6,283.4,283.5,283.3,283.2,283.5,284.0,284.4,284.6,284.5,284.4,284.5,284.6,284.7,284.7,285.2,286.3,286.7,287.5,288.4,289.0,289.4,289.6,288.9,287.2,285.8,285.1,285.9,286.7,286.9,287.0,286.3,285.8,286.2,287.1,287.2,286.1,285.6,285.7,285.8,286.4,286.8,287.0,287.3,287.4,286.9,286.3,285.7,285.7,286.1,286.6,287.4,287.9,288.1,288.4,288.7,288.6,288.0,287.4,286.9,286.7,286.5,286.6,286.7,286.6,286.5,286.3,286.1,285.9,286.0,286.0,285.5,285.2,285.4,285.1
282.7,282.8,282.8,282.4,282.6,282.5,282.6,282.9,283.4,283.6,283.5,283.6,283.6,283.7,284.0,284.1,283.7,284.1,285.3,286.3,287.9,289.7,290.9,290.8,289.7,288.0,286.4,285.3,285.2,285.5,285.0,285.2,285.1,285.0,283.9,283.8,283.9,283.9,283.3,282.9,283.4,283.4,282.8,283.0,283.3,283.6,283.8,283.8,282.5,281.5,281.7,282.7,283.8,284.1,285.1,285.9,286.8,287.6,288.2,288.1,287.6,287.0,286.8,286.5,286.3,286.1,286.2,286.4,286.2,285.9,285.7,285.7,285.5,285.1,284.8,284.6,283.9
282.5,282.6,282.3,282.1,282.1,281.9,282.0,282.2,282.5,282.3,282.2,282.2,282.3,283.0,283.6,283.8,283.6,283.5,284.2,285.5,287.2,289.0,290.8,289.6,287.7,285.7,284.4,284.6,285.0,284.9,283.8,283.1,282.9,282.9,281.9,280.9,280.9,281.1,281.0,280.9,281.1,280.5,280.1,280.0,279.8,280.1,280.0,279.2,278.8,278.9,279.3,279.9,280.6,281.2,281.8,282.9,283.8,285.1,286.6,287.4,287.3,287.1,286.8,286.6,286.0,285.3,284.8,285.1,285.3,285.4,285.4,285.3,285.0,284.6,284.3,283.6,282.6
281.4,281.7,281.9,281.9,281.8,281.6,281.5,281.4,281.0,281.2,281.4,281.2,281.0,281.7,282.3,282.8,282.8,282.3,282.7,283.5,284.5,285.5,286.5,285.7,284.8,283.7,282.7,283.0,283.7,283.7,283.0,282.2,282.0,281.4,280.3,279.5,279.1,278.9,279.1,279.3,279.3,279.1,279.1,278.9,278.5,278.3,278.1,278.0,278.0,278.4,278.7,278.8,278.9,279.0,279.8,280.5,281.5,283.1,284.3,285.4,285.8,285.7,285.8,285.7,284.5,283.5,282.4,282.6,283.3,283.9,284.3,284.5,284.7,284.7,284.3,283.2,281.2
279.6,280.0,280.7,281.1,281.1,280.6,280.2,279.6,279.2,280.1,280.5,280.2,279.7,279.6,280.1,280.9,281.2,281.4,281.7,282.0,282.3,282.7,283.2,283.0,282.4,281.8,280.9,280.7,280.6,280.6,280.5,280.3,280.2,280.0,279.6,279.2,278.9,278.6,278.0,278.3,278.8,279.0,278.9,278.6,278.4,278.1,278.0,278.0,277.7,277.8,277.9,277.8,277.8,277.9,278.1,279.1,280.1,280.9,281.4,282.0,282.5,283.0,282.9,282.1,281.1,279.8,279.4,280.0,280.8,281.5,282.2,282.4,282.6,283.4,283.8,282.5,280.1
