json-data/2022072400.json
{"header": {"discipline":0,"disciplineName":"Meteorological products","gribEdition":2,"gribLength":47477,"center":7,"centerName":"US National Weather Service - NCEP(WMC)","subcenter":0,"refTime":"2022-07-24T00:00:00.000Z","significanceOfRT":1,"significanceOfRTName":"Start of forecast","productStatus":0,"productStatusName":"Operational products","productType":1,"productTypeName":"Forecast products","productDefinitionTemplate":0,"productDefinitionTemplateName":"Analysis/forecast at horizontal level/layer at a point in time","parameterCategory":0,"parameterCategoryName":"Temperature","parameterNumber":0,"parameterNumberName":"Temperature","parameterUnit":"K","genProcessType":2,"genProcessTypeName":"Forecast","forecastTime":0,"surface1Type":1,"surface1TypeName":"Ground or water surface","surface1Value":0.0,"surface2Type":255,"surface2TypeName":"Missing","surface2Value":0.0,"gridDefinitionTemplate":0,"gridDefinitionTemplateName":"Latitude_Longitude","numberPoints":65160,"shape":6,"shapeName":"Earth spherical with radius of 6,371,229.0 m","gridUnits":"degrees","resolution":48,"winds":"true","scanMode":0,"nx":360,"ny":181,"basicAngle":0,"lo1":0.0,"la1":90.0,"lo2":359.0,"la2":-90.0,"dx":1.0,"dy":1.0}, "data":
[rows 58 to 86 of 181, columns 195 to 259 of 360]
297.71698,297.71698,298.017,298.017,298.017,297.71698,297.71698,297.817,297.71698,297.817,297.617,297.517,297.517,297.617,297.917,297.817,297.21698,297.117,297.117,296.817,296.817,296.71698,296.517,296.317,296.117,296.017,295.817,295.517,295.417,295.21698,295.017,294.817,294.417,293.817,293.617,293.117,292.517,292.017,291.617,291.417,291.117,291.21698,291.117,290.317,290.117,290.617,291.21698,293.017,295.21698,311.617,320.617,317.21698,319.317,316.517,317.21698,298.21698,314.917,317.017,316.517,313.317,311.71698,314.317,311.517,312.317,312.417
298.317,298.21698,298.21698,298.417,298.317,298.317,298.317,298.21698,298.017,298.117,298.21698,298.317,298.21698,298.017,297.917,297.817,297.71698,298.017,297.917,297.917,297.517,297.017,296.71698,296.417,296.21698,296.117,295.917,295.71698,295.617,295.21698,294.817,294.71698,294.317,293.917,293.817,293.317,292.71698,292.417,292.21698,292.21698,292.317,292.117,291.71698,291.417,290.917,291.21698,291.517,292.517,293.517,313.317,323.617,302.117,318.617,317.21698,309.317,307.317,300.517,309.517,316.617,313.71698,312.517,310.817,311.817,312.317,310.71698
299.017,298.71698,298.617,298.617,298.617,298.71698,298.71698,298.617,298.517,298.617,298.417,298.317,298.317,298.117,298.017,297.817,297.517,297.617,297.517,297.417,297.317,297.017,296.71698,296.417,296.21698,296.21698,295.917,295.71698,295.617,295.21698,294.917,294.617,294.417,294.21698,293.817,293.21698,292.917,292.71698,292.817,292.71698,292.617,292.417,292.117,291.817,291.71698,291.71698,292.117,292.71698,293.117,293.117,316.617,301.517,301.617,313.617,311.117,307.317,289.017,299.117,301.71698,312.917,313.917,313.617,312.317,312.917,311.317
299.317,299.21698,299.017,299.017,299.21698,299.117,298.917,298.817,298.817,298.617,298.517,298.517,298.317,298.21698,297.917,297.71698,297.71698,297.817,297.517,297.517,297.317,297.117,296.817,296.71698,296.617,296.417,296.117,295.71698,295.517,295.117,294.71698,294.617,294.517,294.417,294.017,293.317,293.21698,293.117,293.317,293.117,293.017,293.117,292.517,292.317,292.71698,292.917,293.017,293.71698,293.517,292.71698,292.617,315.21698,301.017,314.71698,315.21698,295.317,294.917,292.017,293.017,310.417,313.71698,308.117,317.71698,303.817,313.517
299.517,299.417,299.317,299.517,299.617,299.417,299.21698,299.21698,299.017,298.817,298.71698,298.617,298.417,298.317,298.317,298.117,298.017,297.817,297.517,297.517,297.317,297.117,296.71698,296.417,296.317,296.21698,295.917,295.617,295.317,294.917,294.517,294.517,294.517,294.317,293.917,293.517,293.517,293.317,293.317,293.117,293.117,293.517,293.017,292.617,293.417,293.917,293.817,294.317,294.517,293.617,294.117,306.71698,319.617,302.417,308.517,307.817,295.517,294.417,300.817,310.817,311.817,312.21698,310.017,302.71698,311.917
299.817,299.617,299.617,299.71698,299.71698,299.517,299.517,299.417,299.21698,298.817,298.817,298.817,298.617,298.417,298.317,298.317,298.017,297.71698,297.71698,297.417,297.317,296.817,296.517,296.517,296.417,296.117,295.917,295.417,295.017,294.617,294.417,294.317,294.417,294.017,293.917,293.817,293.817,293.817,293.817,293.617,293.21698,293.417,293.417,293.317,293.817,294.117,294.117,294.71698,295.21698,294.917,293.71698,293.21698,315.417,312.117,302.71698,305.317,305.71698,300.117,293.017,307.517,311.917,313.71698,312.017,312.317,311.017
300.017,299.71698,299.617,299.71698,299.617,299.417,299.21698,299.317,299.317,299.017,299.017,298.817,298.617,298.517,298.517,298.317,298.017,297.817,297.617,297.417,297.21698,297.017,296.817,296.617,296.317,296.017,295.817,295.317,294.917,294.517,294.517,294.317,294.21698,293.917,293.817,293.917,294.017,294.017,294.017,294.017,294.017,294.517,294.417,294.117,294.21698,294.317,294.71698,295.117,295.71698,295.71698,295.017,294.417,295.417,314.117,302.317,303.21698,305.71698,297.617,290.017,295.417,298.21698,312.017,308.21698,303.517,311.71698
299.71698,299.517,299.517,299.617,299.517,299.517,299.317,299.417,299.617,299.21698,299.117,298.917,298.517,298.417,298.317,298.117,297.817,297.617,297.417,297.517,297.21698,297.21698,297.017,296.617,296.21698,295.817,295.617,295.21698,294.917,294.71698,294.617,294.617,294.417,294.117,294.117,294.117,294.21698,294.017,294.517,294.71698,294.917,294.917,294.817,294.71698,294.817,294.917,295.317,295.617,295.917,296.117,296.317,295.917,296.117,314.317,317.817,302.617,303.21698,304.817,299.017,289.317,299.117,308.517,310.21698,304.71698,295.817
299.817,299.617,299.617,299.617,299.617,299.517,299.317,299.117,299.017,299.017,299.017,298.817,298.417,298.21698,298.21698,298.017,297.617,297.617,297.617,297.417,297.117,297.017,296.917,296.417,295.917,295.917,295.617,295.317,295.017,294.917,294.71698,294.617,294.417,294.71698,294.517,294.517,294.517,294.517,294.917,295.21698,295.71698,295.817,295.117,295.117,295.617,295.71698,295.817,296.317,296.417,296.617,297.117,297.517,297.71698,298.617,298.817,312.517,302.617,302.71698,304.017,294.21698,288.517,297.21698,305.317,307.017,305.117
299.817,299.617,299.617,299.417,299.317,299.117,299.017,298.71698,298.71698,298.817,298.817,298.417,298.21698,298.117,298.317,298.017,297.71698,297.517,297.417,297.517,297.117,296.917,296.617,296.317,296.117,296.017,295.817,295.71698,295.517,295.117,294.917,294.617,294.617,296.21698,295.417,295.617,295.617,295.517,296.117,296.517,296.117,296.21698,295.817,295.71698,296.317,296.71698,296.517,297.017,297.21698,297.317,297.71698,298.617,299.21698,301.117,301.71698,304.117,302.117,302.417,303.517,303.817,293.117,299.317,299.117,303.21698,300.317
300.017,300.017,299.917,299.71698,299.917,300.817,299.21698,298.817,298.71698,298.817,298.817,298.617,298.517,298.417,298.317,298.017,297.917,297.517,297.417,297.417,297.117,296.917,296.617,296.417,296.21698,296.117,296.017,295.917,295.817,295.317,295.317,295.21698,295.417,296.317,296.517,297.117,297.517,296.417,296.71698,297.21698,296.71698,296.617,296.417,296.417,296.71698,297.017,296.917,297.317,297.71698,297.817,298.117,299.317,299.71698,300.71698,302.71698,302.017,302.417,302.317,303.21698,303.817,302.817,297.317,294.71698,295.21698,297.117
300.21698,300.117,299.917,299.71698,299.71698,299.71698,299.71698,299.517,302.617,298.71698,298.817,298.71698,298.617,298.617,298.417,298.017,297.917,297.917,297.617,297.617,297.417,297.017,296.71698,296.517,296.617,296.417,296.417,296.317,296.017,295.71698,295.71698,295.817,296.117,297.317,298.017,299.317,299.117,297.21698,297.117,297.417,297.617,297.417,297.21698,297.417,297.417,297.517,297.617,297.917,298.117,298.317,298.817,299.517,299.71698,300.317,301.517,302.417,302.71698,302.317,303.017,303.417,299.71698,300.517,302.317,289.21698,296.71698
300.317,300.21698,300.117,300.117,300.017,300.017,299.917,299.917,299.117,301.21698,298.917,298.817,298.817,298.817,298.517,298.21698,298.017,298.117,297.817,297.71698,297.71698,297.517,297.117,297.017,297.017,296.917,297.017,296.917,296.617,296.517,296.417,296.417,296.917,298.21698,298.917,299.117,298.417,297.517,297.417,297.817,297.917,298.117,298.21698,298.317,298.21698,298.617,298.817,298.917,298.817,298.517,298.817,299.21698,299.617,300.117,301.517,301.817,302.21698,301.817,302.517,302.917,297.71698,299.517,293.71698,290.317,287.517
300.117,300.117,300.21698,300.317,300.21698,300.117,299.817,299.71698,299.617,299.617,298.917,298.917,298.917,298.817,298.71698,298.317,298.21698,298.017,297.917,297.917,297.917,297.817,297.517,297.417,297.517,297.417,297.417,297.21698,297.017,296.917,296.817,297.017,297.71698,298.617,298.817,298.21698,298.017,297.917,298.117,298.517,299.017,299.117,298.917,299.117,298.917,298.917,299.21698,299.517,299.417,298.917,298.917,299.317,299.71698,300.71698,301.517,301.817,301.917,301.417,302.017,302.517,302.617,302.817,296.617,302.517,299.317
300.117,300.017,300.017,300.117,300.117,299.917,299.517,299.317,299.317,299.21698,299.017,298.917,299.017,299.017,298.71698,298.517,298.317,298.117,298.017,298.117,298.21698,298.017,298.017,298.017,298.017,298.017,297.917,297.817,297.71698,297.417,297.517,297.617,298.017,298.617,298.71698,298.517,298.117,298.71698,298.817,299.117,299.317,299.317,299.417,299.817,299.917,299.917,299.917,300.21698,300.317,299.817,299.617,299.917,300.417,301.21698,302.21698,301.917,301.117,301.017,301.617,301.917,302.317,302.517,303.017,303.517,295.117
300.117,300.017,299.917,299.917,299.817,299.71698,299.517,299.317,299.117,299.117,299.117,299.017,299.017,299.117,298.917,298.71698,298.417,298.21698,298.317,298.317,298.517,298.317,298.017,298.21698,298.317,298.417,298.317,298.317,298.117,298.617,298.71698,299.017,299.317,299.117,299.117,299.117,299.117,299.317,299.71698,299.817,299.71698,299.617,300.317,300.817,300.71698,300.617,300.517,300.71698,300.817,300.817,300.71698,300.71698,301.417,302.21698,303.21698,301.917,301.21698,301.21698,301.417,301.917,302.617,303.317,303.417,303.21698,303.417
300.117,300.017,299.917,299.71698,299.617,299.617,299.517,299.317,299.317,299.21698,299.117,299.117,299.117,299.317,299.317,299.117,298.817,298.617,298.617,298.817,298.817,298.617,298.417,298.617,298.817,298.617,298.517,298.617,298.517,298.517,298.71698,299.317,299.317,299.617,299.617,299.817,300.017,300.517,300.617,300.617,300.517,300.617,301.117,301.517,301.21698,301.117,301.317,301.517,301.617,301.617,301.517,301.71698,302.617,303.417,304.517,302.317,301.917,301.517,301.71698,302.117,302.917,304.017,304.21698,304.017,303.617
300.017,299.917,299.817,299.617,299.617,299.617,299.71698,299.617,299.517,299.317,299.21698,299.21698,299.21698,299.417,299.517,299.417,299.21698,299.017,299.117,299.117,299.117,299.117,299.017,299.21698,299.017,299.017,299.017,299.017,299.317,299.617,299.617,299.617,299.417,299.617,299.817,300.317,300.617,301.317,301.317,301.21698,301.117,301.21698,301.517,301.617,301.517,301.617,301.817,301.917,302.017,302.017,302.017,302.317,303.117,303.617,303.71698,303.317,302.417,302.017,302.117,302.317,302.71698,303.117,303.517,304.317,304.917
300.117,300.117,300.017,299.917,299.817,299.917,299.917,300.017,299.817,299.817,299.71698,299.617,299.617,299.71698,299.817,299.617,299.417,299.317,299.317,299.517,299.417,299.517,299.617,299.617,299.317,299.21698,299.317,299.617,300.21698,300.617,300.317,300.317,299.817,300.017,300.517,300.71698,300.917,301.617,301.917,301.817,301.817,301.817,301.817,302.017,302.017,302.21698,302.017,301.917,302.21698,302.117,302.21698,302.617,302.917,303.617,303.517,303.417,302.817,302.417,302.117,302.117,302.21698,301.917,302.117,302.917,303.417
300.317,300.317,300.317,300.317,300.21698,300.21698,300.21698,300.21698,300.21698,300.117,300.017,299.917,299.917,299.917,300.017,299.817,299.71698,299.617,299.617,299.617,299.71698,299.817,299.917,299.71698,299.617,299.517,299.617,300.117,301.817,302.917,301.21698,301.017,300.317,300.517,300.517,300.817,301.117,301.71698,302.017,302.21698,302.517,302.617,302.317,302.417,302.21698,302.317,302.21698,302.517,302.517,302.417,302.71698,303.017,303.317,303.71698,303.71698,303.617,303.017,302.21698,301.917,301.817,301.617,302.017,301.917,302.417,302.917
300.71698,300.617,300.617,300.617,300.617,300.417,300.517,300.617,300.617,300.617,300.517,300.517,300.417,300.317,300.117,299.917,300.017,300.017,299.917,300.017,300.017,300.117,300.117,300.21698,299.917,299.817,300.417,304.117,302.417,302.517,302.617,301.617,300.917,300.71698,300.617,300.817,301.117,302.017,301.917,302.21698,302.517,303.71698,302.71698,302.817,302.617,302.21698,302.21698,302.817,302.917,303.417,303.017,303.817,305.517,303.517,303.917,303.317,302.517,302.117,301.517,301.617,301.71698,301.617,302.21698,302.21698,302.017
301.117,301.017,300.917,301.017,300.917,301.017,300.917,300.917,300.917,300.917,300.817,300.817,300.71698,300.517,300.517,300.417,300.317,300.21698,300.21698,300.21698,300.117,300.21698,300.21698,300.417,300.617,301.817,302.417,301.817,301.517,301.917,302.617,302.117,301.017,301.017,301.017,301.617,301.21698,301.117,301.417,302.917,303.317,304.817,303.317,303.117,302.817,302.517,303.117,303.617,303.917,304.017,303.21698,303.517,303.21698,302.917,303.71698,301.517,301.617,301.417,301.317,301.317,301.817,302.617,302.417,301.317,301.917
301.417,301.417,301.517,301.71698,301.817,301.517,301.317,301.21698,301.117,301.017,301.117,301.117,301.117,300.817,300.917,300.71698,300.617,300.617,300.617,300.317,300.417,300.71698,301.017,302.21698,303.71698,302.417,302.317,301.917,302.317,302.617,303.21698,302.71698,301.71698,301.117,301.017,300.917,301.017,301.21698,301.417,302.017,302.317,303.21698,302.617,303.517,303.017,302.517,301.71698,303.017,302.71698,301.817,301.817,301.517,301.317,301.317,301.317,301.21698,301.21698,301.21698,301.21698,301.117,301.517,301.71698,302.617,301.817,301.617
301.71698,301.71698,301.917,301.917,302.017,301.71698,301.617,301.517,301.317,301.117,301.017,301.21698,301.317,301.117,301.117,301.117,301.417,302.21698,301.517,301.417,301.117,301.817,302.117,302.417,302.617,302.617,303.117,303.317,305.317,304.317,304.317,304.517,302.71698,302.317,301.817,301.117,301.517,301.517,301.417,301.817,302.017,302.617,301.417,301.017,301.017,300.71698,300.917,301.017,300.917,301.017,300.917,300.71698,300.817,300.917,301.017,300.917,300.817,300.917,300.917,300.917,300.817,300.817,301.21698,301.21698,301.317
301.917,301.817,301.617,301.71698,301.817,301.71698,301.71698,301.517,301.417,301.21698,301.117,301.21698,301.317,301.517,301.317,301.417,301.917,302.017,301.817,301.617,301.417,301.517,301.71698,302.017,302.21698,302.417,303.117,303.117,302.21698,302.71698,302.517,303.117,303.21698,303.017,302.417,301.817,301.617,301.117,300.817,300.71698,300.617,300.817,300.71698,300.617,300.71698,300.71698,300.71698,300.817,300.71698,300.817,300.817,300.71698,300.817,300.817,300.71698,300.617,300.517,300.617,300.71698,300.71698,300.617,300.617,300.617,300.71698,300.617
301.417,301.417,301.517,301.617,301.71698,301.71698,301.617,301.617,301.517,301.417,301.21698,301.317,301.517,301.617,301.417,301.617,301.71698,301.917,301.917,301.817,301.817,301.817,301.817,301.917,302.117,302.017,302.017,302.017,302.117,302.21698,302.21698,302.21698,302.317,302.417,301.817,301.917,301.417,301.017,300.917,300.71698,300.71698,300.617,300.617,300.617,300.517,300.517,300.617,300.517,300.517,300.517,300.617,300.617,300.71698,300.71698,300.517,300.317,300.317,300.417,300.517,300.517,300.417,300.317,300.21698,299.917,299.917
301.417,301.417,301.417,301.317,301.617,301.71698,301.617,301.71698,301.517,301.417,301.317,301.317,301.317,301.317,301.317,301.417,301.517,301.617,301.71698,301.71698,301.817,301.71698,301.71698,301.71698,301.71698,301.617,301.517,301.417,301.517,301.517,301.417,301.317,301.317,301.117,300.71698,300.71698,301.017,301.017,300.917,300.71698,300.617,300.417,300.317,300.417,300.417,300.317,300.517,300.317,300.21698,300.21698,300.317,300.417,300.417,300.517,300.417,300.117,300.117,300.117,300.21698,300.317,300.317,300.317,300.117,299.917,299.817
301.21698,301.117,301.117,301.017,301.21698,301.317,301.417,301.317,301.317,301.21698,301.117,300.917,300.917,300.917,300.917,301.017,301.017,301.117,301.21698,301.317,301.317,301.317,301.317,301.21698,301.017,301.017,300.817,300.71698,300.817,300.817,300.71698,300.617,300.617,300.517,300.517,300.817,300.917,300.917,300.817,300.417,300.21698,300.317,300.117,300.117,300.017,299.917,300.117,300.117,299.917,299.917,299.917,299.917,300.117,300.117,299.817,299.617,299.517,299.517,299.71698,300.017,300.117,300.117,300.017,299.71698,299.617
300.817,300.71698,300.71698,300.817,300.817,300.917,300.917,300.917,300.917,300.817,300.617,300.417,300.417,300.617,300.71698,300.71698,300.617,300.617,300.617,300.71698,300.617,300.71698,300.617,300.517,300.417,300.21698,300.117,300.017,300.21698,300.317,300.317,300.317,300.317,300.117,300.21698,300.517,300.617,300.517,300.21698,300.017,300.017,299.917,299.517,299.617,299.617,299.517,299.517,299.417,299.617,299.71698,299.517,299.417,299.517,299.317,298.917,298.71698,298.817,298.917,299.317,299.517,299.617,299.71698,299.71698,299.317,298.817
