json-data/2022072412.json
{"header": {"discipline":0,"disciplineName":"Meteorological products","gribEdition":2,"gribLength":79212,"center":7,"centerName":"US National Weather Service - NCEP(WMC)","subcenter":0,"refTime":"2022-07-24T12:00:00.000Z","significanceOfRT":1,"significanceOfRTName":"Start of forecast","productStatus":0,"productStatusName":"Operational products","productType":1,"productTypeName":"Forecast products","productDefinitionTemplate":0,"productDefinitionTemplateName":"Analysis/forecast at horizontal level/layer at a point in time","parameterCategory":2,"parameterCategoryName":"Momentum","parameterNumber":3,"parameterNumberName":"V-component_of_wind","parameterUnit":"m.s-1","genProcessType":2,"genProcessTypeName":"Forecast","forecastTime":0,"surface1Type":103,"surface1TypeName":"Specified height level above ground","surface1Value":10.0,"surface2Type":255,"surface2TypeName":"Missing","surface2Value":0.0,"gridDefinitionTemplate":0,"gridDefinitionTemplateName":"Latitude_Longitude","numberPoints":65160,"shape":6,"shapeName":"Earth spherical with radius of 6,371,229.0 m","gridUnits":"degrees","resolution":48,"winds":"true","scanMode":0,"nx":360,"ny":181,"basicAngle":0,"lo1":0.0,"la1":90.0,"lo2":359.0,"la2":-90.0,"dx":1.0,"dy":1.0}, "data":
[rows 135 to 161 of 181, columns 300 to 359 of 360]
0.76289797,1.0628979,1.602898,1.7028979,2.802898,3.6128979,4.322898,4.122898,3.552898,3.002898,2.422898,2.422898,2.572898,1.852898,1.872898,2.1528978,2.1528978,1.862898,0.9328979,1.632898,1.6728979,1.222898,1.502898,2.492898,2.942898,3.282898,5.222898,5.952898,6.422898,6.702898,7.842898,7.842898,6.572898,6.872898,7.542898,8.212898,3.562898,0.92289793,0.02289795,-2.057102,-0.95710206,-10.727102,-12.117102,-11.557102,-9.147102,-8.217102,-7.737102,-6.897102,-5.717102,-4.337102,-3.1371021,-2.477102,-2.3471022,-2.057102,-1.5571021,-0.807102,-0.73710203,-0.97710204,-1.2971021,-2.227102
-0.14710206,-1.3271021,-0.25710204,1.5828979,2.3728979,3.952898,4.2728977,4.472898,3.592898,4.942898,3.472898,2.852898,2.572898,2.682898,3.302898,4.322898,3.682898,2.002898,0.84289795,1.5928979,0.16289794,1.3228979,2.682898,3.922898,3.722898,4.862898,5.362898,5.082898,6.872898,7.402898,7.762898,7.042898,7.282898,7.682898,7.902898,7.7528977,3.422898,1.222898,-0.5671021,-3.067102,-4.857102,-11.287102,-12.767102,-12.547102,-11.177102,-9.407102,-8.767102,-8.607102,-8.037102,-6.667102,-5.427102,-5.157102,-4.697102,-3.5971022,-3.297102,-2.497102,-1.9571021,-1.757102,-3.037102,-2.907102
-2.497102,-2.507102,-0.017102052,2.052898,2.8628979,2.812898,3.3628979,3.442898,3.492898,3.532898,3.662898,3.552898,3.262898,4.302898,4.662898,5.172898,5.492898,4.972898,3.6228979,3.262898,2.942898,3.702898,3.6528978,4.2728977,4.572898,5.072898,5.402898,5.302898,6.672898,6.542898,6.872898,6.762898,7.452898,7.932898,7.802898,7.932898,7.132898,-2.277102,-1.1871021,-5.827102,-6.7271023,-2.017102,-13.4871025,-12.477102,-11.557102,-10.607102,-10.077102,-9.497102,-9.087102,-8.757102,-7.857102,-7.0171022,-6.7271023,-6.287102,-5.717102,-4.117102,-3.587102,-3.287102,-2.227102,-2.057102
1.882898,-4.647102,-3.007102,-0.927102,0.27289796,0.73289794,1.862898,2.712898,3.182898,3.042898,3.222898,3.912898,4.082898,4.322898,4.382898,4.972898,5.2728977,4.092898,3.802898,3.772898,4.012898,3.712898,4.682898,5.422898,5.322898,6.132898,5.892898,5.402898,6.762898,6.172898,6.152898,7.262898,8.002898,8.402898,8.382898,9.162898,9.172898,-1.4371021,-4.867102,-7.917102,-4.207102,-5.467102,-13.517102,-12.507102,-11.187102,-10.507102,-10.447102,-9.7371025,-9.157102,-8.557102,-8.227102,-7.937102,-7.967102,-7.677102,-7.387102,-6.697102,-5.2471023,-4.7271023,-4.857102,-5.207102
0.19289795,-0.89710206,-3.647102,-2.757102,-0.98710203,-0.06710205,1.242898,1.502898,2.312898,2.942898,1.982898,2.452898,2.732898,3.502898,4.4828978,4.7528977,4.132898,1.8428979,2.052898,1.892898,1.8328979,1.602898,1.532898,1.8328979,2.272898,3.822898,5.362898,5.322898,5.5228977,6.072898,6.912898,8.002898,8.542898,8.482898,8.772898,10.952898,13.432898,-2.947102,-4.907102,-7.087102,-0.59710205,-11.927102,-11.677102,-11.297102,-11.017102,-10.297102,-10.257102,-9.777102,-8.967102,-7.347102,-7.187102,-6.617102,-6.147102,-6.667102,-7.157102,-5.9771023,-6.807102,-6.527102,-5.877102,-5.807102
-1.0571021,-1.2871021,-1.337102,-3.747102,-1.647102,0.21289796,0.91289794,2.702898,3.002898,3.4028978,3.542898,2.672898,0.66289794,0.80289793,2.662898,3.852898,3.722898,3.062898,1.9428979,1.5928979,2.062898,2.492898,1.912898,-0.557102,-0.73710203,0.32289794,3.162898,4.912898,5.492898,5.7528977,6.532898,8.022898,8.442898,7.902898,7.652898,10.952898,14.162898,-4.817102,-2.947102,-6.5171022,-7.397102,-9.757102,-9.827102,-9.497102,-9.317102,-9.777102,-10.037102,-9.257102,-8.007102,-6.9971023,-6.717102,-6.237102,-5.827102,-5.567102,-5.447102,-6.717102,-8.137102,-8.387102,-7.927102,-7.357102
-0.13710205,0.33289796,-1.4271021,-2.257102,-1.9571021,1.3228979,2.262898,3.1228979,4.0228977,5.092898,5.562898,5.2528977,3.3728979,2.562898,3.512898,4.652898,5.142898,4.392898,3.1528978,1.002898,2.502898,5.842898,7.462898,-0.22710206,-3.3771021,-1.727102,1.162898,3.012898,3.532898,4.382898,5.702898,5.182898,9.332898,7.402898,8.042898,8.652898,10.652898,11.282898,8.702898,3.8728979,-0.82710207,-4.987102,-6.847102,-7.277102,-9.297102,-9.547102,-9.507102,-8.027102,-6.627102,-6.577102,-6.147102,-5.617102,-5.677102,-5.707102,-5.657102,-6.207102,-6.887102,-7.627102,-8.217102,-9.777102
-1.9471021,-0.91710204,-1.0371021,-0.63710207,-0.15710205,2.102898,0.96289796,2.312898,3.792898,4.562898,6.892898,6.442898,5.922898,5.462898,4.882898,5.192898,5.082898,5.112898,3.982898,1.252898,1.3128979,4.412898,6.202898,4.392898,3.092898,1.102898,2.462898,3.3828979,3.922898,3.8928978,3.042898,2.8928978,8.312898,8.182898,6.402898,5.202898,5.882898,4.942898,4.142898,2.822898,1.3128979,-0.017102052,-1.367102,-2.557102,-3.327102,-4.777102,-4.917102,-4.907102,-5.037102,-5.237102,-5.087102,-5.657102,-6.027102,-6.307102,-6.287102,-6.107102,-7.7271023,-6.817102,-7.057102,-10.857102
2.972898,1.122898,-0.14710206,0.59289795,0.70289797,2.602898,2.6228979,3.972898,5.572898,6.472898,6.332898,7.212898,6.812898,6.042898,5.962898,6.922898,4.7528977,7.332898,8.862898,-1.5771021,2.602898,4.932898,5.822898,5.612898,4.632898,3.672898,3.322898,3.032898,4.922898,5.282898,4.5028977,5.352898,6.4828978,6.5228977,6.042898,5.242898,4.7328978,3.102898,1.412898,0.11289795,-0.43710205,-0.94710207,-1.837102,-2.717102,-3.217102,-3.587102,-4.007102,-4.117102,-4.357102,-4.927102,-5.4771023,-5.967102,-6.377102,-6.817102,-7.107102,-7.397102,-7.257102,-8.037102,-7.657102,-8.4871025
3.542898,1.9328979,0.43289796,0.5628979,1.9228979,3.502898,5.402898,6.072898,5.782898,6.782898,6.432898,6.322898,6.412898,6.472898,7.082898,7.132898,7.472898,7.242898,6.622898,5.512898,4.812898,5.332898,6.392898,2.802898,2.712898,0.0028979492,-1.487102,6.962898,6.192898,5.7528977,5.822898,5.7528977,6.582898,6.912898,7.142898,6.9828978,6.2728977,5.802898,4.992898,4.442898,3.812898,2.752898,2.1428978,1.2128979,-0.16710205,-1.277102,-2.3671021,-3.407102,-4.507102,-5.257102,-6.377102,-7.2671022,-7.297102,-7.557102,-8.077102,-8.557102,-9.497102,-9.247102,-9.137102,-9.747102
3.352898,2.992898,3.192898,3.832898,4.612898,4.692898,5.222898,5.602898,6.192898,5.942898,4.872898,6.132898,6.872898,7.182898,7.222898,7.162898,6.722898,6.322898,6.082898,5.812898,5.422898,5.182898,4.792898,3.3828979,1.652898,4.322898,4.9828978,5.422898,5.582898,5.372898,6.012898,6.202898,6.952898,7.2328978,7.672898,7.072898,6.282898,5.692898,5.402898,4.922898,4.432898,3.982898,3.452898,2.912898,2.3728979,1.972898,1.402898,0.71289796,0.04289795,-0.79710203,-1.8071021,-2.507102,-5.417102,-5.787102,-4.797102,-8.117102,-9.957102,-10.177102,-10.387102,-10.077102
0.98289794,1.3428979,2.452898,3.6128979,4.342898,4.862898,5.552898,5.332898,4.882898,4.862898,5.7728977,5.472898,6.332898,6.712898,6.642898,6.912898,6.842898,6.682898,6.092898,5.242898,4.822898,4.562898,4.302898,4.332898,4.152898,4.312898,4.202898,4.212898,4.912898,4.952898,5.432898,6.542898,7.472898,7.892898,7.802898,8.2628975,7.392898,6.782898,7.102898,7.092898,6.422898,5.992898,5.542898,4.882898,4.712898,4.412898,3.512898,2.682898,1.992898,0.9328979,-0.52710205,-2.027102,-2.957102,-3.8871021,-5.797102,-6.2271023,-6.137102,-11.977102,-11.017102,-11.407102
-2.8771021,-0.79710203,0.942898,2.442898,3.712898,4.532898,4.742898,4.7528977,4.322898,3.1528978,4.142898,4.532898,5.872898,6.072898,6.172898,6.952898,6.832898,6.922898,6.512898,5.632898,5.7728977,5.572898,5.312898,4.872898,4.872898,4.762898,4.962898,5.112898,4.792898,5.222898,5.662898,6.242898,6.992898,6.542898,4.692898,7.422898,7.442898,7.602898,7.472898,7.552898,7.322898,8.042898,7.632898,7.112898,6.852898,7.2728977,7.102898,5.302898,4.052898,2.712898,0.35289794,-1.087102,-1.837102,-3.537102,-6.217102,-5.787102,-7.557102,-6.117102,-10.457102,-11.657102
-4.127102,-4.127102,-3.3471022,-1.857102,0.01289795,2.1128979,2.982898,3.332898,2.582898,1.602898,1.8428979,3.442898,4.802898,6.132898,6.562898,7.202898,6.7328978,6.062898,6.2528977,6.562898,6.512898,5.962898,5.012898,5.582898,5.042898,5.462898,5.632898,5.242898,5.702898,5.992898,5.2528977,5.202898,6.592898,7.652898,7.192898,8.162898,7.242898,7.222898,7.372898,8.572898,8.882898,8.702898,9.152898,7.872898,7.212898,7.362898,8.032898,7.152898,6.302898,6.172898,4.112898,0.09289795,-1.2871021,-2.677102,-4.2671022,-6.4771023,-6.987102,-7.4971023,-7.067102,-5.2271023
-5.217102,-4.787102,-4.097102,-3.447102,-2.967102,-1.367102,0.39289796,1.782898,1.8428979,0.43289796,0.07289795,0.55289793,1.8428979,3.332898,4.432898,5.362898,6.202898,6.5228977,5.802898,5.322898,5.782898,4.9828978,4.692898,5.572898,5.822898,5.602898,5.662898,5.062898,4.812898,5.532898,4.942898,5.862898,4.9828978,7.462898,5.462898,5.722898,6.532898,8.232898,8.862898,7.7328978,9.132898,8.632898,8.522898,10.022898,9.842898,9.862898,8.602898,5.7528977,5.0228977,4.472898,4.692898,3.772898,1.752898,-1.607102,-3.167102,-3.217102,-5.087102,-5.057102,-7.597102,-6.507102
-6.967102,-7.297102,-6.037102,-4.617102,-4.2671022,-3.587102,-2.517102,-1.397102,-0.04710205,-0.46710205,-1.477102,-2.6171021,-1.5471021,0.54289794,0.942898,3.682898,4.102898,3.922898,4.282898,4.952898,3.762898,3.222898,5.012898,4.282898,4.372898,3.972898,3.472898,3.512898,3.742898,4.472898,4.312898,4.402898,4.662898,4.952898,5.682898,5.692898,8.212898,8.752898,8.532898,8.852898,9.252898,8.232898,8.882898,9.102898,8.402898,8.312898,8.462898,7.942898,4.452898,2.712898,1.642898,1.4428979,2.3928978,-0.29710206,-2.287102,-3.277102,-3.417102,-4.217102,-5.617102,-5.447102
-8.367102,-7.7471023,-7.457102,-7.327102,-6.597102,-4.237102,-3.967102,-3.497102,-3.037102,-2.927102,-3.657102,-4.647102,-3.267102,-1.617102,-0.58710206,0.47289795,0.692898,0.95289797,1.982898,2.3628979,2.322898,2.452898,3.002898,3.082898,3.582898,3.722898,3.692898,3.742898,3.802898,3.702898,3.672898,4.052898,5.202898,4.722898,5.2528977,6.622898,6.722898,6.542898,7.462898,7.462898,7.9828978,7.962898,7.972898,8.272898,8.712898,9.2628975,9.392898,8.732898,7.402898,8.002898,6.472898,4.902898,1.782898,0.89289796,0.37289795,-3.8771021,-3.747102,-4.547102,-4.877102,-5.697102
-8.687102,-8.307102,-6.687102,-7.5171022,-6.827102,-6.957102,-6.757102,-6.697102,-5.687102,-5.817102,-5.197102,-4.637102,-3.937102,-3.027102,-1.8071021,-0.88710207,0.66289794,1.382898,1.472898,1.3228979,1.662898,2.292898,2.952898,3.092898,3.302898,3.772898,3.732898,3.582898,3.992898,4.352898,3.8728979,3.792898,4.742898,5.612898,5.852898,6.182898,6.442898,6.802898,7.122898,7.412898,7.632898,7.902898,8.202898,8.5128975,9.242898,9.712898,9.742898,9.562898,9.892898,9.322898,8.902898,8.192898,7.032898,5.372898,4.052898,2.512898,0.572898,-0.47710204,-1.237102,-2.507102
-7.307102,-5.107102,-7.797102,-7.707102,-7.0171022,-9.637102,-8.867102,-8.657102,-8.967102,-8.857102,-8.167102,-6.867102,-5.607102,-4.327102,-3.187102,-1.9271021,-1.147102,-0.57710207,0.7428979,0.6228979,1.122898,1.7928979,1.9328979,2.732898,3.212898,2.852898,3.492898,3.272898,3.4028978,3.542898,4.062898,4.5228977,5.302898,6.102898,6.7528977,6.822898,7.042898,7.012898,7.072898,7.342898,7.672898,8.112898,8.422898,8.642898,8.832898,9.202898,9.592898,9.312898,8.972898,8.932898,8.902898,8.942898,8.892898,8.682898,8.452898,6.372898,4.512898,1.9628979,-0.84710205,-2.087102
-1.757102,-5.667102,-6.097102,-7.177102,-10.807102,-8.837102,-8.837102,-7.697102,-8.207102,-9.317102,-8.917102,-7.157102,-6.2671022,-4.957102,-4.207102,-3.087102,-2.327102,-1.6571021,-0.8771021,-0.59710205,-0.18710205,0.09289795,0.79289794,1.5728979,1.762898,2.912898,3.052898,3.3628979,3.722898,3.8928978,3.742898,3.6528978,4.462898,5.192898,5.602898,6.372898,6.832898,7.122898,7.132898,7.192898,7.372898,7.592898,7.832898,8.112898,8.332898,8.382898,8.602898,8.652898,8.732898,8.752898,8.7628975,8.652898,8.672898,8.632898,8.222898,7.832898,7.2728977,6.712898,6.192898,5.972898
-3.1171021,-4.157102,-2.957102,-2.6271021,-2.397102,-6.027102,-6.7471023,-6.717102,-8.587102,-8.857102,-7.937102,-7.127102,-6.217102,-5.0171022,-4.617102,-3.777102,-3.277102,-2.967102,-2.227102,-1.777102,-1.237102,-0.49710205,-0.07710205,0.632898,1.142898,1.472898,1.772898,2.042898,2.782898,2.982898,3.352898,3.8628979,4.332898,4.932898,5.122898,5.822898,6.132898,6.2328978,6.5028977,6.7528977,6.722898,6.972898,6.9828978,7.212898,7.432898,7.592898,7.642898,7.622898,7.492898,7.472898,7.542898,7.552898,7.592898,7.692898,7.782898,7.672898,7.142898,6.652898,6.212898,5.7528977
-4.557102,-5.557102,-6.577102,-6.9971023,-7.597102,-7.237102,-7.157102,-7.2471023,-7.467102,-7.527102,-7.377102,-6.647102,-5.817102,-5.2271023,-4.237102,-4.867102,-4.257102,-3.537102,-3.1171021,-2.6071022,-1.637102,-0.867102,-0.26710206,0.23289795,0.59289795,0.91289794,1.3228979,1.8228979,1.9628979,2.052898,2.452898,2.592898,3.422898,4.092898,4.422898,4.642898,5.282898,5.632898,5.702898,6.122898,6.5028977,6.262898,6.202898,6.312898,6.532898,6.7528977,7.052898,6.9828978,6.962898,6.712898,6.532898,6.402898,6.2328978,5.942898,5.552898,5.2528977,5.0228977,4.902898,4.792898,4.552898
-8.097102,-8.387102,-9.427102,-9.097102,-9.347102,-9.617102,-9.267102,-8.727102,-8.017102,-7.407102,-6.897102,-6.637102,-6.257102,-5.7271023,-5.287102,-4.927102,-4.4771023,-4.037102,-3.807102,-3.537102,-3.307102,-2.8871021,-2.147102,-1.587102,-0.867102,-0.29710206,0.06289795,0.16289794,0.53289795,0.9928979,1.512898,2.032898,1.9528979,3.092898,3.542898,3.562898,3.682898,4.512898,4.952898,4.832898,5.302898,5.892898,5.7728977,5.822898,6.042898,6.262898,6.312898,6.212898,6.202898,6.262898,6.112898,5.922898,5.832898,5.5228977,5.342898,5.212898,4.912898,4.562898,4.382898,4.192898
-7.9771023,-8.847102,-10.697102,-10.727102,-10.697102,-10.447102,-10.027102,-9.207102,-8.287102,-7.837102,-7.507102,-6.797102,-6.717102,-6.237102,-5.317102,-4.807102,-4.557102,-4.307102,-4.127102,-4.027102,-3.247102,-2.757102,-2.727102,-2.297102,-1.877102,-1.5671021,-1.2971021,-1.5771021,-1.1671021,-0.89710206,-0.46710205,0.082897946,0.60289794,1.4228979,2.272898,2.6228979,2.542898,3.022898,3.792898,4.182898,4.062898,4.422898,4.662898,4.852898,5.152898,5.312898,5.452898,5.572898,5.362898,5.192898,5.0028977,5.092898,4.952898,4.822898,4.682898,4.442898,4.342898,4.102898,3.972898,3.992898
-5.537102,-9.297102,-10.447102,-11.597102,-11.647102,-11.217102,-10.607102,-9.957102,-8.857102,-8.457102,-7.817102,-7.167102,-6.547102,-5.387102,-5.047102,-4.687102,-4.5171022,-3.8771021,-3.817102,-3.797102,-3.8771021,-3.697102,-3.3571022,-3.297102,-2.937102,-2.327102,-2.1271021,-2.687102,-2.827102,-2.417102,-1.987102,-1.6871021,-1.257102,-0.70710206,0.22289795,1.652898,2.032898,1.8128979,1.892898,2.812898,3.592898,3.8828979,3.8828979,4.172898,4.132898,3.982898,4.302898,4.542898,4.592898,4.562898,4.552898,4.662898,4.722898,4.632898,4.372898,4.172898,4.062898,3.8828979,3.752898,3.802898
-5.587102,-8.337102,-9.897102,-10.937102,-11.337102,-11.137102,-11.277102,-10.347102,-9.317102,-8.4871025,-7.677102,-7.127102,-6.327102,-5.407102,-4.917102,-4.317102,-3.897102,-3.5971022,-3.477102,-3.267102,-3.187102,-3.017102,-2.807102,-2.747102,-2.5971022,-2.8771021,-2.737102,-3.307102,-3.667102,-3.8471022,-3.6071022,-3.217102,-2.707102,-2.467102,-1.737102,-0.98710203,0.02289795,0.98289794,1.382898,1.2028979,1.152898,2.082898,2.452898,2.412898,2.482898,2.822898,2.922898,3.3928978,3.932898,4.062898,3.682898,3.352898,3.312898,3.242898,3.282898,3.222898,2.812898,2.962898,3.412898,3.102898
-5.877102,-7.597102,-8.797102,-9.667102,-10.347102,-10.057102,-9.857102,-9.067102,-8.447102,-7.787102,-6.927102,-6.627102,-6.197102,-5.657102,-5.367102,-4.877102,-4.367102,-4.007102,-3.527102,-3.1071022,-2.837102,-2.3871021,-2.507102,-2.587102,-2.237102,-2.017102,-2.477102,-2.747102,-4.2671022,-4.207102,-4.427102,-4.537102,-4.2471023,-3.8471022,-3.527102,-3.057102,-2.337102,-1.9571021,-1.727102,-1.137102,-0.22710206,0.02289795,0.55289793,1.3128979,2.182898,2.332898,2.022898,2.242898,2.592898,2.782898,2.1528978,3.942898,3.172898,3.172898,3.002898,1.872898,2.262898,0.40289795,1.232898,3.702898
