json-data/2022072606.json
{"header": {"discipline":0,"disciplineName":"Meteorological products","gribEdition":2,"gribLength":48079,"center":7,"centerName":"US National Weather Service - NCEP(WMC)","subcenter":0,"refTime":"2022-07-26T06:00:00.000Z","significanceOfRT":1,"significanceOfRTName":"Start of forecast","productStatus":0,"productStatusName":"Operational products","productType":1,"productTypeName":"Forecast products","productDefinitionTemplate":0,"productDefinitionTemplateName":"Analysis/forecast at horizontal level/layer at a point in time","parameterCategory":0,"parameterCategoryName":"Temperature","parameterNumber":0,"parameterNumberName":"Temperature","parameterUnit":"K","genProcessType":2,"genProcessTypeName":"Forecast","forecastTime":0,"surface1Type":1,"surface1TypeName":"Ground or water surface","surface1Value":0.0,"surface2Type":255,"surface2TypeName":"Missing","surface2Value":0.0,"gridDefinitionTemplate":0,"gridDefinitionTemplateName":"Latitude_Longitude","numberPoints":65160,"shape":6,"shapeName":"Earth spherical with radius of 6,371,229.0 m","gridUnits":"degrees","resolution":48,"winds":"true","scanMode":0,"nx":360,"ny":181,"basicAngle":0,"lo1":0.0,"la1":90.0,"lo2":359.0,"la2":-90.0,"dx":1.0,"dy":1.0}, "data":
[rows 135 to 161 of 181, columns 244 to 304 of 360]
282.47232,282.3723,282.47232,282.47232,282.6723,282.8723,282.8723,282.57233,282.2723,282.07233,281.7723,281.47232,281.07233,280.8723,280.6723,280.8723,280.97232,280.97232,280.8723,280.8723,280.8723,280.8723,280.6723,280.6723,280.6723,280.6723,280.7723,280.7723,280.8723,281.07233,281.2723,281.07233,281.07233,281.1723,281.3723,281.47232,281.47232,281.47232,281.57233,281.97232,282.1723,281.7723,275.57233,272.57233,268.97232,267.97232,271.47232,272.07233,271.47232,275.07233,279.8723,280.8723,280.6723,280.2723,279.7723,279.2723,278.97232,278.6723,279.6723,279.8723,280.07233
281.57233,281.57233,281.8723,281.7723,281.7723,281.97232,281.97232,281.7723,281.57233,281.1723,281.1723,280.8723,280.6723,280.3723,280.1723,280.2723,280.2723,280.2723,280.2723,280.3723,280.3723,280.1723,280.1723,280.1723,280.07233,280.07233,280.47232,280.47232,280.2723,280.47232,280.57233,280.3723,280.3723,280.8723,281.1723,281.1723,281.07233,281.07233,281.2723,281.7723,282.07233,274.07233,269.8723,266.97232,262.8723,263.7723,268.8723,270.47232,271.7723,280.3723,280.57233,280.7723,280.57233,279.97232,279.57233,279.1723,278.1723,277.97232,278.97232,280.07233,280.47232
280.7723,280.8723,281.07233,281.07233,281.1723,281.3723,281.1723,280.97232,280.97232,280.7723,280.47232,280.2723,279.97232,279.97232,279.97232,279.97232,279.97232,279.8723,279.8723,279.7723,279.6723,279.8723,280.07233,280.2723,279.97232,279.6723,279.8723,279.7723,279.6723,279.8723,280.07233,279.97232,279.97232,280.1723,280.3723,280.47232,280.57233,280.57233,280.7723,281.2723,281.3723,280.57233,264.7723,258.8723,254.37231,258.47232,265.3723,267.8723,269.7723,270.97232,279.3723,279.97232,280.1723,279.6723,279.07233,278.8723,278.1723,277.6723,278.3723,279.1723,279.3723
280.2723,280.2723,280.2723,280.2723,280.57233,280.7723,280.57233,280.1723,280.2723,280.1723,280.07233,279.7723,279.6723,279.6723,279.6723,279.6723,279.57233,279.57233,279.3723,279.3723,279.2723,279.1723,279.3723,279.3723,279.1723,279.07233,279.07233,279.07233,279.07233,279.3723,279.57233,279.6723,279.57233,279.6723,279.6723,279.8723,280.07233,280.1723,280.57233,281.1723,281.1723,269.7723,276.47232,260.3723,253.17232,262.97232,263.57233,266.1723,269.07233,269.47232,272.57233,279.6723,279.47232,279.07233,279.07233,278.97232,278.3723,277.47232,277.2723,277.2723,277.47232
280.2723,280.47232,280.1723,279.8723,279.8723,280.1723,280.1723,279.8723,279.6723,279.7723,279.7723,279.6723,279.47232,279.3723,279.2723,279.1723,279.07233,279.07233,278.97232,279.07233,279.07233,279.1723,279.07233,278.7723,278.7723,278.7723,278.8723,278.7723,278.8723,278.97232,278.97232,279.07233,279.1723,279.07233,279.07233,279.2723,279.47232,279.6723,280.1723,280.57233,280.8723,270.1723,254.87231,254.17232,256.7723,265.6723,265.1723,268.57233,267.2723,278.7723,279.1723,279.2723,279.1723,278.97232,278.6723,278.6723,278.6723,278.07233,277.6723,277.57233,277.07233
279.3723,279.7723,280.07233,279.7723,279.6723,279.57233,279.6723,279.6723,279.57233,279.47232,279.2723,279.2723,279.2723,279.2723,279.2723,279.07233,278.97232,278.8723,278.8723,278.8723,278.97232,279.07233,278.97232,278.8723,278.7723,278.8723,278.6723,278.57233,278.47232,278.57233,278.3723,278.3723,278.47232,278.47232,278.57233,278.8723,279.1723,279.47232,279.7723,280.1723,280.3723,279.57233,262.6723,254.57231,264.1723,264.8723,267.6723,265.7723,268.97232,278.6723,278.97232,278.97232,278.97232,278.8723,278.6723,278.6723,278.8723,278.2723,277.6723,277.6723,277.6723
278.47232,278.8723,279.1723,279.2723,279.3723,279.2723,279.1723,279.07233,278.97232,279.07233,278.97232,279.07233,278.97232,279.07233,279.1723,279.07233,278.97232,278.7723,278.6723,278.57233,278.57233,278.6723,278.6723,278.6723,278.57233,278.57233,278.47232,278.3723,278.3723,278.3723,278.1723,278.1723,278.1723,278.2723,278.3723,278.3723,278.57233,279.1723,279.47232,279.97232,280.47232,271.2723,266.6723,257.3723,262.6723,266.2723,265.57233,277.47232,278.57233,278.6723,278.3723,278.2723,278.3723,278.3723,278.2723,278.2723,278.2723,277.7723,277.47232,277.6723,277.8723
278.3723,278.57233,278.7723,278.8723,278.97232,278.97232,278.8723,278.6723,278.57233,278.7723,278.8723,278.97232,278.97232,278.97232,279.07233,278.97232,278.8723,278.7723,278.57233,278.47232,278.3723,278.3723,278.47232,278.47232,278.3723,278.2723,278.1723,278.1723,278.1723,278.1723,278.07233,277.97232,278.07233,278.1723,278.07233,278.07233,278.1723,278.47232,278.6723,279.1723,279.97232,273.8723,274.57233,269.3723,267.3723,263.7723,263.6723,270.1723,277.97232,278.47232,278.1723,277.97232,278.07233,278.07233,278.1723,276.57233,271.3723,270.7723,277.7723,277.8723,277.47232
278.1723,278.47232,278.57233,278.47232,278.3723,278.3723,278.3723,278.3723,278.3723,278.47232,278.6723,278.8723,278.97232,278.97232,279.07233,278.97232,278.8723,278.6723,278.57233,278.47232,278.2723,278.2723,278.2723,278.1723,278.07233,278.07233,277.97232,277.8723,277.8723,277.8723,277.7723,277.7723,277.8723,277.97232,277.97232,278.07233,278.1723,278.2723,278.47232,278.8723,279.3723,279.6723,275.57233,271.6723,270.8723,272.6723,270.97232,271.57233,277.47232,278.2723,278.1723,278.07233,278.07233,277.97232,277.8723,277.97232,277.97232,277.97232,277.7723,277.57233,277.2723
277.7723,277.97232,278.07233,278.07233,277.8723,277.8723,277.97232,278.07233,278.1723,278.3723,278.47232,278.6723,278.7723,278.8723,278.8723,278.8723,278.8723,278.6723,278.47232,278.47232,278.2723,278.1723,278.07233,277.97232,277.8723,277.8723,277.8723,277.8723,277.8723,277.8723,277.7723,277.7723,277.6723,277.7723,277.97232,278.1723,278.2723,278.2723,278.07233,278.1723,278.7723,279.2723,279.3723,278.97232,271.6723,275.6723,272.47232,268.6723,268.8723,276.8723,277.6723,278.07233,278.07233,277.6723,277.3723,277.2723,277.1723,277.1723,277.1723,277.3723,277.47232
277.47232,277.47232,277.47232,277.57233,277.57233,277.57233,277.7723,277.7723,277.97232,277.97232,278.07233,278.1723,278.3723,278.3723,278.3723,278.2723,278.1723,278.07233,278.07233,278.07233,278.07233,277.97232,277.97232,277.8723,277.7723,277.6723,277.6723,277.6723,277.7723,277.7723,277.7723,277.6723,277.6723,277.6723,277.7723,277.97232,278.1723,278.1723,277.97232,277.8723,278.07233,278.2723,278.47232,278.47232,278.47232,277.47232,274.47232,266.07233,264.7723,276.47232,275.8723,277.97232,278.07233,277.8723,277.6723,277.57233,277.57233,277.3723,277.2723,277.2723,277.2723
277.1723,277.07233,277.07233,277.07233,277.07233,277.1723,277.1723,277.2723,277.2723,277.47232,277.6723,277.7723,277.7723,277.6723,277.6723,277.6723,277.57233,277.6723,277.57233,277.57233,277.57233,277.6723,277.7723,277.7723,277.6723,277.47232,277.47232,277.57233,277.57233,277.57233,277.47232,277.3723,277.3723,277.47232,277.47232,277.57233,277.57233,277.57233,277.57233,277.47232,277.57233,277.6723,277.7723,277.6723,277.6723,277.8723,278.07233,278.07233,277.3723,277.3723,277.07233,276.7723,276.6723,276.7723,276.97232,276.97232,276.7723,276.6723,276.6723,276.57233,276.47232
276.8723,276.8723,276.7723,276.7723,276.7723,276.6723,276.57233,276.47232,276.57233,276.7723,277.1723,277.1723,277.1723,277.07233,276.97232,276.97232,277.07233,277.07233,277.1723,277.07233,276.97232,276.8723,277.07233,277.07233,277.1723,277.1723,277.2723,277.2723,277.2723,277.1723,277.07233,277.07233,277.1723,277.3723,277.3723,277.2723,277.3723,277.3723,277.3723,277.3723,277.2723,277.3723,277.57233,277.57233,277.47232,277.6723,277.6723,277.7723,277.47232,277.1723,276.8723,276.47232,275.97232,276.2723,276.3723,276.3723,276.1723,275.47232,275.3723,275.2723,274.57233
276.1723,276.1723,276.2723,276.1723,276.1723,276.07233,276.1723,276.2723,276.1723,276.3723,276.57233,276.6723,276.47232,276.3723,276.3723,276.6723,276.7723,276.7723,276.7723,276.7723,276.47232,276.2723,276.1723,276.1723,276.2723,276.3723,276.47232,276.47232,276.6723,276.6723,276.7723,276.8723,277.07233,277.3723,277.3723,277.1723,277.07233,277.1723,277.2723,277.2723,277.1723,277.1723,277.1723,277.3723,277.57233,277.7723,277.8723,277.47232,276.97232,276.57233,275.97232,275.57233,275.07233,274.8723,274.6723,274.1723,273.6723,272.8723,272.57233,272.2723,272.3723
275.1723,275.3723,275.47232,275.47232,275.3723,275.2723,275.3723,275.2723,275.2723,275.57233,275.6723,275.57233,275.97232,275.8723,275.97232,276.2723,276.3723,276.3723,276.2723,276.1723,276.07233,275.7723,275.7723,275.8723,275.97232,276.1723,276.07233,275.97232,275.7723,276.07233,276.3723,276.6723,276.7723,276.7723,276.7723,276.7723,276.7723,276.6723,276.6723,276.57233,276.8723,276.8723,276.7723,276.57233,276.8723,276.97232,276.6723,276.47232,275.57233,274.8723,274.47232,273.97232,273.07233,272.7723,272.3723,272.3723,272.1723,271.97232,271.8723,271.97232,272.1723
274.6723,274.7723,274.8723,274.8723,274.7723,274.6723,274.57233,274.57233,274.6723,274.7723,274.8723,274.8723,275.07233,275.2723,275.57233,275.7723,275.97232,275.97232,275.7723,275.6723,275.6723,275.57233,275.47232,275.47232,275.57233,275.6723,275.7723,275.57233,275.2723,275.3723,275.7723,276.1723,276.3723,276.47232,276.57233,276.57233,276.47232,276.2723,276.07233,275.8723,275.97232,275.97232,275.7723,275.57233,275.47232,275.3723,275.2723,274.97232,274.47232,273.6723,272.97232,272.2723,271.6723,271.47232,271.3723,271.47232,271.47232,271.57233,271.57233,271.6723,271.6723
274.3723,274.47232,274.47232,274.47232,274.3723,274.2723,274.1723,274.1723,273.47232,274.3723,274.47232,274.3723,274.47232,274.57233,274.97232,275.1723,275.3723,275.3723,275.2723,275.07233,275.07233,275.07233,275.07233,274.97232,274.97232,275.07233,275.1723,275.07233,274.8723,274.8723,274.97232,275.3723,275.57233,275.57233,275.57233,275.7723,275.7723,275.7723,275.57233,275.3723,275.2723,275.2723,274.8723,274.47232,274.2723,274.2723,273.8723,273.6723,273.1723,272.6723,272.1723,271.57233,271.2723,271.2723,271.2723,271.2723,271.2723,271.2723,271.2723,271.2723,271.3723
273.97232,274.1723,274.2723,274.2723,274.2723,274.07233,273.97232,273.8723,274.07233,274.1723,274.1723,274.07233,274.07233,274.07233,274.07233,274.1723,274.3723,274.47232,274.47232,274.47232,274.3723,274.2723,274.07233,274.07233,274.2723,274.1723,274.1723,274.1723,274.1723,274.3723,274.3723,274.47232,274.47232,274.57233,274.47232,274.3723,274.47232,274.6723,274.8723,274.7723,274.7723,274.3723,273.8723,273.47232,273.07233,272.97232,272.47232,271.97232,271.6723,271.57233,271.3723,271.2723,271.2723,271.2723,271.2723,271.2723,271.2723,271.2723,269.97232,270.97232,270.6723
273.57233,273.8723,273.97232,273.8723,273.8723,273.6723,273.57233,273.57233,273.57233,273.57233,273.47232,273.57233,273.6723,273.57233,273.47232,273.3723,273.57233,273.57233,273.6723,273.57233,273.47232,273.3723,273.1723,273.07233,272.97232,272.8723,273.07233,273.2723,273.3723,273.57233,273.8723,273.8723,273.8723,273.97232,273.7723,273.47232,273.07233,273.1723,273.3723,273.57233,273.1723,272.8723,272.1723,271.8723,271.7723,271.6723,271.57233,271.47232,271.2723,271.2723,271.2723,271.2723,271.2723,271.2723,271.2723,271.1723,270.97232,270.6723,270.8723,270.8723,270.3723
272.57233,272.7723,271.3723,273.2723,273.1723,273.07233,272.97232,272.7723,272.7723,272.57233,272.57233,272.7723,272.8723,272.97232,272.8723,272.7723,272.97232,272.97232,272.8723,272.6723,272.6723,272.6723,272.6723,272.3723,272.1723,272.07233,272.57233,272.6723,272.7723,272.8723,272.97232,273.07233,273.07233,272.97232,272.2723,271.7723,271.57233,271.57233,271.57233,271.57233,271.57233,271.57233,271.6723,271.6723,271.57233,271.3723,271.47232,271.2723,271.2723,271.2723,271.2723,271.2723,271.2723,271.1723,270.97232,266.8723,258.97232,261.8723,261.3723,264.1723,263.97232
271.6723,271.6723,271.7723,271.97232,272.07233,272.3723,272.1723,272.07233,271.97232,271.97232,271.97232,272.07233,272.07233,272.07233,272.07233,272.2723,272.3723,272.2723,271.97232,271.97232,271.97232,271.97232,271.8723,271.6723,271.57233,271.6723,271.8723,271.97232,271.8723,271.8723,271.8723,271.7723,271.7723,271.6723,271.47232,271.2723,271.2723,271.2723,271.3723,271.3723,271.3723,270.97232,271.1723,270.97232,270.6723,270.97232,270.7723,270.7723,271.1723,271.2723,271.2723,271.2723,271.2723,262.07233,255.77231,259.97232,259.7723,262.1723,263.07233,253.97232,256.47232
271.1723,271.1723,271.1723,271.2723,271.3723,271.3723,271.3723,271.3723,271.3723,271.57233,271.57233,271.47232,271.3723,271.3723,271.47232,271.47232,271.47232,271.3723,271.3723,271.47232,271.3723,271.3723,271.3723,271.3723,271.3723,271.3723,271.2723,271.47232,271.2723,271.2723,271.2723,271.2723,271.2723,271.2723,271.2723,271.2723,271.2723,270.8723,269.97232,269.2723,268.8723,269.1723,270.07233,269.1723,269.97232,269.2723,270.1723,270.3723,271.2723,270.8723,270.8723,262.97232,257.6723,261.3723,256.97232,259.97232,262.57233,260.8723,257.6723,253.87231,250.17232
270.47232,271.1723,271.1723,270.8723,271.1723,271.1723,271.1723,271.1723,271.1723,271.1723,271.47232,271.47232,271.3723,271.2723,271.2723,271.2723,271.2723,271.3723,271.3723,271.2723,271.47232,271.57233,271.3723,271.2723,271.2723,271.2723,271.2723,271.2723,271.47232,271.07233,271.3723,270.8723,270.6723,270.3723,270.07233,268.8723,267.97232,267.2723,267.57233,267.47232,267.6723,267.8723,268.2723,268.1723,267.07233,267.6723,268.7723,270.2723,258.47232,264.7723,255.57231,257.07233,247.17232,254.77231,256.6723,255.87231,257.2723,249.47232,244.77231,242.87231,244.17232
260.3723,260.57233,261.07233,262.07233,262.2723,263.57233,264.97232,266.97232,268.57233,268.47232,268.7723,269.1723,270.3723,270.6723,270.2723,269.97232,269.47232,269.3723,269.3723,269.07233,268.7723,268.8723,268.6723,268.6723,268.3723,269.3723,269.7723,270.57233,270.1723,270.1723,268.1723,267.1723,267.47232,266.97232,267.07233,267.6723,267.57233,267.07233,265.97232,266.6723,266.47232,266.47232,267.2723,267.57233,268.2723,262.7723,267.2723,270.57233,261.8723,258.07233,257.6723,249.27231,249.07231,250.27231,252.07231,249.87231,241.77231,239.27231,239.47232,242.97232,244.27231
257.47232,256.6723,257.1723,258.1723,259.7723,261.7723,262.8723,262.57233,264.3723,265.3723,267.2723,268.2723,268.3723,267.6723,267.2723,266.8723,267.07233,266.6723,266.7723,266.8723,266.47232,265.3723,264.57233,264.47232,264.1723,263.47232,264.7723,264.97232,265.1723,264.3723,264.2723,260.8723,258.47232,258.2723,258.6723,257.47232,258.2723,257.97232,257.6723,258.1723,260.3723,263.7723,266.47232,263.3723,261.1723,256.47232,253.17232,255.17232,255.87231,258.1723,250.47232,250.37231,249.67232,245.87231,244.07231,236.07231,240.97232,239.27231,238.97232,241.57231,245.57231
258.2723,256.57233,256.47232,256.6723,256.2723,256.3723,256.07233,255.27231,258.7723,261.2723,263.3723,262.07233,262.2723,263.3723,265.07233,263.6723,263.6723,262.8723,262.8723,262.07233,261.07233,260.97232,260.2723,258.97232,258.1723,258.8723,258.57233,258.1723,257.47232,256.97232,252.67232,251.67232,252.07231,252.57231,253.87231,256.2723,256.57233,256.6723,258.07233,258.47232,257.57233,251.67232,254.27231,255.67232,257.07233,259.7723,258.07233,251.37231,252.67232,250.47232,248.47232,245.47232,241.57231,244.97232,239.77231,234.27231,239.97232,236.47232,239.67232,241.87231,244.67232
257.2723,256.7723,255.27231,255.27231,253.37231,254.17232,255.27231,256.47232,255.77231,256.07233,258.57233,259.2723,260.7723,261.3723,261.1723,261.8723,261.6723,260.57233,260.8723,260.57233,257.97232,258.3723,257.47232,254.17232,252.47232,251.57231,252.37231,252.37231,250.97232,250.47232,251.07231,251.57231,253.87231,254.97232,255.37231,255.87231,255.07231,255.87231,255.77231,256.47232,247.47232,248.57231,250.57231,248.97232,251.27231,252.57231,253.07231,245.37231,244.87231,246.47232,242.57231,240.17232,238.77231,242.07231,239.37231,234.87231,244.77231,240.67232,237.87231,238.67232,243.07231
