json-data/2022072006.json
{"header": {"discipline":0,"disciplineName":"Meteorological products","gribEdition":2,"gribLength":79054,"center":7,"centerName":"US National Weather Service - NCEP(WMC)","subcenter":0,"refTime":"2022-07-20T06:00:00.000Z","significanceOfRT":1,"significanceOfRTName":"Start of forecast","productStatus":0,"productStatusName":"Operational products","productType":1,"productTypeName":"Forecast products","productDefinitionTemplate":0,"productDefinitionTemplateName":"Analysis/forecast at horizontal level/layer at a point in time","parameterCategory":2,"parameterCategoryName":"Momentum","parameterNumber":3,"parameterNumberName":"V-component_of_wind","parameterUnit":"m.s-1","genProcessType":2,"genProcessTypeName":"Forecast","forecastTime":0,"surface1Type":103,"surface1TypeName":"Specified height level above ground","surface1Value":10.0,"surface2Type":255,"surface2TypeName":"Missing","surface2Value":0.0,"gridDefinitionTemplate":0,"gridDefinitionTemplateName":"Latitude_Longitude","numberPoints":65160,"shape":6,"shapeName":"Earth spherical with radius of 6,371,229.0 m","gridUnits":"degrees","resolution":48,"winds":"true","scanMode":0,"nx":360,"ny":181,"basicAngle":0,"lo1":0.0,"la1":90.0,"lo2":359.0,"la2":-90.0,"dx":1.0,"dy":1.0}, "data":
[rows 26 to 51 of 181, columns 59 to 117 of 360]
-0.39476317,-1.7847632,-1.0447632,-0.47476318,-0.8147632,-0.9347632,-2.064763,-1.9747632,-1.6647632,-1.3247632,-1.4147632,-2.6347632,-3.5847633,-3.7447631,-5.5347633,-6.194763,-6.484763,-7.184763,-6.564763,-4.564763,-5.924763,-6.174763,-3.6547632,-2.7047632,-3.1847632,-2.6047633,-1.6647632,-0.15476318,-0.84476316,-0.6947632,1.0352368,1.2352368,1.1652368,1.9552368,1.8652368,0.5052368,2.1452367,3.215237,2.2752368,1.6952368,2.7752368,2.9252367,0.045236815,-0.32476318,0.17523682,2.9152367,2.695237,1.4952369,2.0352368,1.6952368,0.8852368,0.9952368,0.7652368,1.8052368,0.39523682,-1.0047631,-1.6047632,-2.7447631,-2.814763
-0.18476318,-0.44476318,-0.3447632,-0.7647632,-0.5447632,0.97523683,-0.8147632,-1.0547632,-1.1147631,-1.4347632,-0.5447632,-1.1347632,-1.7847632,-1.5147632,-2.4747632,-3.5747633,-3.784763,-2.0747633,-2.8447633,-4.194763,-4.3247633,-3.5047631,-2.2547631,-2.2247632,-0.9247632,-1.3847632,-2.2247632,-1.6947632,0.5152368,1.0452368,-0.6847632,-1.3547632,-0.114763185,0.77523685,2.9152367,2.935237,2.685237,2.1152368,2.4952369,3.225237,3.185237,2.6652367,2.0452368,0.32523683,-0.41476318,0.22523682,1.2652369,2.8152368,2.0252368,1.7452369,1.6552368,1.3752369,0.8852368,-0.77476317,-0.8247632,-1.5047631,-2.534763,-2.814763,-1.8647631
1.1252369,0.4652368,1.8852369,1.4152368,1.2052368,1.1152368,-0.58476317,-1.2647632,-1.7747632,-0.53476316,0.17523682,0.07523682,0.13523681,-0.10476318,-0.7447632,-2.8247633,-1.5447632,-1.0247632,-0.8147632,-2.554763,-3.0047631,-2.6447632,-3.2047632,-4.5547633,-2.784763,-3.0947633,0.13523681,1.3252368,0.9952368,0.9952368,0.5152368,-0.26476318,-0.24476318,0.4352368,2.0452368,1.8352368,1.7352368,2.1752367,2.7952368,2.455237,3.5552368,3.3552368,2.6452367,2.725237,1.2552369,0.66523683,-0.22476318,1.5852368,5.055237,0.65523684,-0.32476318,-0.054763183,0.6752368,0.7652368,-1.0247632,-1.7347631,-2.794763,-2.3547633,-1.9447632
-0.21476318,-2.0847633,-2.564763,-1.5947632,-0.9947632,1.9752368,1.7952368,1.0652368,1.0452368,0.6952368,1.1652368,0.0052368166,-0.13476318,0.48523682,-0.044763185,-0.6647632,-1.6947632,-1.4847631,-1.8447632,-1.6147631,-1.6147631,-0.9247632,-2.2147632,-1.4347632,0.39523682,-0.44476318,-1.7547631,0.23523682,1.0252368,0.6052368,-0.45476317,1.0352368,-0.15476318,1.9552368,1.8752369,0.8652368,1.5152369,2.2852368,1.8652368,2.6352367,3.5952368,4.1552367,4.435237,4.1152368,2.8052368,2.5052369,0.4952368,-0.45476317,-0.4047632,0.4652368,1.2952368,-0.4347632,-0.45476317,-0.44476318,-1.3647631,-0.8547632,-1.6647632,-1.6947632,-2.044763
0.4352368,-2.5047631,-0.58476317,1.7052368,1.1952368,2.1252367,3.2652369,2.5252368,2.7852368,2.3952367,1.5552368,1.3952368,1.2052368,1.3852369,1.6452368,-0.47476318,-0.9447632,-1.7847632,-1.6847632,-2.0747633,-1.6447632,-1.1847632,-2.6747632,-2.6347632,-1.2647632,0.24523681,1.0252368,1.2552369,2.1752367,1.4052368,0.4052368,1.2652369,0.45523682,1.6052368,1.3052368,2.1452367,2.205237,2.5852368,2.2752368,3.3052368,3.0652368,3.3852367,3.5552368,2.6252367,2.5652368,1.7952368,1.0052369,-0.014763184,-1.0047631,-0.8247632,-1.0647632,1.1952368,0.8152368,0.8852368,-0.78476316,-1.1947632,-1.0247632,-1.0647632,-1.4247632
-0.3447632,0.30523682,0.8852368,0.35523683,-0.23476319,1.8652368,3.235237,2.0652368,3.185237,1.6552368,1.5952368,2.6652367,1.8252368,1.5252368,2.0452368,0.48523682,-1.0047631,-1.1747632,-1.5047631,-1.8247632,-2.1847632,-1.7547631,-2.1447632,-0.6947632,-0.59476316,-0.33476317,1.6252369,1.4852368,0.055236816,1.0752368,0.16523682,-1.6247631,-1.2047632,-0.96476316,2.1752367,1.7452369,1.9452368,2.2752368,2.0852368,1.7352368,2.5052369,1.6952368,2.8352368,2.7852368,2.0852368,2.2652369,1.1852368,1.5752368,-0.20476319,-0.7647632,-0.44476318,0.4052368,3.1452367,0.78523684,-0.21476318,0.19523682,0.8052368,-0.6747632,-1.1347632
0.59523684,0.33523682,-0.35476318,-0.5047632,-0.4647632,0.5152368,2.3852367,3.3952367,2.1552367,2.435237,1.8352368,2.0052369,1.3452368,2.8352368,2.195237,1.9552368,1.2252368,-0.7947632,-0.77476317,-1.6747632,-2.4447632,-2.7247632,-2.4647632,-1.7647632,0.7052368,0.4352368,1.4152368,1.8352368,1.2252368,1.4752368,1.1052368,0.8552368,0.6952368,1.0952368,1.0952368,1.4452368,1.2152368,1.8452368,2.455237,2.225237,2.2852368,2.2652369,1.3152368,1.7952368,1.2352368,1.2952368,1.2652369,2.455237,0.6852368,-0.45476317,0.4052368,3.4052367,0.08523682,-2.034763,-2.0747633,-0.24476318,-0.8547632,-2.3847632,-2.314763
-0.07476319,-0.7947632,-1.0547632,-1.3547632,-1.8047632,1.9052368,1.8652368,2.9152367,2.5952368,2.6552367,2.5952368,1.6452368,2.8052368,3.2452369,2.5652368,1.8352368,0.8552368,0.52523685,-0.8047632,-0.77476317,-2.6947632,-2.1147633,-0.9347632,-0.4047632,1.3352368,2.485237,2.935237,2.455237,1.9452368,1.9052368,1.8952368,0.7552368,1.8252368,1.4852368,0.97523683,2.195237,0.97523683,0.7952368,0.07523682,2.0852368,1.7152368,1.5552368,0.29523683,0.65523684,0.84523684,0.7952368,2.0352368,2.195237,0.35523683,-0.054763183,-1.1047632,-3.7547631,-2.0947633,-3.054763,-2.7147632,-3.2247632,-1.9447632,-1.8447632,-2.1347632
-0.9947632,-0.6147632,-2.4447632,-3.794763,-3.264763,-0.8547632,1.4052368,2.8452368,3.6352367,2.9952369,3.9152367,2.4952369,1.8452368,1.9752368,3.475237,3.3852367,2.2552369,0.2552368,-0.014763184,0.07523682,0.5452368,0.53523684,0.38523683,0.53523684,-0.47476318,-2.7447631,0.36523682,1.7552369,1.3852369,2.1452367,1.3052368,1.1752368,1.2452369,1.7152368,2.1152368,0.71523684,1.0052369,1.8252368,0.78523684,0.3452368,0.48523682,1.0852368,0.20523682,0.30523682,-0.5047632,0.14523682,0.52523685,-0.014763184,-0.58476317,-3.034763,-1.3547632,5.0252366,1.4152368,-1.6247631,-1.4647632,0.4652368,-1.5147632,-0.09476318,1.9952369
-1.5147632,-2.9247632,-4.184763,-5.234763,-4.424763,-3.3247633,-2.3247633,-0.6147632,2.195237,4.8652368,6.395237,5.145237,3.0152369,5.1152368,4.2152367,3.195237,3.475237,2.1252367,1.7152368,2.215237,0.66523683,-0.024763184,0.0052368166,0.6852368,1.6052368,1.7952368,0.33523682,0.4452368,2.5152369,3.725237,2.2752368,2.3952367,0.9352368,1.9552368,2.7652369,1.1452368,0.17523682,-0.8847632,0.29523683,0.20523682,0.6052368,-0.9247632,-1.6647632,-0.4947632,-2.7547631,-0.9847632,-1.9147632,-2.3647633,-1.6947632,-3.2247632,2.2652369,-0.3747632,2.7952368,0.14523682,3.455237,1.0252368,2.0352368,2.3452368,2.4952369
-2.794763,-2.8347633,-4.674763,-4.5747633,-4.124763,-4.0347633,-2.6147633,-2.064763,0.12523681,3.1452367,3.975237,6.185237,2.8152368,2.225237,2.2452369,0.8652368,2.5752368,2.0652368,2.2852368,2.4052367,0.045236815,-0.96476316,0.16523682,0.095236816,-0.84476316,0.7552368,1.2652369,2.5752368,3.225237,2.4152367,1.8952368,1.9752368,3.5052369,3.3652368,2.3652368,0.96523684,0.8252368,0.8152368,-0.07476319,-0.5547632,-2.2347631,-0.5147632,-0.7347632,-2.304763,-0.4947632,-2.7147632,-3.7547631,-3.4547632,-0.6347632,-2.3447633,6.995237,2.3852367,-0.48476318,2.8152368,1.9852368,2.0352368,1.2152368,1.7452369,2.7952368
-3.0747633,-2.8347633,-3.1247633,-2.9747632,-3.9647632,-3.544763,-2.6947632,-0.5047632,-0.20476319,2.695237,3.6652367,7.035237,5.975237,2.6652367,-0.044763185,-2.8447633,0.055236816,2.1752367,2.7752368,2.0752368,-0.09476318,-0.5147632,-0.20476319,1.1652368,1.0252368,1.2852368,1.5452368,2.685237,2.8052368,1.3052368,1.4352368,3.3152368,0.3152368,1.3252368,-2.6347632,-1.1147631,-0.6347632,-0.3147632,0.8752368,1.4652368,-0.09476318,-0.96476316,-0.6147632,-0.9447632,-2.3447633,-3.0847633,-2.9047632,-3.4447632,0.9252368,3.715237,-0.29476318,-1.3247632,1.7952368,4.495237,1.2852368,2.705237,2.205237,3.2552369,3.3552368
-2.5047631,-2.274763,-2.9447632,-2.8747633,-2.9947631,-3.6947632,-3.5047631,-2.8947632,-0.2847632,3.3552368,6.0052366,7.705237,7.475237,6.725237,4.555237,3.7452369,2.3252368,2.5552368,1.0352368,0.52523685,-1.3447632,0.48523682,-0.7347632,1.6452368,1.4252368,0.24523681,1.7652369,0.6452368,0.08523682,-1.2847632,-0.9247632,-1.6147631,-1.2447631,-2.3947632,-0.4647632,-2.5047631,-1.1447632,-0.9247632,-0.8547632,-0.90476316,-0.3147632,-1.8247632,-0.6447632,0.48523682,-1.3847632,-3.554763,-1.1347632,3.8252368,0.15523681,-1.2547631,1.8952368,2.5952368,1.9552368,0.7552368,1.2652369,8.315237,3.1752367,3.8552368,1.4852368
-2.4447632,-3.1747632,-2.764763,-2.304763,-2.0947633,-2.314763,-1.5447632,-0.6747632,2.8552368,4.745237,8.605237,10.185237,8.075237,5.5252366,5.225237,3.0652368,1.4052368,0.27523682,-0.8847632,-1.5847632,-0.7347632,1.0852368,0.035236817,-1.3047632,-0.12476318,-0.4647632,0.29523683,-0.8247632,0.20523682,-0.8747632,-0.6947632,-0.18476318,-3.9847631,-2.3447633,-0.6447632,-1.6847632,-2.304763,-2.2147632,-1.5547632,-1.6547632,-0.53476316,-1.6247631,-2.1747632,-0.9947632,-2.7147632,-2.514763,-4.0947633,-0.24476318,-5.314763,-1.1947632,0.5552368,-0.6847632,-4.414763,0.45523682,2.8352368,5.835237,4.585237,4.125237,3.3552368
-2.3547633,-2.6347632,-3.1347632,-2.9047632,-2.024763,-2.054763,-2.4247632,-1.0347632,4.335237,4.345237,7.845237,7.725237,7.2352366,7.105237,5.995237,4.725237,2.8852367,1.4652368,-0.24476318,-2.0747633,-2.3547633,-2.2147632,2.1652367,-2.7047632,-2.2147632,1.1652368,1.3152368,-1.6347632,-1.1647632,-2.0847633,1.2152368,0.6252368,-2.314763,-2.3347633,-2.6247633,-1.5447632,-0.9247632,0.24523681,-0.15476318,-1.5847632,-0.42476317,-0.6847632,1.1952368,-0.6447632,-1.2447631,-1.7147632,-0.36476317,-2.544763,-5.154763,1.3452368,-2.4447632,-3.5047631,1.1952368,3.735237,4.125237,5.165237,3.455237,-0.42476317,1.9452368
-4.2847633,-4.334763,-4.184763,-3.1447632,-3.044763,-1.4047632,2.725237,4.095237,4.345237,4.6152368,5.055237,4.395237,3.6352367,3.0652368,2.945237,2.7952368,1.3952368,0.4652368,0.27523682,0.52523685,-0.6347632,-1.1847632,-2.8347633,-3.3447633,-5.334763,-6.024763,-4.714763,-2.9847631,1.3352368,0.22523682,-1.0147632,0.4952368,-0.5147632,-3.8347633,-3.024763,-0.6247632,1.2652369,-0.39476317,-0.77476317,2.2952368,-0.3147632,0.8052368,-2.3447633,-2.8747633,-2.9747632,-4.2247634,-0.6947632,-5.4547634,-2.1447632,-2.0847633,-3.1347632,3.5652368,2.8752367,2.7752368,4.9852366,5.055237,2.5452368,-1.8147632,1.6852368
-4.024763,-3.284763,-3.4847631,-2.8247633,-0.59476316,3.7852368,4.165237,6.475237,4.7152367,5.975237,4.535237,3.0652368,3.8952367,4.035237,4.2552366,3.3052368,1.7052368,1.1252369,1.4652368,-0.9547632,-0.014763184,0.24523681,-1.8147632,-2.8747633,-5.674763,-0.0047631836,-1.2547631,0.5452368,-1.0647632,1.2352368,3.3352368,3.4952369,1.7552369,1.0652368,-1.6347632,-4.144763,-2.6447632,-1.8647631,-2.1947632,-2.0047631,-0.7647632,-1.5047631,-1.0147632,-3.6447632,-3.3447633,-2.7347631,-5.234763,-4.894763,-3.0047631,2.3852367,2.8952367,3.3452368,2.725237,3.1152368,0.21523681,3.5152369,2.2752368,0.6952368,-0.58476317
-3.0847633,-2.044763,0.52523685,3.715237,3.6152368,3.5452368,4.9652367,4.725237,2.9252367,2.0152369,-0.21476318,1.2152368,2.705237,4.075237,4.125237,3.1252367,3.705237,2.3652368,2.3752367,2.9952369,1.4252368,-0.5647632,-1.5247632,2.1452367,-5.374763,-5.9747634,-6.104763,0.6352368,-0.8247632,-5.444763,-5.8647633,-1.9547632,3.0652368,-3.3747633,-1.1647632,-3.5747633,-4.424763,0.14523682,1.0152369,2.5352368,3.5352368,0.6052368,-0.8547632,-2.1047633,-4.124763,-3.2247632,-5.0747633,-4.2247634,-1.2147632,2.5452368,3.1552367,4.4452367,1.5152369,0.19523682,0.52523685,1.9252368,1.1952368,-0.5747632,-0.58476317
1.3852369,5.205237,3.1652367,1.2352368,1.5352368,3.5552368,3.3852367,2.235237,0.8152368,-0.6247632,-2.3547633,-0.59476316,-0.16476318,1.4352368,3.7552369,-3.4047632,0.8652368,0.9252368,0.08523682,-0.36476317,-1.5247632,-1.7247632,-4.084763,-1.8547632,-5.214763,-5.894763,-5.354763,-3.8547633,1.6052368,-0.054763183,-2.6347632,-5.334763,-4.0147634,-0.90476316,2.8552368,-3.264763,-3.6347632,-2.054763,2.5752368,1.0852368,2.0852368,4.2552366,4.955237,5.8652368,-3.8947632,-4.694763,-5.274763,-4.084763,-2.554763,4.205237,5.3652368,6.305237,0.8552368,-1.4547632,-0.7047632,-1.8847632,-2.0847633,0.4952368,-0.9547632
3.475237,1.9552368,1.0552368,-0.4047632,1.6252369,0.4652368,-1.8947632,-1.0547632,-2.044763,-3.4647632,-2.0847633,-1.0647632,-0.96476316,0.9352368,0.5152368,0.5552368,1.6952368,-1.6347632,-1.3847632,-2.7447631,-2.9547632,-4.164763,0.9352368,2.0952368,-2.534763,0.6452368,0.14523682,-7.7647634,-3.8647633,-0.8747632,-1.0447632,-0.84476316,-3.2047632,-6.5947633,-5.734763,-5.0547633,2.5452368,-0.3747632,8.675237,2.0552368,3.7552369,6.0452366,-0.3447632,0.77523685,-0.77476317,-3.0047631,-4.144763,-3.4847631,2.945237,4.915237,6.595237,4.825237,2.975237,-0.20476319,-3.4247632,-3.8847632,-1.9747632,-0.45476317,-0.6347632
1.9452368,1.3752369,-1.0147632,0.7652368,-1.3647631,-2.9547632,-4.3847632,-5.124763,-4.904763,-4.9547634,-2.8647633,-1.8147632,-1.8947632,-1.2647632,-2.2047632,-1.2147632,-0.6447632,-1.3947632,-4.2447634,-2.1947632,4.4252367,-0.8547632,0.7952368,0.78523684,2.2852368,1.9052368,-4.894763,-4.3047633,-4.314763,-2.804763,-7.0147634,-4.164763,-4.3647633,-4.914763,-4.444763,-5.434763,-5.714763,-1.3947632,0.77523685,2.1452367,4.835237,9.325237,4.3652368,1.0052369,-3.8447633,-4.174763,-2.7347631,-1.1547632,-0.35476318,3.4152367,3.4252367,1.7352368,2.685237,-1.7647632,0.13523681,-2.6447632,-2.6147633,-4.694763,-3.514763
0.4052368,-0.47476318,-1.7947632,-3.564763,-5.464763,-6.064763,-6.464763,-7.424763,-5.7847633,-6.5747633,-5.904763,-3.8647633,-3.9947631,-1.6847632,-1.3847632,-2.1947632,0.59523684,-2.544763,-2.9347632,1.3352368,-1.0847632,-1.8547632,-0.59476316,-1.9447632,-3.7447631,-2.6147633,-3.264763,-0.2547632,-1.0347632,-15.284763,3.3652368,-0.6747632,-8.634763,-14.864763,-0.8247632,-2.9647632,-2.9247632,-5.334763,-3.9747632,-4.234763,-7.4547634,-7.064763,-1.2747632,4.4052367,0.14523682,1.6552368,2.0952368,2.2652369,3.5552368,2.465237,5.055237,3.9252367,1.9352368,-3.014763,-0.23476319,-2.544763,-4.004763,-1.4647632,-3.4447632
-0.6247632,-1.9747632,-4.774763,-6.484763,-6.564763,-6.834763,-7.694763,-8.034763,-8.264763,-5.584763,-1.0347632,-2.8447633,2.195237,2.445237,3.6152368,-0.3047632,0.035236817,-0.16476318,-3.274763,-2.264763,-0.7947632,-3.5047631,0.84523684,5.605237,-1.6347632,2.1252367,6.0252366,3.6052368,-1.2947632,-3.3547633,-9.964764,2.9052367,1.7852368,-12.1247635,-5.044763,2.8352368,-7.0747633,-7.684763,-6.0747633,-5.4747634,-4.3047633,-1.9547632,-5.944763,1.1052368,1.3952368,5.1952367,5.6552367,2.195237,0.7952368,4.6552367,4.725237,2.985237,-1.9747632,-4.0747633,-4.814763,-3.7347631,-1.0347632,-3.1547632,0.38523683
-1.8847632,-3.7247632,-5.7247634,-6.674763,-7.274763,-7.814763,-9.004764,-7.2247634,-3.3247633,-0.024763184,1.6852368,0.84523684,0.8052368,-0.22476318,-1.5647632,-1.8047632,-2.6047633,-2.9647632,-1.9247632,-1.0347632,-0.2747632,-0.044763185,1.3352368,-3.034763,-3.044763,0.7452368,5.285237,7.5452366,6.2352366,5.5052366,2.8552368,-1.9147632,-6.874763,-5.9947634,-7.434763,-9.034763,1.6752368,0.0052368166,-0.48476318,-6.144763,-4.424763,-4.774763,-2.9147632,3.0952368,2.8652368,2.5952368,4.085237,4.085237,2.7852368,3.0152369,1.2852368,1.8452368,1.0752368,-0.12476318,-4.654763,0.4652368,3.0752368,4.7152367,5.995237
-2.9347632,-4.734763,-5.084763,-5.8047633,-7.624763,-9.704763,-11.754764,-4.414763,-3.1447632,-2.7547631,-2.534763,-3.4147632,-3.7247632,-3.9447632,-2.6047633,1.7852368,1.2252368,0.8352368,3.2452369,3.4952369,1.0452368,-0.26476318,-2.9847631,-2.064763,-3.6447632,-1.4847631,-1.3847632,1.4252368,1.1352369,-2.814763,-6.484763,-9.804763,-1.3247632,-2.024763,2.5552368,-0.8247632,-3.4147632,-3.1047633,-1.9747632,-1.5147632,-3.034763,-0.8947632,-0.29476318,2.945237,4.3652368,4.035237,4.055237,0.0052368166,-1.0647632,4.065237,2.0452368,-0.7947632,-1.6947632,-0.77476317,0.3752368,-0.65476316,1.6952368,4.185237,4.8852367
-2.7047632,-3.8647633,-5.104763,-6.5347633,-9.594763,-11.264763,-8.364763,0.77523685,-2.024763,0.6952368,1.9352368,1.6652368,-1.8647631,-0.78476316,-0.9247632,-2.2147632,-1.6347632,-2.4647632,0.5752368,-2.1847632,0.2852368,0.8852368,-1.1947632,-2.6347632,-3.6147633,-3.6647632,-3.1047633,4.7552366,-0.90476316,-4.774763,-1.9347632,-2.8347633,-4.234763,-3.6047633,-6.3847632,-3.4647632,-2.1047633,-2.4047632,1.0952368,-0.4647632,1.5352368,-1.9047632,-1.1347632,0.9252368,3.2852368,4.6152368,4.335237,-0.7647632,1.6352369,4.5252366,2.2452369,0.3152368,-0.32476318,-2.044763,-2.524763,2.8252368,3.0152369,3.7652369,2.7952368
