json-data/2022072800.json
{"header": {"discipline":0,"disciplineName":"Meteorological products","gribEdition":2,"gribLength":79206,"center":7,"centerName":"US National Weather Service - NCEP(WMC)","subcenter":0,"refTime":"2022-07-28T00:00:00.000Z","significanceOfRT":1,"significanceOfRTName":"Start of forecast","productStatus":0,"productStatusName":"Operational products","productType":1,"productTypeName":"Forecast products","productDefinitionTemplate":0,"productDefinitionTemplateName":"Analysis/forecast at horizontal level/layer at a point in time","parameterCategory":2,"parameterCategoryName":"Momentum","parameterNumber":2,"parameterNumberName":"U-component_of_wind","parameterUnit":"m.s-1","genProcessType":2,"genProcessTypeName":"Forecast","forecastTime":0,"surface1Type":103,"surface1TypeName":"Specified height level above ground","surface1Value":10.0,"surface2Type":255,"surface2TypeName":"Missing","surface2Value":0.0,"gridDefinitionTemplate":0,"gridDefinitionTemplateName":"Latitude_Longitude","numberPoints":65160,"shape":6,"shapeName":"Earth spherical with radius of 6,371,229.0 m","gridUnits":"degrees","resolution":48,"winds":"true","scanMode":0,"nx":360,"ny":181,"basicAngle":0,"lo1":0.0,"la1":90.0,"lo2":359.0,"la2":-90.0,"dx":1.0,"dy":1.0}, "data":
[rows 104 to 129 of 181, columns 232 to 289 of 360]
-9.071674,-8.981675,-9.351675,-9.481675,-9.541675,-9.111675,-8.611675,-9.701674,-10.641675,-10.031674,-10.291675,-11.271675,-11.201674,-10.691675,-10.381675,-10.341675,-10.1616745,-9.951674,-9.401675,-9.321674,-8.751675,-8.611675,-8.431675,-8.551675,-7.1516747,-6.8316746,-7.031675,-7.661675,-9.281674,-9.861675,-9.371675,-8.461675,-8.741674,-8.821674,-9.051675,-8.981675,-8.861675,-8.861675,-8.601675,-7.701675,-7.801675,-8.641675,-9.241674,-8.761675,-7.931675,-7.8316746,-7.181675,-6.861675,-6.7316747,-6.931675,-6.221675,-4.7716746,0.74832517,-1.0116748,-0.13167481,-1.5016748,1.4283252,-1.5316749
-8.4116745,-8.981675,-8.811675,-8.541675,-9.231675,-9.591675,-9.551675,-10.171675,-10.191675,-10.131675,-10.621675,-10.861675,-10.841675,-10.811675,-10.641675,-9.811675,-9.361675,-9.511675,-9.451674,-9.511675,-8.871675,-8.441675,-7.951675,-7.8116746,-6.361675,-8.191675,-7.8116746,-7.861675,-7.7916746,-7.891675,-7.6516747,-7.701675,-7.661675,-8.091675,-8.771675,-9.511675,-9.211675,-8.851675,-9.171675,-8.431675,-8.181675,-8.611675,-9.061675,-8.951674,-8.081675,-8.121675,-7.491675,-6.9416747,-7.111675,-7.241675,-6.7716746,-6.681675,-7.2116747,-0.21167481,-1.3416748,1.3383251,-1.0216748,-2.5616748
-7.761675,-8.271675,-8.251675,-9.541675,-8.821674,-8.951674,-10.291675,-10.221675,-10.211675,-10.021675,-10.211675,-10.151675,-10.531674,-10.1616745,-10.351675,-10.021675,-10.011675,-9.771675,-9.711675,-9.361675,-9.041675,-8.241674,-7.4416747,-6.601675,-6.1716747,-5.5016747,-5.391675,-6.6516747,-7.6716747,-8.081675,-7.631675,-7.7716746,-7.761675,-6.951675,-8.211675,-9.381675,-9.461675,-9.561675,-9.441675,-9.4116745,-9.341675,-9.231675,-9.081675,-9.271675,-8.671675,-8.291675,-7.5016747,-7.591675,-7.201675,-7.601675,-7.3116746,-7.381675,-6.5016747,-6.031675,-2.1616747,-0.1916748,-0.4916748,-0.051674806
-10.061675,-9.631675,-8.711675,-9.141675,-9.321674,-9.011675,-9.941675,-9.621675,-9.561675,-9.691675,-9.991674,-10.331675,-10.541675,-10.631675,-10.601675,-10.521675,-10.281674,-9.781674,-9.871675,-9.691675,-9.251675,-8.971675,-8.021675,-7.591675,-6.701675,-5.851675,-5.1516747,-7.491675,-7.971675,-8.811675,-7.9616747,-7.531675,-6.821675,-7.571675,-8.261675,-9.321674,-9.041675,-9.281674,-9.021675,-9.261675,-9.141675,-8.801675,-8.781674,-9.151675,-7.9816747,-8.751675,-8.201674,-7.391675,-7.111675,-7.741675,-7.3316746,-7.871675,-6.7716746,-6.6716747,-5.681675,-5.111675,-2.3216748,-1.0716748
-9.491674,-8.921675,-8.711675,-8.741674,-9.231675,-8.981675,-9.171675,-8.971675,-8.541675,-9.731675,-10.111675,-10.351675,-10.711675,-10.701674,-10.861675,-9.861675,-8.781674,-9.171675,-9.841675,-9.971675,-9.951674,-9.9116745,-9.061675,-8.761675,-9.241674,-9.921675,-8.781674,-8.131675,-6.9016747,-7.4216747,-7.411675,-7.4216747,-7.911675,-7.261675,-9.541675,-10.361675,-10.791675,-10.341675,-10.081675,-10.231675,-9.931675,-9.221675,-8.141675,-7.7916746,-8.491674,-8.111675,-8.191675,-8.431675,-7.7916746,-8.031674,-7.221675,-7.261675,-7.7916746,-6.451675,-5.4616747,-4.1916747,-3.3516748,-1.7716748
-9.881675,-8.781674,-8.811675,-8.301675,-8.171675,-8.6616745,-8.841675,-8.6616745,-8.261675,-10.371675,-10.211675,-10.401675,-11.041675,-10.671675,-10.461675,-8.671675,-8.271675,-8.871675,-9.711675,-9.841675,-10.501675,-10.591675,-10.581675,-10.121675,-10.291675,-10.041675,-9.341675,-8.951674,-6.7916746,-7.8116746,-8.481675,-7.8116746,-8.501675,-8.521675,-9.151675,-10.141675,-10.081675,-9.441675,-9.901675,-9.531674,-9.091675,-8.461675,-7.801675,-7.4016747,-7.611675,-7.2516747,-7.241675,-6.701675,-6.7316747,-6.9816747,-7.661675,-7.0216746,-7.1516747,-7.381675,-5.721675,-4.511675,-2.4416747,-0.5416748
-9.121675,-9.391675,-8.441675,-8.121675,-7.9816747,-8.231675,-8.281674,-8.541675,-9.471675,-10.551675,-10.401675,-10.591675,-11.141675,-10.621675,-10.771675,-9.791675,-9.811675,-10.811675,-11.781674,-11.881675,-11.831675,-11.351675,-11.201674,-10.951674,-10.881675,-11.371675,-9.561675,-9.981675,-10.581675,-11.041675,-11.871675,-11.141675,-11.231675,-10.791675,-10.441675,-10.151675,-9.981675,-9.371675,-9.071674,-9.281674,-9.211675,-8.841675,-8.091675,-7.5416746,-6.991675,-6.8116746,-6.841675,-6.411675,-6.011675,-5.131675,-5.5016747,-6.4216747,-6.1516747,-5.8316746,-5.341675,-3.7716749,-2.3316748,-0.9216748
-9.111675,-8.311675,-8.111675,-7.721675,-7.2516747,-8.061675,-8.181675,-7.7316747,-9.701674,-10.231675,-10.541675,-10.601675,-10.4116745,-9.851675,-11.1616745,-10.231675,-11.341675,-12.551675,-12.391675,-12.211675,-11.841675,-11.4116745,-11.261675,-10.361675,-10.331675,-11.281674,-10.841675,-10.421675,-10.851675,-11.091675,-8.371675,-10.4116745,-9.971675,-10.361675,-10.031674,-10.501675,-10.301675,-10.251675,-10.011675,-10.271675,-9.861675,-9.301675,-8.611675,-7.641675,-7.551675,-6.991675,-6.011675,-6.201675,-5.971675,-5.9616747,-5.5816746,-5.0616746,-4.1916747,-4.4416747,-4.1916747,-2.501675,-2.501675,-0.2616748
-8.251675,-8.241674,-7.3116746,-7.841675,-7.611675,-7.381675,-8.091675,-7.301675,-9.721675,-9.641675,-9.871675,-10.861675,-9.781674,-9.331675,-10.751675,-10.891675,-11.151675,-11.851675,-11.611675,-11.181675,-11.291675,-10.071674,-11.221675,-10.491674,-10.011675,-10.971675,-10.691675,-10.291675,-9.651675,-10.081675,-9.581675,-10.341675,-9.621675,-9.761675,-8.961675,-8.591675,-8.981675,-8.9116745,-8.841675,-8.791675,-8.611675,-8.251675,-8.241674,-7.181675,-7.2916746,-7.141675,-6.131675,-6.241675,-6.051675,-5.7116747,-5.471675,-4.991675,-4.491675,-3.261675,-2.0416749,-0.9116748,-0.7016748,-0.051674806
-7.621675,-7.881675,-6.9016747,-7.341675,-7.411675,-6.601675,-6.7516747,-7.741675,-9.1616745,-9.041675,-9.731675,-10.321674,-9.421675,-11.241674,-10.231675,-11.091675,-9.901675,-10.841675,-10.341675,-11.131675,-12.501675,-10.861675,-11.381675,-10.931675,-10.121675,-10.191675,-11.301675,-10.691675,-9.931675,-9.071674,-9.061675,-8.961675,-9.111675,-9.971675,-10.101675,-8.751675,-8.751675,-8.321674,-8.461675,-8.361675,-8.351675,-8.061675,-7.351675,-6.631675,-6.031675,-6.011675,-6.2116747,-5.6916747,-5.1916747,-4.701675,-4.781675,-4.371675,-3.6016748,-3.2016747,-1.8016748,-0.6316748,0.058325194,0.1383252
-6.201675,-6.9016747,-6.621675,-5.4616747,-5.9416747,-5.741675,-6.9416747,-6.681675,-7.701675,-8.441675,-9.711675,-10.051675,-9.541675,-9.481675,-9.951674,-10.391675,-8.961675,-9.381675,-10.191675,-11.261675,-12.201674,-11.831675,-12.461675,-11.841675,-11.071674,-9.691675,-10.101675,-9.831675,-8.711675,-8.991674,-8.511675,-8.781674,-8.711675,-8.391675,-8.711675,-8.501675,-7.9816747,-7.5216746,-8.091675,-7.641675,-7.931675,-7.2516747,-7.391675,-6.7916746,-6.281675,-5.741675,-5.141675,-4.451675,-4.2516747,-4.201675,-3.731675,-3.4316747,-2.7816749,-1.8316748,-1.0516748,-0.3216748,0.3483252,1.0883251
-5.261675,-5.5016747,-5.661675,-5.341675,-5.051675,-4.681675,-5.301675,-5.871675,-7.091675,-7.361675,-8.771675,-9.531674,-9.121675,-8.311675,-10.301675,-9.671675,-9.211675,-9.321674,-9.061675,-11.871675,-11.321674,-11.531674,-11.171675,-10.341675,-10.141675,-10.391675,-9.741674,-10.341675,-9.941675,-9.081675,-8.851675,-9.461675,-9.041675,-9.041675,-8.011675,-8.081675,-7.6716747,-7.261675,-7.0416746,-6.971675,-6.841675,-7.031675,-6.5016747,-5.9216747,-5.141675,-4.841675,-4.4016747,-3.5816748,-3.2116747,-2.6616747,-2.4216747,-2.1816747,-1.6716748,-1.2916749,-0.4016748,0.018325195,0.9083252,1.9583251
-1.2916749,-4.471675,-4.0016747,-4.741675,-4.301675,-4.551675,-4.7316747,-4.181675,-5.6916747,-6.9416747,-7.821675,-7.8116746,-8.531674,-8.791675,-9.681675,-8.601675,-8.041675,-9.341675,-9.181675,-10.421675,-10.211675,-9.551675,-10.491674,-10.051675,-10.881675,-9.801675,-9.981675,-8.9116745,-8.891675,-9.321674,-8.531674,-7.6916747,-7.7916746,-7.4416747,-6.611675,-7.881675,-7.871675,-7.1516747,-6.881675,-5.6916747,-6.091675,-5.391675,-5.011675,-4.641675,-3.7716749,-3.0916748,-1.9616748,-1.4916748,-1.5716748,-1.4816748,-0.9016748,-0.8416748,-0.9316748,-0.6516748,-0.39167482,0.4183252,1.6083252,1.4283252
0.22832519,-1.9816748,-3.9116747,-3.0216749,-2.7816749,-3.4016747,-3.6016748,-3.511675,-4.601675,-6.221675,-7.2116747,-6.761675,-7.141675,-7.361675,-7.8316746,-7.911675,-7.3116746,-8.831675,-7.991675,-9.521675,-8.371675,-8.681675,-9.721675,-9.451674,-8.501675,-9.321674,-8.891675,-9.331675,-8.321674,-9.371675,-6.7516747,-8.111675,-7.801675,-6.9416747,-6.621675,-6.321675,-5.9416747,-5.571675,-4.8316746,-4.511675,-4.7716746,-4.3116746,-3.721675,-3.0216749,-2.251675,-1.8916748,-0.81167483,-0.041674804,0.29832518,0.1283252,-0.11167481,-0.041674804,0.22832519,0.048325196,0.35832518,0.6183252,2.3983252,2.9583251
-3.9016747,2.6183252,0.1983252,-0.8916748,-1.3516748,-1.9116749,-2.491675,-2.3216748,-2.2816749,-4.3116746,-5.641675,-6.5816746,-5.371675,-4.491675,-7.431675,-7.321675,-6.491675,-7.621675,-6.8316746,-8.311675,-8.281674,-8.461675,-7.631675,-9.521675,-8.261675,-8.711675,-8.131675,-7.7716746,-7.321675,-7.2316747,-7.3116746,-7.3316746,-7.951675,-7.801675,-6.6716747,-7.551675,-4.9616747,-5.5816746,-5.0616746,-3.991675,-3.6716747,-3.5616748,-2.6216748,-2.0316749,-0.8416748,-0.6216748,-0.4716748,0.38832518,0.20832519,1.2683252,1.1383252,0.7283252,0.17832519,0.8283252,0.6783252,0.8783252,2.9783251,1.5683252
-2.231675,-1.3316748,-0.7916748,0.14832519,-1.1016748,-0.42167482,-0.4916748,-1.2816749,-0.7716748,-1.8016748,-3.8016748,-4.2916746,-3.971675,-4.261675,-5.471675,-5.451675,-5.3116746,-5.891675,-5.471675,-7.1516747,-7.111675,-7.411675,-7.9216747,-6.911675,-7.591675,-7.381675,-7.411675,-6.601675,-5.971675,-6.4216747,-6.801675,-6.2116747,-6.621675,-7.611675,-7.071675,-6.7316747,-5.8116746,-5.661675,-6.031675,-5.7516747,-4.9216747,-4.7716746,-3.6516747,-2.501675,-2.261675,-0.39167482,0.6383252,1.2383252,2.0683253,2.3183253,2.5783253,2.508325,1.7183251,0.7283252,0.9883252,0.8083252,1.5383252,0.9283252
-2.5716748,-2.501675,-0.2816748,-1.2616748,1.2283252,1.0883251,0.8883252,1.1283252,0.9183252,0.4683252,-1.8616748,-2.5316749,-2.741675,-1.6816748,-3.4516747,-4.2716746,-4.0216746,-5.141675,-4.6516747,-5.0616746,-5.681675,-6.5216746,-6.5016747,-6.491675,-6.701675,-6.7716746,-6.611675,-6.6716747,-5.511675,-4.991675,-5.101675,-5.051675,-6.3116746,-6.321675,-6.141675,-5.571675,-5.2316747,-5.2116747,-5.431675,-4.761675,-3.5516748,-2.5216749,-2.1916747,-0.9816748,-0.39167482,0.4783252,1.0983253,1.7383252,2.2183251,2.4083252,2.4783251,2.8483253,3.4383252,2.3483253,1.0383252,0.8883252,2.2183251,1.2283252
-0.5316748,-1.8416748,-0.9616748,-0.9616748,-0.56167483,-1.9916748,1.5983253,2.1683252,3.1383252,2.6183252,1.6383252,-0.5316748,-1.1816748,-0.8216748,-1.7416748,-2.231675,-3.001675,-2.481675,-1.9816748,-4.131675,-6.031675,-4.951675,-5.2116747,-5.451675,-5.911675,-5.051675,-5.4216747,-5.181675,-4.881675,-4.3116746,-4.5416746,-4.3116746,-5.121675,-3.491675,-7.5416746,-5.5216746,-4.641675,-3.471675,-4.4616747,-3.9516747,-4.0016747,-3.991675,-4.181675,-2.721675,-1.5616748,0.088325195,0.7283252,1.4883252,2.4183252,2.7983253,3.5383253,3.778325,2.9683251,2.998325,1.9783252,1.0083252,0.4883252,0.8483252
0.1283252,1.1983252,0.6783252,1.5183252,2.4083252,1.2483252,0.1083252,4.318325,3.5983253,3.9683251,3.4083252,2.4683251,-0.6016748,-0.041674804,0.8083252,0.3183252,-1.4116749,-1.5116748,-1.1816748,-0.5216748,-2.8816748,-3.1216748,-3.6616747,-4.621675,-5.4016747,-5.1916747,-4.571675,-4.741675,-5.011675,-5.4816747,-4.9016747,-4.181675,-4.891675,-5.101675,-4.5216746,-4.7716746,-3.1316748,-3.241675,-3.0916748,-3.7116747,-3.0816748,-2.1816747,-1.8716748,-0.5716748,-0.2316748,0.3483252,2.1983252,2.9583251,3.3583252,4.7483253,5.1883254,4.9783254,3.8383253,3.6383252,2.238325,1.0583252,1.0883251,0.4283252
2.4383252,0.9583252,0.118325196,1.0283252,1.9083252,4.118325,2.6583252,2.248325,2.748325,4.388325,2.738325,2.8983252,1.9183252,0.5583252,1.7083251,1.7583252,0.0783252,-1.2916749,1.9883252,0.29832518,-0.56167483,-0.7016748,-2.261675,-3.0216749,-3.471675,-4.161675,-4.391675,-4.471675,-5.0816746,-5.601675,-4.4616747,-4.6516747,-2.481675,-4.4816747,-5.471675,-3.6916747,-3.4116747,-3.2016747,-2.2716749,-2.241675,-2.3816748,-1.4216748,-1.1916748,-0.3516748,0.4283252,1.0883251,1.8983252,3.0683253,4.0983253,5.138325,6.2883253,6.048325,4.9383254,3.4583251,2.1783252,0.8483252,1.6783252,0.8283252
3.1583252,3.3083253,3.1183252,3.778325,2.1383252,2.3083253,3.8583252,2.5883253,3.4083252,3.3683252,4.3283253,3.9783251,3.1683252,3.0483253,3.0683253,2.5883253,1.1983252,-1.1916748,2.9183252,1.8083252,2.5483253,1.1983252,-0.1416748,-1.2716748,-2.0216749,-2.8016748,-3.1516747,-3.3816748,-4.2916746,-4.5616746,-2.6916747,-3.9016747,-2.3216748,-3.8216748,-3.4116747,-3.5416749,-3.1516747,-2.721675,-2.0816748,-2.9516747,-1.8416748,-1.4916748,-1.2716748,-0.2216748,0.018325195,0.8183252,2.0483253,2.7183251,3.8783252,4.988325,6.3483253,6.888325,6.158325,4.128325,1.9983252,-0.1716748,1.8383251,-0.4116748
5.138325,5.618325,5.2483253,5.7083254,5.0983253,3.8783252,4.2483253,3.0983253,4.568325,2.1283252,2.0483253,5.318325,3.518325,5.008325,3.6583252,4.648325,2.6483252,1.5983253,0.8083252,3.758325,4.0183253,2.6583252,1.9783252,1.6983252,0.29832518,-0.5316748,-1.4516748,-1.9016747,-1.4516748,-2.7116747,-2.8616748,-1.8216748,-2.6016748,-2.731675,-1.8416748,-2.6216748,-2.7716749,-2.4016747,-2.1516747,-2.3916748,-1.0816748,-1.1816748,-0.9216748,-0.6916748,0.028325194,-1.0916748,0.7383252,2.518325,4.878325,4.318325,5.7883253,6.048325,5.028325,1.7583252,0.6183252,-0.9516748,-0.1616748,-1.8016748
6.3083253,6.548325,6.928325,6.7683253,7.028325,5.7283254,4.678325,5.048325,4.238325,5.7883253,5.068325,4.1883254,5.8083253,4.678325,5.338325,5.888325,5.298325,3.7983253,3.1883252,2.998325,4.088325,5.448325,4.148325,4.388325,2.9483252,2.4183252,0.6583252,-0.1616748,-0.4116748,-0.2316748,-1.0616748,-0.9016748,-0.8516748,-0.75167483,-1.6716748,-1.4816748,-1.7616748,-1.6916748,-1.6216748,-1.2316748,-0.7616748,-0.9916748,-1.8116748,0.4183252,-0.1016748,-1.0716748,0.4683252,0.9883252,1.9583251,1.9183252,3.988325,3.1883252,0.6483252,-1.5516748,-0.6716748,-2.1616747,0.048325196,-1.4316748
6.608325,7.368325,7.378325,7.928325,8.188325,7.9583254,6.548325,5.7083254,5.5383253,4.5183253,5.988325,7.2883253,6.9183254,5.6683254,7.068325,6.968325,5.568325,6.278325,5.368325,4.5183253,4.398325,5.3283253,5.718325,6.648325,6.118325,5.048325,3.5783253,3.4083252,2.4583251,1.9683251,1.3983252,1.7283252,1.6583252,1.5683252,-0.2916748,-0.81167483,-0.4416748,-0.08167481,-0.3816748,-0.5416748,-0.6716748,-0.7616748,-0.9116748,-0.6316748,0.008325195,-0.6416748,0.038325194,0.4883252,0.29832518,-1.1216748,-0.9916748,-4.5616746,-4.5016747,-3.3616748,-2.8416748,-0.6716748,-2.3916748,3.0383253
5.2283254,7.488325,7.678325,7.4983253,8.168325,8.368325,8.628325,8.618325,7.238325,7.528325,7.798325,9.278325,8.098325,7.1683254,7.4783254,7.6883254,7.488325,6.6683254,6.968325,6.118325,5.548325,6.0383253,6.0383253,5.878325,7.948325,7.7883253,7.0583253,5.988325,5.338325,5.2283254,4.7083254,4.258325,3.5783253,3.9683251,3.1683252,1.6983252,1.3883252,0.68832517,0.5883252,0.4883252,-0.031674806,-0.4916748,-1.1816748,-0.7016748,-0.13167481,-0.4916748,-0.5916748,-0.42167482,-1.3316748,-1.4816748,-3.261675,-4.5216746,-4.121675,-3.3916748,-3.8716748,0.1883252,-1.3416748,4.698325
8.508326,7.888325,7.548325,8.408325,8.428326,8.848325,9.078325,9.298326,8.548326,8.678326,8.238325,8.818325,8.988325,8.208325,8.278325,8.698325,8.258326,8.108325,8.208325,7.988325,7.658325,6.9383254,7.3483253,6.8083253,6.8083253,8.468326,9.318325,8.628325,8.308325,7.5183253,7.0383253,6.948325,5.878325,5.638325,5.3083253,4.2083254,3.3883252,2.4783251,2.0383253,2.1383252,1.5383252,0.5983252,0.14832519,-0.24167481,-0.50167483,-0.21167481,0.058325194,-1.2516748,-1.7716748,-2.6616747,-3.7816749,-6.0216746,-6.8316746,-5.091675,-2.7016747,-0.121674806,-1.0016748,2.268325
