json-data/2022072300.json
{"header": {"discipline":0,"disciplineName":"Meteorological products","gribEdition":2,"gribLength":78771,"center":7,"centerName":"US National Weather Service - NCEP(WMC)","subcenter":0,"refTime":"2022-07-23T00:00:00.000Z","significanceOfRT":1,"significanceOfRTName":"Start of forecast","productStatus":0,"productStatusName":"Operational products","productType":1,"productTypeName":"Forecast products","productDefinitionTemplate":0,"productDefinitionTemplateName":"Analysis/forecast at horizontal level/layer at a point in time","parameterCategory":2,"parameterCategoryName":"Momentum","parameterNumber":3,"parameterNumberName":"V-component_of_wind","parameterUnit":"m.s-1","genProcessType":2,"genProcessTypeName":"Forecast","forecastTime":0,"surface1Type":103,"surface1TypeName":"Specified height level above ground","surface1Value":10.0,"surface2Type":255,"surface2TypeName":"Missing","surface2Value":0.0,"gridDefinitionTemplate":0,"gridDefinitionTemplateName":"Latitude_Longitude","numberPoints":65160,"shape":6,"shapeName":"Earth spherical with radius of 6,371,229.0 m","gridUnits":"degrees","resolution":48,"winds":"true","scanMode":0,"nx":360,"ny":181,"basicAngle":0,"lo1":0.0,"la1":90.0,"lo2":359.0,"la2":-90.0,"dx":1.0,"dy":1.0}, "data":
[rows 0 to 25 of 181, columns 0 to 58 of 360]
3.3600097,3.4400098,3.5100098,3.5800097,3.6600099,3.7300098,3.8000097,3.8700097,3.9400098,4.0000095,4.0700097,4.1300097,4.20001,4.26001,4.3200097,4.3800097,4.4400096,4.49001,4.5500097,4.60001,4.6500096,4.70001,4.7500095,4.8000097,4.85001,4.89001,4.9400096,4.9800096,5.02001,5.06001,5.10001,5.1300097,5.1700096,5.20001,5.2300096,5.26001,5.29001,5.3200097,5.3400097,5.3600097,5.39001,5.41001,5.4200096,5.4400096,5.4600096,5.47001,5.4800096,5.49001,5.5000095,5.51001,5.51001,5.51001,5.51001,5.51001,5.51001,5.51001,5.5000095,5.5000095,5.49001
2.7500098,2.8200097,2.8800097,2.9400098,3.0000098,3.0600097,3.1200097,3.1800098,3.2300098,3.3000097,3.3600097,3.4200099,3.4900098,3.5500097,3.6200097,3.6900098,3.7500098,3.8200097,3.8900099,3.9600098,4.0300097,4.10001,4.1700096,4.2300096,4.29001,4.3600097,4.41001,4.4600096,4.52001,4.56001,4.6100097,4.6500096,4.6900096,4.7300096,4.77001,4.8000097,4.83001,4.8600097,4.89001,4.9200096,4.95001,4.97001,4.99001,5.01001,5.0300097,5.0500097,5.0700097,5.0900097,5.10001,5.12001,5.1300097,5.14001,5.1500096,5.1500096,5.1500096,5.16001,5.16001,5.1500096,5.1500096
2.4300098,2.5000098,2.5600097,2.6200097,2.6800098,2.7300098,2.7800097,2.8300097,2.8900099,2.9300098,2.9900098,3.0400097,3.1100097,3.1700099,3.2400098,3.3100097,3.3700097,3.4400098,3.5100098,3.5900097,3.6800098,3.7900097,3.8900099,4.0000095,4.12001,4.22001,4.3200097,4.4000096,4.47001,4.54001,4.60001,4.6500096,4.70001,4.7500095,4.8000097,4.8400097,4.87001,4.91001,4.9400096,4.97001,5.0000095,5.01001,5.02001,5.02001,5.02001,5.01001,5.01001,4.9800096,4.95001,4.93001,4.9000096,4.87001,4.83001,4.79001,4.7500095,4.70001,4.64001,4.5900097,4.5300097
1.9800098,2.0500097,2.1100097,2.1800098,2.2500098,2.2900097,2.3300097,2.3700097,2.3900099,2.4100099,2.4300098,2.4400098,2.4700098,2.5100098,2.5500097,2.6300097,2.7200098,2.8300097,3.0000098,3.1600099,3.3100097,3.4200099,3.5400097,3.6400099,3.7100098,3.7600098,3.7900097,3.8100097,3.8300097,3.8600097,3.9000099,3.9500098,4.0300097,4.10001,4.16001,4.1900096,4.16001,4.08001,3.9900098,3.9200099,3.8800097,3.8500097,3.8200097,3.7800097,3.7900097,3.8400097,3.9300098,4.0300097,4.08001,4.10001,4.12001,4.14001,4.16001,4.1700096,4.14001,4.10001,4.06001,4.06001,4.0500097
1.4200097,1.4400097,1.4600098,1.4800098,1.5100098,1.4900098,1.4600098,1.4200097,1.3800098,1.3900098,1.4100097,1.5000098,1.6100098,1.7400098,1.8700098,2.0000098,2.1400099,2.2700098,2.3700097,2.4400098,2.4900098,2.5500097,2.6100097,2.6600099,2.7300098,2.8100097,2.8900099,2.9900098,3.0800097,3.1700099,3.2800097,3.3900099,3.5100098,3.5800097,3.6000097,3.5700097,3.5400097,3.5200098,3.4900098,3.4700098,3.4900098,3.5600097,3.6200097,3.6700099,3.6800098,3.6400099,3.5800097,3.5100098,3.4200099,3.3300097,3.2300098,3.1500099,3.1000097,3.0700097,3.0500097,3.0400097,3.0400097,3.0200098,3.0100098
0.64000976,0.57000977,0.52000976,0.5000098,0.52000976,0.5600098,0.6100098,0.65000975,0.7400098,0.85000974,1.0300097,1.2000098,1.3600098,1.4900098,1.5700097,1.5900098,1.6000098,1.6100098,1.6800097,1.7600098,1.8500098,1.9900098,2.1400099,2.3500097,2.6000097,2.7900097,2.8200097,2.6900098,2.5400097,2.4200099,2.3000097,2.2200098,2.2200098,2.2800097,2.3700097,2.4200099,2.4200099,2.4300098,2.4900098,2.5900097,2.7300098,2.8300097,2.8300097,2.7100098,2.5200098,2.3300097,2.1600099,2.0400097,1.9700098,1.8900098,1.7900097,1.6800097,1.6000098,1.5300097,1.5100098,1.5300097,1.5700097,1.5700097,1.4700098
-0.27999023,-0.33999023,-0.39999023,-0.36999023,-0.19999023,0.020009765,0.24000977,0.41000977,0.51000977,0.5500098,0.58000976,0.6200098,0.6200098,0.70000976,0.8100098,1.0000098,1.2700098,1.4900098,1.7000098,1.8200097,1.8500098,1.8100097,1.7200098,1.6000098,1.4900098,1.4400097,1.4600098,1.4500098,1.4300097,1.4700098,1.5300097,1.5400097,1.4400097,1.3300098,1.3200097,1.4600098,1.6200098,1.7400098,1.8700098,2.0400097,2.1800098,2.1200097,1.8400098,1.4600098,1.1400098,0.9300098,0.70000976,0.43000975,0.17000976,9.765625E-6,-0.049990233,0.010009766,0.030009765,-0.049990233,-0.16999024,-0.21999024,-0.11999024,0.080009766,0.33000976
-1.5599903,-1.5999902,-1.5799903,-1.4399903,-1.1999903,-0.9399902,-0.72999024,-0.52999026,-0.29999024,-0.099990234,0.090009764,0.27000976,0.46000975,0.64000976,0.8000098,0.9200098,0.9900098,1.0100098,1.0200098,1.0400097,1.0000098,0.9300098,0.8700098,0.8800098,0.9300098,0.91000974,0.84000975,0.84000975,0.8700098,0.89000976,0.82000977,0.8100098,0.8600098,0.96000975,0.6800098,0.52000976,0.54000974,0.6700098,0.82000977,1.0100098,0.97000974,0.5600098,0.050009765,-0.34999025,-0.5199902,-0.54999024,-0.53999025,-0.48999023,-0.44999024,-0.46999022,-0.60999024,-0.71999025,-0.6199902,-0.34999025,-0.22999023,-0.37999022,-0.6399902,-0.73999023,-0.6299902
-2.6999903,-2.6799903,-2.7299902,-2.7699902,-2.7299902,-2.5499902,-2.3499901,-2.2499902,-2.0999901,-1.8899902,-1.6599902,-1.4099902,-1.0299902,-0.5699902,-0.26999024,-0.29999024,-0.10999023,0.15000977,0.27000976,0.30000976,0.37000978,0.39000976,0.65000975,1.0000098,1.4400097,1.2700098,1.0000098,0.83000976,0.89000976,0.9400098,0.9200098,0.5500098,0.83000976,0.8700098,0.89000976,0.7400098,0.45000976,0.120009765,-0.15999024,-0.5199902,-0.7499902,-0.77999026,-0.6999902,-0.8299902,-0.92999023,-0.7499902,-0.59999025,-0.7499902,-1.0299902,-1.2999902,-1.4199902,-1.3499902,-1.2199903,-1.2099903,-1.1899903,-0.9999902,-0.8299902,-0.7699902,-0.54999024
-4.0199904,-4.31999,-4.35999,-4.41999,-4.4699903,-4.5199904,-4.47999,-4.3899903,-4.22999,-3.9999902,-3.5599902,-2.8199902,-1.9299903,-1.0899903,-0.24999024,0.20000976,0.52000976,0.90000975,1.3600098,1.6000098,1.7700098,2.0600097,2.5900097,3.0600097,3.0200098,2.6600099,2.1800098,1.8100097,1.6100098,1.5200098,1.5400097,1.5400097,1.6800097,1.9200097,1.9400097,1.6600097,1.2000098,0.48000976,-0.29999024,-0.6999902,-0.35999024,-0.37999022,-0.97999024,-1.4899902,-1.8299903,-1.9899902,-1.8699902,-1.5299902,-1.4299903,-1.3699902,-0.77999026,-1.2699902,-2.0699902,-2.9699903,-2.8599901,-1.4099902,-0.19999023,1.1500098,0.35000977
-3.9599903,-4.9999905,-5.52999,-6.4499903,-8.259991,-8.59999,-8.589991,-8.35999,-8.009991,-7.0199904,-5.81999,-4.3299904,-1.4199902,0.34000978,0.66000974,0.6700098,1.0300097,4.33001,3.4600098,2.0000098,1.3500098,1.1200098,0.030009765,0.6100098,3.0800097,4.66001,2.9000099,1.5300097,1.2300098,0.9800098,0.91000974,1.0200098,1.0500097,0.8000098,0.52000976,0.41000977,0.51000977,0.66000974,0.5600098,0.22000976,0.020009765,-0.11999024,-0.34999025,-0.53999025,-0.46999022,-0.25999025,-0.32999024,-0.84999025,-1.8399903,-1.9399903,-0.96999025,-0.28999025,-0.029990233,-0.92999023,-1.0999902,-0.47999024,-1.7399902,-3.0099902,-2.9399903
-5.3699903,-6.0399904,-7.22999,-8.339991,-9.07999,-9.32999,-9.30999,-9.01999,-8.549991,-7.4499903,-3.5599902,-0.8699902,0.040009767,-0.5699902,-1.2399902,-1.3399903,-0.6899902,-0.65999025,-1.4199902,-1.1299902,-1.2399902,-2.0999901,-2.0499902,-2.7399902,-3.2299902,-2.2299902,-0.84999025,-0.019990234,0.20000976,0.16000977,0.23000976,0.27000976,0.30000976,0.43000975,0.6700098,0.5500098,0.16000977,-0.29999024,-0.5799902,-0.60999024,-0.70999026,-0.97999024,-1.1399902,-1.2599902,-1.5299902,-1.7399902,-1.6699902,-1.5199902,-1.4799902,-1.4999902,-1.5199902,-1.5199902,-1.3899902,-1.1899903,-1.1099902,-1.1899903,-1.2099903,-1.2199903,-1.2799902
-5.39999,-6.2899904,-7.4099903,-8.53999,-9.35999,-9.74999,-9.53999,-8.94999,-8.169991,-7.3899903,-5.22999,-2.8099902,-1.4299903,-0.70999026,-0.10999023,0.72000974,0.14000976,-0.7699902,-1.8899902,-6.8299904,-7.0799904,-2.0599902,-2.9999902,-3.3299901,-3.6499903,-0.66999024,-0.07999024,0.14000976,0.15000977,-0.059990235,0.060009766,0.48000976,0.5500098,0.34000978,0.45000976,0.43000975,0.17000976,0.010009766,-0.20999023,-0.38999024,-0.6899902,-1.0299902,-1.2599902,-1.6699902,-1.9999902,-1.9799902,-2.0899901,-2.2799902,-2.2899902,-2.1799903,-2.1299903,-2.1499903,-2.1999903,-2.3699903,-2.4599903,-2.3399901,-2.0899901,-1.7999902,-1.5699903
-5.39999,-6.06999,-6.91999,-7.8899903,-9.049991,-9.35999,-9.009991,-8.59999,-8.129991,-7.7499905,-7.23999,-5.18999,-1.7199903,1.1000098,2.8200097,1.0700097,0.7300098,-2.6999903,-6.43999,-4.5599904,-3.1999903,-2.8899903,-3.3899903,-5.23999,-5.37999,-3.3399901,-0.73999023,-0.5099902,-0.65999025,-0.78999025,-0.78999025,-0.6199902,-0.30999023,0.060009766,0.44000977,0.6200098,0.5600098,0.48000976,0.39000976,0.48000976,0.34000978,-0.45999023,-1.3599902,-1.9299903,-2.2299902,-2.2999902,-2.4199903,-2.6299903,-2.8999903,-3.2699902,-3.3699903,-3.2999902,-3.2599902,-3.0699902,-2.7199903,-2.4799902,-2.1299903,-1.7199903,-1.4699903
-4.23999,-5.39999,-6.37999,-7.18999,-7.77999,-8.14999,-8.19999,-8.11999,-7.7699904,-7.20999,-6.2899904,-4.31999,-2.9099903,0.9400098,2.0500097,-1.2799902,-4.7499905,-6.06999,-5.56999,-4.37999,-3.5399902,-4.5599904,-4.48999,-4.3899903,-4.4499903,-4.0199904,-3.8299901,-2.1199903,-1.5899903,-1.1299902,-0.8099902,-0.38999024,0.32000977,1.3200097,1.8700098,1.9000098,1.5000098,0.85000974,0.45000976,0.050009765,-0.26999024,-0.7699902,-1.0699903,-1.5199902,-2.1299903,-2.6699903,-3.1899903,-3.3199902,-3.1799903,-2.7099903,-2.4299903,-2.7399902,-2.6299903,-2.7899902,-2.5799901,-1.7299902,-0.40999022,0.030009765,0.79000974
-2.8999903,-4.39999,-5.3299904,-5.73999,-6.3099904,-6.7899904,-6.97999,-7.0999904,-7.41999,-7.6199903,-7.06999,-5.52999,-5.2699904,-4.1399903,-3.8999903,-3.9399903,-4.0599904,-4.2699904,-4.58999,-4.33999,-4.29999,-4.4699903,-4.48999,-4.33999,-4.08999,-3.7899902,-3.6199903,-2.7899902,-1.9399903,-1.4099902,-0.98999023,-0.40999022,0.82000977,2.5500097,2.6200097,2.3600097,2.1300097,1.7100098,1.1700097,-0.22999023,-1.1499902,-1.1699902,-1.5199902,-1.4699903,-1.5999902,-2.3099902,-2.8999903,-3.3899903,-3.3499901,-2.7999902,-1.8599902,-0.47999024,0.64000976,1.5000098,1.3200097,0.050009765,-0.029990233,1.0400097,0.040009767
-1.5299902,-2.1399903,-2.9899902,-3.9799902,-4.77999,-5.54999,-5.9699903,-6.5199904,-6.70999,-6.7899904,-7.06999,-7.1199903,-7.58999,-5.95999,-5.5399904,-5.62999,-5.6199903,-5.4999905,-4.7499905,-3.2999902,-3.2799902,-3.1199903,-2.9599903,-2.8599901,-2.7299902,-2.4799902,-2.6099901,-2.7899902,-2.6299903,-1.5799903,-1.3699902,-1.2099903,-1.3899902,0.030009765,1.4800098,1.9600098,1.9000098,1.3200097,0.8100098,0.77000976,-0.17999023,-1.9199902,-1.6199902,-0.21999024,-0.41999024,-0.7599902,-0.8199902,-0.59999025,-0.32999024,0.11000977,0.65000975,1.0200098,1.1600097,0.83000976,-0.16999024,-0.49999022,-0.049990233,-0.30999023,-3.2699902
-1.2699902,-2.2799902,-2.9699903,-3.6499903,-4.27999,-4.75999,-5.35999,-5.85999,-6.0799904,-5.89999,-6.7499905,-7.35999,-7.3099904,-8.01999,-7.6599903,-4.29999,-4.5399904,-3.3799903,-1.9999902,-1.6399902,-1.9099902,-2.1399903,-0.5799902,-0.099990234,-0.8099902,-1.3699902,-1.8699902,-2.1299903,-2.9199903,-3.4599903,-3.5299902,-3.3399901,-2.7599902,-2.9299903,-1.7299902,-0.009990234,0.060009766,-0.25999025,0.120009765,0.18000977,-0.59999025,-0.34999025,0.31000978,0.58000976,0.26000977,0.79000974,1.5700097,2.7000098,3.0000098,2.5100098,2.3100097,2.0300097,1.6100098,1.4500098,1.0200098,1.1500098,-1.1499902,-7.7699904,-7.45999
-1.0899903,-3.2099903,-3.9399903,-4.5999904,-4.7899904,-5.33999,-5.8499904,-6.4499903,-7.22999,-7.4499903,-8.129991,-8.18999,-8.73999,-6.83999,-4.62999,-4.2499905,-4.75999,-2.9699903,-3.1999903,-2.2799902,-0.9999902,-0.07999024,1.3000097,2.6000097,2.6900098,1.9900098,1.4200097,0.34000978,-0.84999025,-1.2199903,-2.3299901,-4.12999,-5.3099904,-5.6599903,-5.3699903,-6.1799903,-6.5399904,-6.0599904,-4.83999,-1.1599902,1.3700098,4.0000095,4.9400096,5.54001,5.8600097,5.97001,5.8600097,5.9000096,4.4000096,3.3800097,5.2800097,5.7100096,2.9700098,2.1400099,0.120009765,-4.04999,-5.5599904,-4.83999,-4.9699903
-2.1599903,-2.9899902,-3.8399901,-4.6199903,-5.54999,-6.16999,-6.72999,-6.8499904,-6.8299904,-6.75999,-7.16999,-7.3899903,-7.2699904,-5.43999,-5.48999,-5.5199904,-6.23999,-5.6999903,-3.3899903,0.090009764,1.9400097,8.92001,9.78001,7.1700096,3.9600098,1.5300097,-0.92999023,-1.9999902,-1.4299903,-3.3999903,-4.0399904,-4.2199903,-4.6799903,-5.02999,-7.14999,-6.3899903,-6.47999,-6.60999,-6.41999,-5.5799904,-4.4299903,-2.8799903,-1.6199902,3.5500097,5.79001,5.20001,4.1100097,3.1300097,1.5300097,0.82000977,2.5800097,3.5700097,4.08001,2.4500098,0.6800098,-2.1899903,-3.5199902,-3.8599901,-3.5099902
-1.0899903,-1.8199903,-2.6699903,-3.9199903,-5.08999,-6.18999,-6.75999,-6.83999,-7.0199904,-6.91999,-7.1599903,-7.89999,-7.4699903,-6.2699904,-4.2899904,-4.29999,-2.5299902,-0.43999022,3.3100097,6.45001,8.370009,6.2100096,1.8900098,1.8500098,2.1600099,0.11000977,-2.7799902,-5.6599903,-3.4199903,-3.8799903,-5.37999,-3.0999901,-2.5299902,-4.54999,-5.5999904,-6.8499904,-6.4299903,-6.9699903,-6.1599903,-5.1799903,-5.27999,-4.4099903,-4.02999,-3.6199903,-3.4899902,0.9800098,2.0600097,3.2200098,3.3800097,6.0000095,6.64001,6.87001,5.77001,4.26001,3.3300097,1.4200097,0.030009765,-2.1199903,-3.2999902
0.82000977,-0.009990234,-1.2399902,-2.3599901,-3.4899902,-5.45999,-5.7899904,-5.73999,-5.45999,-5.1999903,-4.4999905,-4.45999,-5.41999,-5.47999,-4.0999904,-2.2999902,2.0600097,6.27001,3.0300097,1.7700098,-0.089990236,0.030009765,-0.8199902,-0.64999026,1.4300097,-0.6299902,-0.66999024,-2.4499903,-6.6399903,-2.5499902,-2.0199902,-0.89999026,-0.18999024,0.24000977,0.29000977,-0.65999025,-2.4299903,-5.02999,-6.33999,-6.1599903,-6.1199903,-5.27999,-4.9999905,-4.4099903,-4.00999,-7.2699904,-6.39999,-5.20999,-1.0399902,5.79001,6.8400097,6.5300097,7.0500097,6.4400096,6.6700096,5.3000097,4.18001,2.3700097,0.24000977
0.11000977,0.020009765,-0.22999023,-0.9499902,-2.3099902,-3.8399901,-4.29999,-4.41999,-4.4099903,-3.9099903,-3.0299902,-2.4199903,-2.5199902,-1.9699903,-0.16999024,2.3000097,1.6900097,1.6600097,1.3600098,-0.64999026,0.53000975,-0.66999024,-1.6699902,-1.3699902,0.090009764,-1.0499902,-0.7599902,-1.5999902,-0.10999023,1.4700098,1.3700098,0.36000976,-1.9499903,-1.8699902,-1.2099903,-1.5899903,-3.1699903,-4.22999,-4.5599904,-3.6699903,-5.5999904,-5.83999,-6.5799904,-6.83999,-6.33999,-5.56999,-5.7899904,-8.259991,-7.29999,-3.0299902,6.1500096,5.7100096,5.4800096,3.6000097,4.3400097,4.9000096,3.6100097,2.8200097,2.0400097
0.19000977,-0.6199902,-1.3699902,-1.7999902,-2.0299902,-2.9199903,-3.8099902,-4.3899903,-4.58999,-4.33999,-3.9899902,-3.4499903,-2.7699902,-0.66999024,2.2800097,0.20000976,-1.8899902,-2.4399903,-1.5299902,-0.48999023,-1.1899903,-1.0199902,-0.70999026,-1.0599903,-1.2199903,-0.6299902,-0.34999025,-0.42999023,-0.039990235,-0.15999024,-0.5199902,-1.1299902,-1.2199903,-2.8599901,-0.58999026,-0.44999024,-1.5999902,-2.2599902,-2.5399902,-2.6899903,-2.9699903,-3.4199903,-7.68999,-9.67999,-9.259991,-5.9999905,-7.1599903,-6.5599904,-3.9399903,0.48000976,4.81001,7.2500095,7.76001,6.64001,6.0300097,4.77001,3.9500098,3.2500098,2.6400099
0.6700098,-0.48999023,-1.6399902,-2.5699902,-3.1999903,-3.2499902,-3.3399901,-3.4999902,-3.7399902,-3.8399901,-3.5499902,-3.5299902,-2.7299902,-0.7599902,-1.0899903,-1.4599903,-1.3799902,0.080009766,-3.3899903,-0.6999902,-0.92999023,-1.4899902,-1.3899902,-1.7099903,-2.2599902,-1.8499902,-1.3899902,-0.79999024,0.050009765,-0.19999023,-0.5799902,-0.17999023,-0.17999023,-0.23999023,-0.37999022,-2.0899901,0.080009766,-1.2099903,-1.5299902,-2.5799901,-2.2599902,0.060009766,-2.2099903,-5.3899903,-4.6999903,-2.9099903,-2.2099903,-1.8399903,-0.059990235,1.2600098,1.6900097,2.8200097,2.0000098,2.1600099,2.1200097,2.3800097,2.2100098,2.7500098,1.5000098
0.9800098,-0.26999024,-2.2099903,-3.4499903,-4.1399903,-4.4299903,-3.9999902,-3.7099903,-3.6699903,-3.9099903,-4.27999,-4.3899903,-1.8499902,-1.7299902,-1.4799902,-2.8999903,-0.89999026,-0.83999026,-1.2399902,-2.1199903,-1.2299902,-1.2699902,-5.48999,-7.47999,-8.669991,0.8600098,1.1500098,0.48000976,0.120009765,-0.39999023,-0.10999023,0.090009764,-0.11999024,0.14000976,-0.15999024,-0.98999023,-1.6899903,2.5900097,1.0100098,-0.43999022,-1.8299903,-0.54999024,-0.71999025,-1.1399902,-2.2699902,-2.3399901,-1.1099902,1.3100097,2.1400099,2.2300098,2.2600098,2.6100097,2.8700097,2.7700098,3.0300097,2.5200098,2.1100097,1.6400098,0.51000977
