json-data/2022072800.json
{"header": {"discipline":0,"disciplineName":"Meteorological products","gribEdition":2,"gribLength":47366,"center":7,"centerName":"US National Weather Service - NCEP(WMC)","subcenter":0,"refTime":"2022-07-28T00:00:00.000Z","significanceOfRT":1,"significanceOfRTName":"Start of forecast","productStatus":0,"productStatusName":"Operational products","productType":1,"productTypeName":"Forecast products","productDefinitionTemplate":0,"productDefinitionTemplateName":"Analysis/forecast at horizontal level/layer at a point in time","parameterCategory":0,"parameterCategoryName":"Temperature","parameterNumber":0,"parameterNumberName":"Temperature","parameterUnit":"K","genProcessType":2,"genProcessTypeName":"Forecast","forecastTime":0,"surface1Type":1,"surface1TypeName":"Ground or water surface","surface1Value":0.0,"surface2Type":255,"surface2TypeName":"Missing","surface2Value":0.0,"gridDefinitionTemplate":0,"gridDefinitionTemplateName":"Latitude_Longitude","numberPoints":65160,"shape":6,"shapeName":"Earth spherical with radius of 6,371,229.0 m","gridUnits":"degrees","resolution":48,"winds":"true","scanMode":0,"nx":360,"ny":181,"basicAngle":0,"lo1":0.0,"la1":90.0,"lo2":359.0,"la2":-90.0,"dx":1.0,"dy":1.0}, "data":
[rows 0 to 33 of 181, columns 77 to 153 of 360]
273.0,273.0,273.0,273.0,273.0,273.0,273.0,273.0,273.0,273.0,273.0,273.0,273.0,273.0,273.0,273.0,273.0,273.0,273.0,273.0,273.0,273.0,273.0,273.0,273.0,273.0,273.0,273.0,273.0,273.0,273.0,273.0,273.0,273.0,273.0,273.0,273.0,273.0,273.0,273.0,273.0,273.0,273.0,273.0,273.0,273.0,273.0,273.0,273.0,273.0,273.0,273.0,273.0,273.0,273.0,273.0,273.0,273.0,273.0,273.0,273.0,273.0,273.0,273.0,273.0,273.0,273.0,273.0,273.0,273.0,273.0,273.0,273.0,273.0,273.0,273.0,273.0
272.9,272.9,272.9,272.9,272.9,272.9,272.9,272.9,272.9,272.9,272.9,272.9,272.9,272.9,272.9,272.9,272.9,272.9,272.9,272.9,272.9,272.9,272.9,272.9,272.9,272.9,272.9,272.9,272.9,272.9,272.9,272.9,272.9,272.9,272.9,272.9,272.9,272.9,272.9,272.9,272.9,272.9,272.9,272.9,273.0,273.0,273.0,273.0,272.9,273.0,273.0,273.0,273.0,272.9,272.9,272.9,272.9,272.9,272.9,272.9,272.9,272.9,272.9,272.8,272.8,272.8,272.9,272.9,272.9,272.9,272.9,272.9,272.9,272.9,272.9,272.9,272.9
272.9,272.9,272.9,272.9,272.9,272.9,272.9,272.9,272.9,272.9,272.9,272.9,272.9,272.9,272.9,272.9,272.9,272.9,272.9,272.9,272.9,272.9,272.9,273.0,273.0,273.0,272.9,272.9,272.9,272.9,272.9,272.9,272.9,272.9,272.9,272.9,272.9,272.9,272.9,272.9,272.9,272.9,272.9,272.9,272.9,272.9,272.9,272.9,272.9,272.9,272.9,272.9,272.9,272.9,272.9,272.9,273.0,273.0,273.0,273.0,273.0,272.9,272.9,272.9,272.9,272.9,272.9,272.9,272.9,272.9,272.9,272.9,272.9,272.9,272.9,272.9,272.9
272.9,272.8,272.8,272.9,272.9,272.9,272.9,272.9,272.8,272.8,272.8,272.9,272.8,272.9,272.9,272.9,272.9,272.9,272.9,272.9,272.9,272.8,272.8,272.8,272.8,272.8,272.7,272.7,272.7,272.8,272.8,272.8,272.8,272.8,272.8,272.8,272.8,272.9,272.9,272.9,272.9,272.9,272.9,273.0,272.9,272.9,273.0,273.0,273.0,273.0,273.0,273.0,273.0,272.9,272.9,272.9,273.0,273.0,272.9,272.9,273.0,273.0,273.0,273.0,273.0,273.0,273.0,273.0,273.0,273.0,273.0,273.0,273.0,273.0,273.0,273.0,273.0
273.0,273.0,273.0,273.0,273.0,273.1,273.1,273.0,273.0,273.0,273.0,273.0,273.0,273.0,273.0,272.9,272.9,272.9,272.9,272.8,272.8,272.8,272.8,272.8,272.8,272.9,272.9,272.9,272.9,272.8,272.8,272.9,272.9,272.9,272.9,272.8,272.8,272.9,272.9,272.9,272.9,272.9,272.9,272.9,272.9,272.9,272.9,273.0,273.0,273.0,273.0,273.0,273.0,273.0,273.0,273.0,273.0,273.0,273.0,273.1,273.1,273.1,273.1,273.1,273.1,273.1,273.1,273.1,273.1,273.1,273.1,273.1,273.1,273.1,273.1,273.1,273.1
273.0,273.0,273.1,273.0,273.0,273.0,273.1,273.1,273.1,273.1,273.1,273.1,273.1,273.1,273.1,273.1,273.1,273.1,273.1,273.1,273.0,273.0,273.0,273.0,273.0,273.0,273.0,273.0,273.0,272.9,273.0,273.0,272.9,272.9,272.9,272.9,272.9,272.9,272.9,272.9,272.9,272.9,272.9,272.9,272.9,272.9,273.0,272.9,272.9,273.0,272.9,273.0,272.9,273.0,273.0,273.0,273.0,273.0,273.0,273.1,273.0,273.0,273.0,273.0,273.0,273.0,273.0,273.0,273.0,273.0,273.0,273.1,273.1,273.1,273.0,273.1,273.1
272.9,272.9,272.9,272.9,272.9,272.9,273.0,273.0,273.0,273.0,273.0,273.0,273.0,273.0,273.0,273.1,273.1,273.1,273.1,273.1,273.1,273.1,273.1,273.1,273.1,273.1,273.1,273.1,273.1,273.1,273.1,273.1,273.1,273.1,273.1,273.0,273.0,273.0,273.0,273.0,273.0,273.0,272.9,272.9,272.9,272.9,272.9,272.9,272.9,272.9,272.9,272.9,272.9,273.0,273.0,273.0,273.0,273.0,273.0,273.0,273.0,273.0,273.0,273.0,273.0,273.0,273.0,273.0,273.1,273.1,273.1,273.1,273.1,273.1,273.1,273.1,273.1
273.0,273.0,273.0,273.0,273.0,273.0,273.0,273.0,273.0,273.0,273.0,273.0,273.0,272.9,272.9,273.0,273.0,273.0,273.0,273.0,273.1,273.1,273.0,273.1,273.1,273.1,273.1,273.1,273.1,273.1,273.1,273.1,273.1,273.1,273.1,273.1,273.1,273.1,273.1,273.1,273.1,273.1,273.1,273.0,273.0,273.0,273.0,273.0,273.0,273.0,272.9,272.9,272.9,272.9,272.9,272.9,272.9,272.9,273.0,273.0,273.0,273.0,273.0,273.0,273.0,273.0,273.1,273.1,273.1,273.1,273.1,273.1,273.1,273.1,273.1,273.1,273.1
272.5,272.6,272.7,272.7,272.7,272.7,272.7,272.8,272.9,273.0,272.9,272.9,273.0,272.8,272.2,272.4,272.6,272.5,272.4,272.8,272.8,272.9,273.0,272.9,273.0,273.0,273.0,273.0,273.1,273.1,273.1,273.1,273.1,271.5,271.6,271.5,272.5,273.1,273.1,273.1,273.1,273.1,273.1,273.1,273.1,273.1,273.1,273.1,273.1,273.1,273.1,273.1,273.1,273.1,273.1,273.0,273.0,273.0,273.0,273.0,273.0,273.0,273.0,272.9,272.9,272.9,272.9,272.9,272.9,272.9,272.9,273.0,272.9,273.0,273.0,273.0,273.0
272.3,272.3,272.3,272.7,272.7,272.8,272.8,272.8,272.9,272.9,272.9,272.8,272.8,273.0,272.7,272.8,272.8,273.1,273.2,273.1,272.0,272.6,272.2,272.5,272.9,273.0,273.0,273.0,273.0,273.1,273.1,271.6,271.5,271.6,271.5,271.5,271.5,272.8,273.1,273.1,272.5,271.5,271.5,271.5,271.6,271.5,273.1,273.0,273.0,273.0,273.0,273.0,273.0,273.0,273.0,273.0,273.0,273.0,273.0,273.0,273.0,273.0,273.0,273.0,273.0,273.0,273.0,273.0,273.1,273.0,273.0,273.0,273.1,273.0,273.0,273.0,273.0
274.2,271.7,271.9,272.4,272.7,272.8,272.9,272.9,272.9,272.8,272.8,272.8,272.7,272.6,272.2,275.3,273.2,273.1,273.2,273.2,273.2,273.1,273.1,273.0,273.0,272.8,272.9,272.9,272.8,273.1,273.1,272.7,272.5,272.5,272.5,272.4,273.1,273.1,273.1,273.1,272.8,271.5,271.5,271.5,271.5,271.5,271.5,271.6,273.1,272.2,272.7,273.1,272.1,272.9,272.9,272.9,272.9,272.9,272.9,272.9,272.9,272.9,272.8,272.7,272.7,272.8,272.8,272.9,272.9,272.9,273.0,272.8,272.9,272.7,272.8,272.6,272.9
274.9,274.8,274.7,274.7,274.4,272.4,272.1,272.4,272.4,272.0,272.8,272.8,272.8,272.7,272.2,272.2,272.8,272.9,273.1,273.1,278.3,282.6,273.2,272.2,272.8,286.8,289.1,283.3,272.6,272.5,272.8,273.0,273.0,273.0,273.0,273.0,273.0,273.0,273.0,273.1,273.0,273.1,273.0,273.0,273.0,273.0,273.0,271.7,271.5,271.5,272.8,271.5,272.3,272.9,272.8,272.8,272.8,272.8,272.8,272.7,272.7,272.7,272.6,272.7,272.6,272.3,272.2,271.6,271.7,272.8,272.8,272.8,272.9,273.0,272.1,272.3,272.3
275.5,275.5,275.4,275.2,275.1,275.1,275.1,275.0,274.9,275.0,274.4,273.0,273.2,273.6,273.4,273.2,272.9,272.9,273.1,272.9,272.9,272.6,272.6,275.4,271.9,272.3,272.1,273.4,273.0,273.5,273.5,273.8,273.8,273.8,273.9,273.3,273.8,273.7,273.1,272.4,272.7,272.9,272.9,272.8,272.8,272.8,272.8,272.7,272.8,272.5,271.8,273.0,272.4,272.5,272.5,271.8,271.9,271.8,271.7,272.3,272.6,272.4,273.0,273.1,271.6,273.2,273.9,273.8,273.4,273.4,273.4,273.4,273.4,273.4,273.4,273.3,273.4
276.1,276.0,275.9,275.8,275.7,275.6,275.5,275.3,275.5,272.4,271.5,272.7,272.7,272.5,271.8,273.3,273.3,273.3,273.2,273.2,272.4,273.3,272.8,273.2,272.7,287.8,289.5,292.6,293.0,277.6,277.2,272.3,274.2,274.2,274.2,274.1,274.1,274.0,274.0,273.6,273.6,274.1,274.0,274.0,274.9,275.0,275.0,275.0,274.8,274.8,274.7,273.5,273.6,273.6,273.9,274.3,274.4,274.7,274.8,274.8,274.8,274.7,274.7,273.7,274.3,274.2,274.1,274.0,273.8,273.8,273.7,273.7,273.7,273.5,273.4,273.3,273.3
276.9,276.9,276.8,276.7,276.5,276.5,276.0,275.9,275.8,275.6,273.6,273.9,273.6,274.4,273.1,273.3,272.9,283.5,284.9,273.1,283.6,275.8,287.6,286.8,289.0,291.7,293.2,292.5,291.8,292.4,293.2,291.9,293.0,294.3,294.0,289.1,287.2,274.2,274.3,274.5,274.6,274.6,274.7,274.8,274.8,275.3,275.3,275.5,275.5,275.6,275.6,275.5,275.6,275.6,275.7,275.4,275.4,275.3,275.2,275.1,274.9,287.6,286.5,275.8,273.2,283.5,274.5,274.5,274.4,274.4,274.3,274.2,274.1,274.1,274.0,273.5,272.7
278.4,278.3,277.9,277.4,277.1,276.9,276.5,276.5,275.9,274.2,273.4,283.7,283.2,283.0,282.9,283.2,283.8,284.3,285.8,289.3,290.4,288.8,288.3,288.8,293.0,293.3,292.6,287.2,290.5,291.5,291.5,290.5,290.0,291.0,290.6,288.5,281.0,272.2,272.8,273.9,275.3,274.4,275.7,276.0,276.1,276.2,276.5,276.7,276.7,276.9,276.8,276.8,276.6,276.4,275.9,275.6,275.3,275.1,275.0,274.7,274.7,289.6,286.7,280.5,273.1,273.1,281.2,274.9,272.6,272.6,275.7,286.0,287.0,285.4,274.1,274.1,274.0
279.3,279.1,278.7,278.2,277.7,276.9,276.5,275.6,275.0,274.6,275.7,284.1,283.4,284.7,285.1,287.1,288.6,287.7,287.0,287.5,292.2,292.2,292.0,292.0,292.2,291.7,292.0,291.6,290.1,290.2,287.0,289.4,276.3,282.1,273.4,272.5,272.3,271.8,271.5,274.9,274.8,275.3,275.4,275.7,275.8,275.8,276.0,276.1,275.9,276.9,277.3,277.1,276.6,276.0,275.9,275.5,275.5,275.4,275.2,275.0,274.9,274.9,274.7,274.6,289.6,274.1,274.3,274.5,274.2,271.9,272.3,272.1,272.2,271.9,272.2,272.4,273.8
276.8,277.2,278.9,276.5,281.4,282.2,282.4,284.1,285.1,284.8,284.7,285.1,285.5,287.7,288.3,286.7,288.4,290.0,291.6,292.0,292.0,292.1,292.4,292.8,292.7,293.2,292.5,292.4,292.5,285.3,291.7,292.6,291.9,292.1,292.8,288.9,289.6,291.1,290.6,290.4,292.1,294.1,296.9,282.6,284.3,285.1,274.7,301.3,294.7,295.8,273.5,297.4,293.5,276.6,276.3,276.1,275.7,275.1,275.2,274.7,274.7,275.1,274.1,274.5,273.8,274.0,273.9,274.0,274.3,274.3,274.1,274.2,274.2,272.7,272.8,272.9,272.9
275.3,279.2,282.9,284.1,275.0,274.7,283.9,283.0,284.2,284.2,285.3,286.8,286.6,287.1,287.3,289.9,291.4,292.3,292.7,293.0,292.6,291.6,294.1,294.3,293.8,295.0,295.1,293.9,294.3,293.5,293.9,293.6,294.6,294.9,293.9,294.9,294.5,293.0,294.2,295.5,295.9,297.4,298.6,301.0,301.8,302.4,302.9,303.0,297.1,296.8,296.7,299.4,278.3,276.5,276.5,276.4,276.3,276.0,275.9,275.6,275.5,275.7,275.3,292.5,292.2,290.8,290.8,290.9,289.6,273.3,288.9,288.0,285.4,274.6,274.6,272.0,272.3
283.4,279.4,284.6,284.9,284.5,284.4,275.8,284.8,285.9,285.9,286.3,287.0,288.1,289.3,290.8,291.8,292.0,289.7,289.3,290.1,293.3,294.0,294.0,291.5,293.2,293.4,294.1,292.8,292.0,292.0,293.6,292.6,292.6,292.2,292.9,294.1,294.5,296.5,294.8,296.0,298.7,300.3,302.1,303.4,303.3,302.5,301.8,300.7,300.4,295.9,296.1,302.5,303.7,304.3,274.8,302.8,302.1,301.9,301.6,303.3,302.5,302.9,298.8,295.0,293.4,292.3,291.8,292.0,292.2,292.1,287.9,290.6,290.1,289.6,289.6,279.7,274.3
283.5,285.0,285.4,284.7,285.3,285.1,275.7,285.3,285.5,286.4,286.8,288.0,288.3,290.0,289.7,287.8,286.8,286.8,288.9,292.6,292.0,287.8,291.4,293.3,293.6,292.4,292.1,291.7,292.6,291.9,292.4,292.4,294.5,293.3,295.3,293.7,294.4,295.6,298.2,302.6,304.0,304.4,304.3,303.1,302.8,303.0,304.2,304.0,304.1,302.6,303.9,303.2,302.2,302.6,302.1,301.5,303.5,303.3,301.4,302.1,302.6,301.5,293.3,290.1,291.2,292.4,292.0,292.9,292.1,292.5,294.0,290.3,288.4,288.0,288.3,288.7,288.1
278.9,284.8,284.6,284.8,284.7,284.6,284.8,285.8,286.3,287.5,285.7,287.5,290.6,289.9,290.7,287.6,286.3,287.0,291.6,287.4,290.3,288.5,288.2,291.1,290.6,291.6,293.1,296.7,296.0,294.9,294.0,296.5,299.4,299.4,299.7,299.7,299.7,299.7,299.1,301.7,301.2,303.6,301.7,303.3,304.2,303.2,301.7,304.9,306.5,304.5,303.4,302.7,300.7,302.0,302.2,301.6,301.9,302.6,304.0,302.3,302.3,296.9,296.3,293.8,292.4,290.9,292.4,291.9,293.1,293.3,292.1,291.3,291.6,290.9,291.5,290.9,291.1
284.1,284.6,284.8,284.2,284.1,284.4,285.7,283.2,283.8,285.9,285.9,275.2,288.9,288.8,289.3,289.5,287.5,291.1,291.5,291.2,286.1,285.6,289.6,286.9,288.9,290.4,294.2,294.7,295.9,297.5,294.9,294.8,299.8,301.1,300.8,302.5,300.1,302.1,302.3,301.8,303.2,303.6,300.3,303.4,301.3,301.3,302.9,306.6,305.8,305.2,303.2,302.5,300.9,300.6,300.4,301.1,301.7,300.5,300.4,302.5,300.9,298.0,296.1,292.6,295.1,292.5,292.5,294.3,294.7,296.9,297.9,292.1,293.1,292.3,291.8,289.7,289.1
285.0,285.0,284.5,284.3,283.2,284.7,283.4,284.3,284.9,285.9,288.1,289.5,288.1,290.0,290.0,290.2,289.2,290.5,290.4,289.7,285.9,287.8,287.2,286.9,288.3,288.8,292.5,292.9,292.7,296.5,298.0,300.4,301.6,301.7,300.3,300.7,301.6,300.4,300.5,300.8,302.0,301.9,299.0,302.1,300.8,305.3,306.5,305.6,305.6,304.1,303.1,303.4,300.9,302.1,302.8,302.3,300.7,303.4,301.9,300.6,302.4,300.8,296.4,296.2,296.6,297.0,296.8,295.5,294.8,292.9,293.0,292.0,290.7,292.5,292.3,292.9,289.4
284.6,284.3,283.8,283.4,283.6,284.2,284.2,284.8,287.5,289.9,289.3,291.9,289.0,290.6,290.6,289.9,289.0,289.0,290.2,289.2,290.6,291.8,291.3,290.2,291.1,290.8,292.0,292.4,294.1,294.6,297.9,299.4,299.9,301.0,298.7,301.0,302.2,299.9,301.5,300.5,303.0,299.3,299.0,299.6,302.8,306.4,307.0,278.4,305.0,304.2,302.1,302.6,302.7,301.2,303.9,304.4,300.9,303.2,302.1,299.0,302.4,298.2,298.1,295.9,296.0,298.3,297.1,299.6,299.3,294.4,296.0,294.5,293.3,293.9,294.4,291.7,293.6
285.8,285.0,284.7,284.0,283.8,283.8,284.0,285.2,286.3,287.9,290.9,290.2,288.6,290.5,289.8,289.4,290.4,291.3,290.9,291.4,289.6,290.9,292.1,292.1,292.2,292.1,293.4,292.9,292.5,295.7,295.1,294.5,299.7,299.6,299.0,301.1,299.8,299.7,298.7,298.8,299.1,298.7,299.3,298.9,300.1,300.4,304.6,302.9,287.1,302.0,304.8,303.8,301.7,302.0,301.8,302.4,302.7,299.7,301.9,301.6,297.4,298.7,299.3,297.4,298.6,297.5,301.4,297.1,296.9,295.5,296.7,294.2,293.8,295.4,294.0,295.4,294.2
285.4,285.3,284.2,284.2,284.9,285.2,285.1,286.2,286.4,286.8,288.8,289.0,288.7,290.4,289.6,289.7,290.1,291.1,290.5,290.1,289.2,289.9,289.5,290.5,290.0,292.7,291.8,294.4,292.5,292.9,293.5,296.9,295.5,299.4,300.1,300.1,300.9,299.7,299.2,299.7,299.1,298.8,298.1,297.9,298.4,300.5,298.5,300.0,301.5,303.7,302.0,305.5,304.0,304.6,303.9,300.6,300.7,299.7,300.4,301.1,300.7,300.4,300.7,296.6,298.0,297.1,299.3,295.8,299.4,296.0,293.5,296.4,297.6,296.7,296.2,293.5,297.0
285.5,286.0,285.4,284.4,284.2,284.5,285.4,285.1,285.8,288.6,289.2,289.9,290.1,290.2,289.8,289.5,288.0,291.3,290.6,290.9,289.9,290.3,290.2,289.3,288.7,290.4,291.3,290.0,291.5,292.7,294.5,294.6,294.8,299.7,298.0,298.5,298.4,300.1,300.9,300.7,301.2,300.9,299.2,298.9,298.9,301.7,298.5,298.9,302.3,299.6,300.4,301.4,301.2,303.0,301.7,301.7,300.1,300.0,300.1,300.6,303.1,301.7,300.9,299.2,298.9,297.6,299.3,300.6,297.6,299.7,299.9,298.0,297.7,298.5,297.9,298.4,298.4
285.6,285.5,285.3,286.3,286.3,287.1,286.3,287.6,286.9,289.3,290.3,290.5,290.8,290.4,290.1,289.9,289.0,289.1,289.4,288.8,288.5,290.1,289.1,289.0,289.8,289.3,289.0,287.8,286.2,287.9,289.3,292.1,294.3,295.7,300.9,300.5,298.4,300.0,300.4,299.9,300.7,300.6,299.0,298.0,297.8,297.7,298.0,298.2,298.1,298.8,299.4,299.3,302.3,302.7,301.8,302.0,302.4,301.0,300.0,302.5,300.2,299.7,299.9,297.1,296.9,301.2,297.9,299.2,297.7,298.0,299.2,298.0,298.0,296.7,297.4,295.2,295.6
285.3,285.7,286.3,286.7,286.2,286.4,286.8,288.3,290.1,290.9,291.2,291.2,290.9,289.8,290.0,289.9,287.6,289.4,287.9,287.5,288.9,287.8,288.2,289.2,289.2,289.9,288.3,291.9,288.0,290.9,291.4,290.9,292.4,293.2,298.0,297.1,297.4,299.2,300.8,300.5,299.7,299.2,299.4,298.1,297.8,296.3,296.3,296.9,297.0,298.2,298.0,299.7,301.1,301.2,301.2,301.4,301.4,300.6,300.8,300.0,301.9,299.0,299.8,299.3,296.9,299.4,298.1,297.7,297.4,298.9,297.1,294.7,296.4,294.3,295.3,294.9,293.2
286.1,287.1,287.6,286.9,286.7,287.9,288.9,290.2,291.9,290.1,291.0,290.6,291.1,290.2,289.8,289.3,288.1,288.0,286.7,286.7,287.1,287.9,287.4,290.2,289.8,290.1,290.7,288.5,288.3,288.0,288.9,290.7,291.6,293.5,294.2,296.7,297.0,299.7,300.8,299.6,300.0,299.3,300.9,300.9,299.7,296.1,295.0,296.1,295.9,295.7,296.3,297.5,298.9,300.1,300.3,300.1,301.3,300.8,300.8,301.3,295.4,300.4,294.4,297.8,298.7,298.3,300.3,299.4,300.7,298.7,297.7,298.9,300.3,295.2,295.8,294.5,294.0
287.4,287.5,287.8,288.5,288.8,289.2,290.4,290.6,290.6,290.3,290.5,289.2,288.8,289.8,289.6,286.9,285.9,285.9,286.1,285.8,287.2,288.1,287.2,287.9,289.5,290.1,289.1,288.7,285.9,286.6,287.4,289.2,292.1,292.2,291.8,292.1,295.9,297.2,296.3,298.3,297.6,298.5,298.6,300.2,299.1,299.7,300.2,297.6,297.6,296.3,296.1,296.4,296.9,298.2,298.9,301.6,300.1,300.5,301.6,300.3,299.4,291.2,298.8,292.0,286.6,287.4,287.3,287.5,287.6,286.6,286.7,286.4,285.8,285.2,284.5,293.3,286.9
287.7,288.1,288.4,289.1,289.5,289.1,290.2,290.0,289.5,289.2,288.7,288.3,288.2,288.4,289.2,289.0,287.2,287.2,287.2,287.9,287.5,287.4,288.6,287.6,288.3,287.7,288.6,285.7,286.2,286.4,286.8,288.2,288.4,289.9,291.2,293.5,293.5,293.7,294.3,295.6,298.8,299.6,298.9,301.7,300.1,300.9,298.6,299.1,299.8,300.8,301.4,296.5,300.4,300.8,298.3,296.6,297.8,300.8,300.1,299.9,300.9,291.7,287.2,292.0,287.2,287.8,288.3,288.4,288.3,287.6,287.6,287.1,286.4,286.0,285.3,284.0,283.3
287.9,288.9,289.5,289.4,289.5,289.5,289.9,289.3,289.3,288.0,288.1,287.9,288.7,288.4,287.9,289.0,288.3,287.9,286.9,287.4,286.1,286.1,286.9,287.6,288.2,287.9,287.2,285.7,285.4,286.1,286.3,287.4,288.5,289.2,291.5,291.2,293.0,291.2,291.6,293.5,291.4,289.7,298.2,295.9,296.3,296.8,299.2,298.4,298.5,295.9,298.9,295.6,295.1,302.7,301.8,298.0,296.6,298.3,298.2,298.5,299.9,301.4,286.7,287.3,288.1,288.4,288.2,287.9,287.7,287.3,287.0,286.9,286.8,286.3,286.0,285.6,285.0
