json-data/2022072606.json
{"header": {"discipline":0,"disciplineName":"Meteorological products","gribEdition":2,"gribLength":79185,"center":7,"centerName":"US National Weather Service - NCEP(WMC)","subcenter":0,"refTime":"2022-07-26T06:00:00.000Z","significanceOfRT":1,"significanceOfRTName":"Start of forecast","productStatus":0,"productStatusName":"Operational products","productType":1,"productTypeName":"Forecast products","productDefinitionTemplate":0,"productDefinitionTemplateName":"Analysis/forecast at horizontal level/layer at a point in time","parameterCategory":2,"parameterCategoryName":"Momentum","parameterNumber":2,"parameterNumberName":"U-component_of_wind","parameterUnit":"m.s-1","genProcessType":2,"genProcessTypeName":"Forecast","forecastTime":0,"surface1Type":103,"surface1TypeName":"Specified height level above ground","surface1Value":10.0,"surface2Type":255,"surface2TypeName":"Missing","surface2Value":0.0,"gridDefinitionTemplate":0,"gridDefinitionTemplateName":"Latitude_Longitude","numberPoints":65160,"shape":6,"shapeName":"Earth spherical with radius of 6,371,229.0 m","gridUnits":"degrees","resolution":48,"winds":"true","scanMode":0,"nx":360,"ny":181,"basicAngle":0,"lo1":0.0,"la1":90.0,"lo2":359.0,"la2":-90.0,"dx":1.0,"dy":1.0}, "data":
[rows 78 to 103 of 181, columns 58 to 115 of 360]
8.053969,6.8939695,6.6639695,6.72397,6.6239696,7.0239697,6.97397,6.90397,6.49397,6.9239697,6.84397,6.2739697,6.95397,6.8939695,6.7139697,6.0639696,5.4339695,3.0439696,2.3239698,2.2139697,2.3539698,5.01397,0.28396973,5.9239697,3.7139697,3.4139698,2.3339698,1.3439697,-1.0160303,1.0439698,0.46396974,-1.2960303,-2.3660302,-3.0360303,-2.5060303,-2.6260302,-2.3960302,-1.8060303,-1.7660303,-1.8660302,-0.7260303,-0.7260303,-1.2760303,0.22396973,0.3639697,1.2539697,-0.8060303,-0.51603025,0.48396972,0.5339697,0.43396974,-1.5460303,0.11396973,0.60396975,0.60396975,0.27396974,0.023969727,0.13396972
7.7139697,6.59397,6.47397,7.3939695,6.47397,6.74397,7.28397,7.2139697,6.53397,6.9439697,6.51397,6.26397,5.65397,5.7939696,5.8339696,6.0039697,5.4339695,3.8239698,3.7739697,1.5039697,2.9839697,4.6639695,3.9939697,5.86397,5.9239697,4.1839695,3.5639696,2.6039698,1.5239698,0.54396975,0.20396973,-1.6960303,-3.1860304,-3.6860304,-2.1060302,-3.1260302,-3.2060304,-2.0260303,-1.9860302,-3.3660302,-2.1360302,-0.7260303,-1.6460303,-2.0560303,-1.5160303,0.18396972,0.08396973,-0.9060303,-1.5460303,0.30396974,-3.2060304,-1.9760302,0.31396973,0.5939697,0.32396972,0.093969725,0.98396975,0.55396974
7.2339697,6.7139697,6.53397,6.4339695,5.97397,6.6039696,7.49397,6.97397,6.20397,6.2539697,5.9239697,5.2739697,6.5439696,5.15397,5.0839696,4.65397,4.59397,4.6639695,2.6539698,3.6539698,2.5039697,2.9239697,4.47397,4.88397,5.5839696,5.07397,3.7339697,2.8739698,2.5639696,1.2639698,0.98396975,-0.7260303,-0.76603025,-1.4760302,-2.2960303,-2.9260302,-2.8860302,-2.6760302,-2.0560303,-1.0160303,-0.48603028,-3.1760302,-2.5960302,-2.5260303,-2.2860303,-1.1560303,-1.3260303,4.0039697,-1.8960303,-0.5360303,-0.5460303,-1.0260303,0.61396974,0.7539697,0.24396972,0.41396973,1.3239697,1.7739698
7.1939697,7.03397,6.0639696,5.4239697,5.8539696,6.1939697,6.5639696,6.4639697,6.2139697,5.20397,5.24397,4.65397,4.8739696,4.9639697,4.6039696,4.3939695,4.38397,4.4239697,2.3339698,2.9739697,0.6339697,2.7939696,2.4339697,0.42396972,4.9839697,5.11397,2.9839697,1.7239697,2.7839696,2.2739697,0.62396973,0.6439697,-0.016030274,0.14396973,-0.28603026,-1.4960303,-1.5160303,-1.4160303,-1.6660303,-1.1060302,-0.64603025,-1.2360302,-3.3460302,-2.0960302,-2.4260302,-1.8860303,-0.43603027,0.18396972,0.19396973,0.6339697,0.053969726,0.49396974,0.86396974,1.5839697,1.1539698,0.86396974,1.3839698,2.3939698
7.1439695,6.24397,5.8139696,6.1039696,6.49397,5.8339696,5.7939696,6.15397,5.7539697,5.72397,4.5439696,5.1839695,4.8139696,4.28397,3.8839698,3.7639697,4.3339696,5.0039697,3.8839698,6.40397,-0.4160303,-1.8660302,1.9739697,3.6239698,2.6239698,3.4139698,0.7139697,0.8339697,2.2539697,2.2739697,1.4639697,0.7739697,0.13396972,0.063969724,-0.40603027,-1.4060303,-1.8060303,-1.5160303,-1.4160303,-1.8260303,-1.0560303,2.0139697,-2.6160302,-2.0960302,-2.0160303,-1.2460303,-0.75603026,-0.24603027,0.9039697,1.3439697,1.4439697,0.92396975,1.7339697,1.7739698,1.4439697,1.3039697,1.0039697,2.6539698
6.51397,6.0639696,5.80397,6.3939695,5.90397,4.5839696,5.3139696,5.38397,5.7739697,5.1439695,5.1639695,4.5639696,4.4639697,3.3139696,2.8939698,3.8539698,4.2139697,4.80397,5.5039697,4.5039697,6.9239697,5.8539696,1.9039698,-1.6160302,-1.4560302,1.9439697,1.0739697,1.8639697,1.8539697,1.6139697,1.0039697,0.5239697,-0.16603027,-1.1260303,-0.56603026,-0.5460303,-2.2760303,1.0439698,1.9439697,0.37396973,-1.4260303,-0.6660303,0.15396972,-2.0360303,-2.1660302,-1.5360303,0.023969727,-0.68603027,0.34396973,1.5239698,1.6939697,0.9439697,2.7939696,2.0839698,3.0439696,2.0639696,1.9439697,4.1039696
6.5639696,6.0039697,6.3939695,5.47397,5.61397,4.1639695,4.4139695,4.55397,4.6439695,3.8739698,4.88397,4.47397,4.4439697,3.3539698,2.7439697,3.5639696,3.5239697,4.7939696,5.30397,5.5839696,7.2739697,8.11397,7.6939697,6.7139697,7.20397,4.6039696,2.9839697,3.8639698,3.2439697,2.2439697,1.7439697,1.2139697,1.7639698,2.1939697,1.7239697,0.87396973,-0.22603028,0.7039697,-0.27603027,0.44396973,-0.5360303,-1.0060303,0.9739697,0.8339697,-0.82603025,-2.4760303,-0.10603027,1.1339698,1.0239698,2.0139697,0.023969727,1.4139698,2.4639697,2.8539698,6.6939697,5.24397,3.2939696,4.01397
6.2139697,6.32397,6.2139697,4.97397,4.8339696,4.32397,3.2939696,4.0639696,5.15397,5.1239696,4.7339697,3.6139698,3.7139697,3.3139696,2.4139698,3.3239698,3.7539697,4.1939697,4.78397,6.0839696,7.5239697,8.27397,8.57397,8.56397,8.553969,7.8739696,4.22397,5.8339696,5.90397,4.2939696,3.6439698,3.4739697,3.7039697,2.2839696,4.57397,3.0039697,2.7239697,0.28396973,0.5339697,-0.37603027,-1.8560302,-1.0760303,-2.2560303,-0.13603027,0.80396974,-0.10603027,0.15396972,0.5339697,2.4439697,2.4739697,0.99396974,1.5439698,0.87396973,3.8239698,6.70397,4.6239696,5.2339697,3.0739698
6.36397,6.1039696,6.0839696,4.9139695,4.0639696,3.7739697,1.9739697,3.4139698,4.30397,5.07397,4.9439697,4.22397,3.8039696,2.4839697,3.1039698,3.3339698,3.8839698,4.5039697,4.99397,6.01397,7.84397,8.77397,8.9339695,8.803969,8.553969,8.49397,7.8539696,6.4439697,8.10397,7.1239696,7.2539697,6.9339695,5.5839696,4.1639695,2.9739697,5.2539697,3.7239697,1.3539697,-2.1260302,1.8439697,-1.1460303,-1.1460303,-3.1660302,0.3939697,-0.30603027,1.3039697,-0.7260303,2.4839697,3.7739697,2.1039698,1.9039698,1.9939697,-0.6160303,-0.30603027,1.9239697,4.53397,1.7239697,0.8939697
5.7739697,5.28397,4.63397,4.0439696,3.5439696,2.0539696,2.7039697,3.1839697,3.8339698,4.01397,4.8339696,0.9639697,2.6239698,2.4239697,2.5239697,4.4639697,3.5739698,3.6539698,4.34397,5.61397,7.1839695,8.23397,8.12397,8.53397,8.81397,8.883969,8.74397,8.58397,9.54397,8.803969,9.14397,8.923969,7.4339695,5.0039697,5.5239697,4.1839695,3.0939698,2.5339696,2.1139698,-1.7660303,0.98396975,0.093969725,-4.71603,-2.2960303,1.9639697,0.8439697,-0.016030274,1.5439698,3.6039698,4.47397,0.79396975,1.6839697,-1.1460303,-0.81603026,-1.3760303,1.0639697,0.023969727,0.14396973
3.6139698,3.4539697,3.1939697,2.4139698,2.6639698,1.4039698,2.0239697,2.5439696,3.2139697,4.4139695,6.9139695,1.2339697,2.0539696,2.1239698,2.4839697,4.05397,3.2939696,3.8639698,4.34397,5.30397,6.65397,7.8139696,7.49397,7.95397,8.48397,8.923969,8.86397,8.673969,8.85397,9.21397,9.40397,8.65397,7.9839697,6.2739697,7.11397,6.28397,2.6439698,1.6239697,3.0139697,1.3339697,-1.3160303,1.0439698,0.26396972,-0.6560303,-0.6560303,-0.19603027,1.0239698,0.62396973,1.7839698,1.0339698,3.4539697,0.0039697266,-3.4660304,-1.2160302,0.093969725,0.033969726,1.0539697,-0.33603027
2.0839698,1.6339698,0.44396973,0.98396975,0.6339697,0.7539697,1.1539698,1.4839697,2.0139697,3.5239697,4.84397,2.0639696,2.8039696,2.6239698,2.7239697,2.9039698,5.01397,3.7639697,4.6439695,5.0239697,6.1439695,6.4139695,7.3739696,8.61397,8.33397,9.10397,9.61397,9.58397,9.35397,9.383969,9.843969,9.343969,8.71397,6.3939695,6.3139696,5.2339697,4.09397,3.5539696,3.4139698,2.4139698,-0.8460303,-0.45603028,0.23396973,-1.2560303,-0.76603025,0.68396974,1.2139697,-0.056030273,-0.93603027,5.34397,2.6739697,3.3239698,0.08396973,-0.51603025,-0.5360303,0.35396972,-0.056030273,-0.5260303
1.2239697,0.15396972,-0.89603025,-0.8460303,-0.69603026,-1.3560302,0.15396972,-0.33603027,0.5939697,2.3039696,3.6739697,2.8739698,4.3139696,2.7739697,2.1439698,2.3239698,2.8839698,3.9739697,3.9439697,4.86397,5.88397,6.8539696,7.38397,8.44397,9.23397,9.77397,9.673969,9.81397,10.33397,10.36397,10.173969,9.35397,9.10397,7.2539697,5.9639697,4.53397,3.4639697,4.0639696,3.7639697,2.5439696,-0.75603026,-3.1460302,0.07396973,-1.1460303,-0.48603028,0.29396972,-0.6560303,1.1439698,1.4339697,1.9839697,-3.7860303,1.4339697,-0.9960303,-1.4260303,-1.0360303,-0.29603028,-0.116030276,-0.56603026
0.08396973,-0.7460303,-1.9560302,-2.1660302,-2.3360302,-2.3360302,-1.6860303,-0.82603025,0.013969727,0.3339697,3.9539697,4.5039697,4.2539697,2.9639697,2.7939696,2.7939696,2.5139697,3.0039697,4.05397,5.11397,5.6839695,6.2739697,7.5039697,8.133969,9.28397,9.99397,10.20397,10.32397,10.31397,10.593969,10.37397,10.08397,9.24397,8.19397,6.76397,5.0439696,2.2839696,2.9339697,2.4539697,0.6339697,-3.1060302,-2.0360303,0.66396976,-0.056030273,-1.4260303,-0.33603027,-0.31603026,2.1839697,2.1739697,-2.1460302,-5.09603,-3.3460302,-0.04603027,-1.0260303,-0.5560303,-0.34603027,0.37396973,-0.32603028
-1.3060303,-2.0060303,-3.1860304,-3.4460304,-3.2960303,-2.7260303,-2.3460302,-2.4160302,-1.4160303,0.38396972,3.2339697,5.09397,4.26397,3.9639697,3.1839697,2.3339698,2.6739697,2.5539696,3.9139698,4.90397,5.5039697,5.9839697,6.7539697,8.07397,8.60397,9.99397,10.77397,10.843969,11.37397,11.89397,10.723969,9.71397,8.95397,6.9839697,5.6239696,4.59397,3.4139698,2.1539698,3.1939697,1.2839698,1.9139698,-2.8760302,-0.016030274,1.8739697,-2.3760302,-0.75603026,0.37396973,-0.6760303,-0.34603027,-2.8660302,-5.09603,-5.1260304,2.0739698,-1.1060302,-1.1960303,-0.44603026,0.19396973,-1.2060302
-2.8560302,-2.7260303,-4.46603,-4.7260303,-4.27603,-4.0560303,-2.5160303,-3.2060304,-3.6660302,-2.5260303,-0.30603027,-0.82603025,3.5439696,4.6039696,2.9439697,0.86396974,1.1339698,1.7339697,2.8439698,3.7239697,3.5839698,4.4439697,5.2539697,6.1939697,7.8139696,8.61397,9.99397,10.03397,10.133969,11.9339695,12.16397,9.803969,8.763969,7.99397,5.65397,4.0039697,3.1939697,3.3339698,3.2639697,2.3939698,1.3239697,-0.7460303,-1.5460303,-0.51603025,1.1639698,-1.0860302,-1.5060303,-1.0260303,-1.9560302,-4.5760303,-3.0160303,-5.5760303,-5.7260303,-2.2360303,-1.1660303,-1.7360302,-0.5460303,-1.3960303
-3.5660303,-3.7860303,-5.29603,-5.86603,-4.6460304,-5.21603,-4.42603,-4.3560305,-5.1660304,-4.3760304,-4.23603,-5.90603,-2.4660304,1.4539697,0.22396973,-0.64603025,-1.6760303,-0.75603026,-0.46603027,0.16396973,0.56396973,1.5339698,3.0739698,4.57397,4.34397,4.78397,7.49397,8.48397,8.56397,11.33397,9.83397,8.843969,7.22397,5.3339696,5.8139696,4.1239696,3.0339696,1.6839697,1.1739697,0.67396975,-1.5860302,-3.2060304,-2.6660302,-2.9260302,-0.19603027,1.3039697,-1.5560303,-1.7660303,-3.7460303,-5.54603,-5.5860305,-5.90603,-5.7460303,-5.8960304,-5.36603,-4.88603,-5.8760304,-3.3460302
-4.25603,-4.40603,-6.11603,-6.29603,-5.3260303,-6.21603,-5.88603,-5.5360303,-6.0660305,-5.4160304,-5.29603,-3.9960303,-6.0160303,-6.38603,-5.13603,-3.8660302,-2.9460304,-3.0360303,-3.3560302,-2.6260302,-2.2660303,-0.9660303,0.28396973,1.0639697,2.1739697,1.9239697,4.78397,3.3939698,9.053969,6.40397,6.1439695,5.13397,3.3539698,4.5039697,3.4439697,1.9639697,1.0139698,1.3139697,0.7139697,-0.82603025,-2.3760302,-5.23603,-3.2660303,-4.0360303,-3.0460303,-0.16603027,1.2739698,-2.1160302,-6.0760303,-5.75603,-5.5360303,-6.27603,-5.44603,-5.09603,-5.11603,-5.3260303,-5.48603,-5.0760303
-4.2860303,-4.94603,-6.21603,-7.25603,-6.46603,-6.29603,-6.7860303,-5.9360304,-5.8760304,-5.3960304,-5.00603,-4.02603,-5.1260304,-6.00603,-6.36603,-4.61603,-4.7860303,-4.75603,-4.59603,-3.8960302,-3.5460303,-2.7360303,-1.3860303,-0.94603026,-1.4760302,-1.1260303,0.40396973,-1.0560303,-0.39603028,-1.3760303,-5.5660305,-4.7260303,-1.4960303,3.3639698,1.1539698,0.37396973,-1.3860303,-1.5860302,-0.39603028,-2.2160304,-4.0360303,-4.6460304,-4.9960303,-5.5560303,-5.36603,-4.15603,-3.0160303,-1.2360302,-2.2360303,-4.63603,-7.21603,-4.3160305,-3.4860303,-5.19603,-3.9660304,-3.2460303,-5.1660304,-6.2460303
-5.3260303,-5.5860305,-6.77603,-7.8960304,-6.6860304,-6.38603,-6.4760303,-6.84603,-5.61603,-4.5860305,-3.9160302,-4.4360304,-3.9460304,-4.8260303,-5.52603,-5.1060305,-5.3760304,-5.3260303,-5.4160304,-4.6060305,-4.38603,-4.1660304,-3.7060304,-3.5760303,-2.9260302,-3.0460303,-2.2760303,-2.4960303,-2.9660304,-2.7660303,-4.50603,-5.69603,-5.90603,-1.5760303,-2.6660302,-3.5960302,-3.4360304,-3.0760303,-2.8560302,-4.63603,-6.3160305,-6.67603,-6.69603,-7.2260303,-6.73603,-6.6460304,-6.96603,-8.3160305,-4.65603,1.4939697,-1.8760303,1.0839697,-0.14603028,-1.4460303,-2.0460303,-1.6860303,-4.77603,-5.5660305
-5.96603,-5.8260303,-5.96603,-6.9560304,-6.52603,-7.00603,-6.77603,-6.4360304,-6.0660305,-5.1460304,-4.0660305,-4.42603,-5.13603,-4.65603,-4.73603,-4.7660303,-5.21603,-5.52603,-5.6460304,-5.17603,-5.2660303,-4.8060303,-4.8560305,-5.1260304,-5.0760303,-5.2860303,-4.5860305,-3.4560304,-4.8960304,-7.1860304,-7.5660305,-9.04603,-8.946031,-6.75603,-5.04603,-4.6460304,-5.3160305,-5.2060304,-5.42603,-6.88603,-7.79603,-6.8760304,-7.7260303,-7.77603,-7.5860305,-7.11603,-8.156031,-8.53603,-9.38603,-10.5660305,-8.45603,-6.1060305,-4.8060303,0.13396972,1.8139697,-1.7960303,1.6239697,-0.6560303
-6.2860303,-5.1660304,-4.4960303,-7.3760304,-6.92603,-7.1060305,-6.48603,-6.2260303,-6.0760303,-5.34603,-3.9960303,-2.9360304,-3.9660304,-4.67603,-5.4360304,-5.1660304,-5.1660304,-4.5560303,-5.1060305,-6.3260303,-5.9360304,-5.6060305,-6.0760303,-5.98603,-5.9160304,-5.9760303,-6.15603,-5.63603,-7.34603,-8.21603,-8.76603,-10.51603,-10.34603,-8.58603,-7.61603,-7.8260303,-7.21603,-6.8960304,-7.8760304,-8.13603,-7.9160304,-8.776031,-8.986031,-8.16603,-8.26603,-8.0660305,-8.03603,-8.696031,-9.59603,-9.83603,-8.91603,-7.77603,-6.8960304,-6.1860304,-7.3760304,-7.6060305,-6.3360305,-5.09603
-6.4760303,-5.59603,-6.3560305,-6.90603,-7.34603,-7.0760303,-6.3060303,-6.71603,-6.1260304,-6.0860305,-4.6060305,-3.9360304,-3.4660304,-3.7260303,-3.8960302,-5.42603,-4.7860303,-4.5160303,-4.4360304,-5.09603,-6.7060304,-6.17603,-6.21603,-6.0360303,-5.9760303,-6.00603,-6.44603,-6.8260303,-8.26603,-9.01603,-9.00603,-9.38603,-9.33603,-9.16603,-8.00603,-7.7460303,-8.58603,-7.98603,-7.92603,-8.64603,-9.78603,-9.96603,-9.446031,-8.03603,-8.156031,-7.1860304,-7.59603,-8.156031,-9.03603,-9.63603,-9.38603,-7.36603,-6.59603,-6.1660304,-8.826031,-8.0660305,-7.0760303,-6.4560304
-6.71603,-5.92603,-7.13603,-7.0360303,-6.71603,-6.17603,-7.13603,-6.8960304,-6.92603,-5.84603,-5.3360305,-3.4760303,-3.3360302,-3.4960303,-3.4960303,-4.21603,-5.61603,-4.7460303,-4.8960304,-4.6860304,-5.2060304,-6.8360305,-6.2860303,-5.4560304,-5.59603,-6.0860305,-6.6860304,-7.0860305,-7.65603,-8.80603,-8.486031,-9.28603,-9.55603,-9.04603,-8.88603,-9.59603,-10.076031,-10.406031,-9.92603,-9.83603,-9.12603,-9.83603,-9.80603,-8.30603,-7.8760304,-7.88603,-8.10603,-9.04603,-8.736031,-8.96603,-9.076031,-7.2060304,-6.0660305,-8.39603,-8.88603,-8.14603,-7.3260303,-7.17603
-7.0760303,-6.9360304,-7.2660303,-7.0860305,-7.63603,-7.5560303,-7.71603,-7.40603,-6.5860305,-5.71603,-5.4960303,-4.1660304,-4.1060305,-2.3560302,-3.4460304,-5.6860304,-5.0560303,-5.2860303,-5.7260303,-5.48603,-5.25603,-4.6660304,-6.0160303,-5.9160304,-4.77603,-5.75603,-6.27603,-7.5760303,-7.3060303,-8.276031,-8.8160305,-8.85603,-9.59603,-8.866031,-9.37603,-9.986031,-10.10603,-9.33603,-9.34603,-8.01603,-8.67603,-8.906031,-8.93603,-7.86603,-7.8060303,-7.86603,-7.96603,-8.076031,-8.88603,-9.18603,-9.93603,-7.27603,-6.25603,-6.6860304,-8.42603,-8.156031,-8.05603,-7.4560304
-6.8360305,-7.0160303,-6.63603,-6.8260303,-7.6460304,-7.4360304,-7.6860304,-7.8260303,-6.9560304,-5.5660305,-5.67603,-4.44603,-3.9260302,-2.8560302,-4.15603,-5.69603,-5.8060303,-5.61603,-5.7260303,-5.98603,-6.2260303,-4.69603,-5.1460304,-4.8060303,-5.09603,-6.13603,-6.21603,-6.1860304,-7.4360304,-6.96603,-7.3160305,-8.21603,-9.03603,-8.526031,-8.50603,-8.96603,-8.656031,-8.68603,-8.616031,-8.49603,-7.59603,-7.71603,-7.42603,-7.73603,-7.5760303,-7.71603,-7.69603,-7.6060305,-7.86603,-7.88603,-8.446031,-7.5760303,-7.38603,-6.6060305,-7.3960304,-7.98603,-8.42603,-7.27603
