json-data/2022072306.json
{"header": {"discipline":0,"disciplineName":"Meteorological products","gribEdition":2,"gribLength":78641,"center":7,"centerName":"US National Weather Service - NCEP(WMC)","subcenter":0,"refTime":"2022-07-23T06:00:00.000Z","significanceOfRT":1,"significanceOfRTName":"Start of forecast","productStatus":0,"productStatusName":"Operational products","productType":1,"productTypeName":"Forecast products","productDefinitionTemplate":0,"productDefinitionTemplateName":"Analysis/forecast at horizontal level/layer at a point in time","parameterCategory":2,"parameterCategoryName":"Momentum","parameterNumber":3,"parameterNumberName":"V-component_of_wind","parameterUnit":"m.s-1","genProcessType":2,"genProcessTypeName":"Forecast","forecastTime":0,"surface1Type":103,"surface1TypeName":"Specified height level above ground","surface1Value":10.0,"surface2Type":255,"surface2TypeName":"Missing","surface2Value":0.0,"gridDefinitionTemplate":0,"gridDefinitionTemplateName":"Latitude_Longitude","numberPoints":65160,"shape":6,"shapeName":"Earth spherical with radius of 6,371,229.0 m","gridUnits":"degrees","resolution":48,"winds":"true","scanMode":0,"nx":360,"ny":181,"basicAngle":0,"lo1":0.0,"la1":90.0,"lo2":359.0,"la2":-90.0,"dx":1.0,"dy":1.0}, "data":
[rows 81 to 107 of 181, columns 59 to 117 of 360]
5.4053,4.5953,4.7753005,3.2653003,3.4753003,3.0553002,2.2153003,1.2653003,0.3553003,-0.7546997,-1.0346997,-1.6746997,-2.1046996,-2.1246996,-3.2646997,-3.2046998,-3.3846998,-3.7146997,-1.4346997,-0.4346997,3.7353003,4.7953005,1.8753003,3.5253003,2.5053003,-0.3146997,3.8253002,4.2853003,4.6353,3.7553003,3.6953003,3.8853004,2.4553003,3.3253002,5.1053004,4.7253003,3.7053003,2.1653004,1.1653003,0.8253003,1.5053003,-0.4746997,0.3653003,0.6553003,-0.60469973,-2.2146997,-0.9846997,0.2453003,-0.7046997,-0.3846997,-1.2146997,-1.4046997,-1.1446997,-2.0246997,-1.5446997,-0.9846997,-0.06469971,1.0153003,2.5053003
4.3853,3.9253004,4.3153005,3.1153002,2.3153002,1.6153003,0.7853003,0.7853003,-0.2446997,-0.27469972,-1.5046997,-1.7946997,-1.7446997,-1.9346997,-2.3846998,-2.7946997,-2.8346996,-3.4246998,-3.8646996,5.1253004,4.5053005,4.2453003,2.4853003,0.6553003,0.8653003,6.3553004,5.8453,6.7053003,6.2953005,5.8553004,5.3953004,3.5853002,3.6053002,6.7753005,5.5853004,4.2653003,4.0053005,2.4053004,1.7653003,0.3153003,0.6853003,0.8153003,-1.5846997,0.2953003,-0.60469973,-2.1646998,-1.4446998,-1.8246998,-1.4446998,-1.8646997,-1.8846997,-1.7046998,-2.1546998,-1.8246998,-1.6646997,-1.0146997,-0.5446997,0.20530029,0.10530029
3.9553003,3.8653002,3.7153003,3.8953004,3.4053004,2.8753004,1.6153003,0.3653003,0.06530029,-0.10469971,-0.5946997,-1.3546997,-2.2046998,-1.5946997,-1.6446997,-2.3146996,-2.9746997,-1.6446997,-1.0446997,1.0353003,2.3253002,1.6853004,-0.8846997,-1.5346997,6.0953,6.5253005,6.8853,6.9353004,5.9553003,5.9153004,5.2153,5.2053003,4.2653003,2.1653004,1.4653003,4.1553,3.1753004,1.4753003,0.7053003,-0.3246997,-0.124699704,0.18530029,-3.4746997,-0.2446997,-0.36469972,-1.9046997,-3.0646996,-2.1446998,-1.7946997,-1.7246997,-1.3446997,-1.9946997,-1.7546997,-1.1246997,-0.9446997,-0.6546997,-0.3246997,-0.124699704,-2.3546996
5.1953,3.8253002,3.3453002,3.1153002,2.5153003,2.4753003,1.6053003,1.4953003,0.58530027,-0.06469971,-0.8346997,-1.6046997,-2.4346998,-2.4146998,-2.4146998,-2.0746996,-1.4846997,-1.0846997,0.035300292,1.0453002,1.8153003,1.0753003,3.7853003,5.7253003,5.6153,6.0853004,5.7853003,5.5553,5.0853004,4.9253,5.0053005,5.0453005,4.3253,3.2453003,2.4453003,3.0253003,1.0253003,1.3253003,-0.5346997,-0.7646997,-1.4946997,-1.3446997,-0.27469972,-0.8846997,-0.6746997,-2.7346997,-3.4646997,-2.6546998,-2.0846996,-2.0946996,-2.3946998,-1.8446997,-1.3746997,-1.1646997,-1.2046998,-0.8246997,-0.6846997,-1.7446997,-0.60469973
4.7453003,4.2453003,2.5653002,1.8753003,2.0953002,2.6453004,1.8153003,0.6153003,0.7353003,0.64530027,0.1353003,-1.2046998,-1.7946997,-1.8846997,-2.3146996,-2.0246997,-1.7646997,-1.1146997,0.10530029,0.6153003,1.2253003,1.7753003,1.5453002,2.0253003,3.0753002,4.7553005,5.5653005,5.7053003,4.9853,5.0853004,5.6253004,5.2353,4.3253,3.3953004,2.5353003,0.8753003,-3.1646998,-1.6446997,-1.2646997,-1.8946997,-1.8346997,-0.8946997,-0.2146997,-0.66469973,-1.7946997,-2.7746997,-3.1546998,-3.6946998,-3.6846998,-3.1346998,-2.2846997,-1.3946997,-3.0646996,-1.1746997,-0.8246997,-0.6346997,-3.1246996,0.15530029,0.9953003
4.1153,3.7153003,2.1953003,1.5053003,0.7453003,0.8453003,1.3053002,0.6953003,0.5353003,1.0253003,0.7353003,-0.30469972,-1.4846997,-2.4246998,-1.7846997,-1.5546997,-1.4246997,-0.66469973,0.20530029,0.6553003,1.6353003,1.2953002,0.8853003,2.4153004,3.2553003,4.7353,5.1053004,4.9753003,5.4853,5.7053003,5.0053005,4.4553003,4.4253,2.4353004,1.1253003,-1.0846997,-5.0347,-5.3447,0.035300292,-1.4146997,-0.7146997,-0.054699708,1.1353003,-0.7346997,-0.6446997,-2.6346998,-3.0146997,-3.2946997,-2.9646997,-4.9247,-2.0646996,-2.1146996,-1.4446998,-1.5046997,-0.18469971,-0.8046997,-0.8446997,0.07530029,1.1553003
3.7353003,3.8753004,2.6853004,2.5553002,2.0153003,1.8153003,1.6653003,2.2953002,1.8853003,1.6753002,0.64530027,-0.3246997,-1.5846997,-2.3446996,-2.3846998,-2.2746997,-2.0246997,-1.7146997,-0.7046997,0.3653003,1.9353004,1.7953002,2.0553002,1.8653003,3.1853004,4.5553,4.4153004,4.4653,4.4153004,5.9553003,5.2253003,4.6553,4.2653003,3.0253003,1.1653003,-2.3946998,-5.8247,-6.4546995,-3.5846996,-0.6846997,-1.8246998,-1.0846997,0.7153003,-0.2546997,-1.3346997,-2.8046997,-3.9346998,-3.1046996,-2.1146996,-1.4846997,-0.8846997,0.15530029,1.3653003,-3.7546997,-1.7946997,-0.3246997,-0.4246997,0.5753003,-0.5546997
3.5353003,3.3253002,3.0253003,2.5853002,2.7453003,1.8353003,1.4553003,3.0153003,4.0253005,2.2453003,1.5853003,0.1453003,0.25530028,-0.5246997,-2.5646996,-2.7746997,-1.9946997,-0.6546997,-0.6346997,-0.17469971,0.10530029,-0.5446997,1.1353003,0.4653003,3.0253003,4.1253004,4.6253004,4.0953,3.7453003,3.6553004,4.5053005,4.4253,2.6853004,2.4953003,1.3553003,-2.7946997,-6.1147,-7.1947,-5.1147,1.1853004,0.3953003,-0.4046997,-1.0046997,0.3353003,0.18530029,-3.1746998,-3.4646997,-1.6246997,-1.1446997,-1.2146997,-1.5346997,-1.5546997,-1.1746997,0.2953003,0.20530029,0.3753003,0.64530027,0.41530028,1.8053002
4.1653004,4.5553,3.6053002,2.2553003,1.5353003,2.0353003,1.5153003,3.0053003,3.9253004,0.6353003,1.7553003,2.5253003,1.0753003,0.77530026,-2.3546996,-2.0646996,-1.7446997,-1.8246998,-0.5246997,-0.8046997,-0.5346997,-0.2146997,0.7453003,3.2653003,2.6153002,3.3653002,3.3653002,3.8953004,3.6153002,3.1153002,3.1153002,3.8653002,2.0853002,-0.124699704,-0.3446997,-4.2647,-5.3346996,-5.5547,-4.8546996,-0.7846997,2.1853004,-0.6346997,0.2253003,-1.4246997,-3.3646996,-1.1146997,-2.1946998,-0.3846997,-0.5646997,2.5253003,1.6053003,0.3953003,-0.11469971,1.2753003,1.2653003,1.6453003,1.2853003,1.0253003,1.8453003
5.8453,5.1153,3.6353004,2.3753004,1.1653003,2.8053002,2.8253002,3.4653003,3.5353003,1.8853003,2.4253004,2.7353003,2.1053002,2.1053002,0.4653003,0.045300294,-0.66469973,0.18530029,0.7153003,1.2053003,-0.014699707,2.2853003,1.8453003,3.0153003,3.3453002,3.7753003,3.4153004,2.4653003,3.0253003,3.9953003,2.6953003,1.8953003,1.1353003,0.5753003,-2.2646997,-3.5446997,-4.4646997,-3.5246997,-3.0246997,-1.5746998,1.4053003,1.1153003,-1.3746997,-1.2546997,-0.7546997,-0.3946997,-1.6246997,0.1353003,-0.17469971,3.7153003,2.4553003,-0.9646997,0.7153003,1.5053003,1.2953002,1.0153003,1.7953002,-0.06469971,1.2953002
6.1453004,6.0353003,4.2153,3.1353004,3.1053002,2.7753003,3.6153002,3.5353003,2.5953002,1.8553003,1.9953003,3.0953002,4.9353004,3.8653002,3.9253004,2.5253003,1.8853003,1.3453003,0.2753003,-0.11469971,0.4553003,2.1853004,1.9853003,2.6653004,3.5153003,2.9553003,2.5553002,2.3353002,1.7053003,1.7853003,1.4453003,0.7553003,-0.8946997,-0.7446997,-1.9946997,-2.3846998,-2.6546998,-2.2646997,-2.4446998,-2.0646996,-2.8146996,0.4653003,-0.7546997,0.10530029,-0.06469971,-2.4546998,-0.7046997,-0.5746997,1.4753003,3.5253003,3.7653003,1.4553003,0.7053003,-0.2146997,1.1253003,0.2453003,1.3353003,0.7353003,3.2553003
6.4753003,6.0353003,5.5653005,4.4153004,3.6653004,4.2553005,3.5653002,2.9253004,3.3653002,3.6953003,4.2853003,5.1753,5.1553,5.1353,4.5953,4.0153003,4.0453005,4.4653,1.6053003,0.4653003,0.6053003,0.2453003,1.6653003,0.3453003,0.3953003,1.9953003,1.6053003,1.2253003,2.0053003,1.2553003,-0.5846997,-2.8646996,-2.3646996,-2.4546998,-0.6946997,-1.1246997,-1.3446997,-1.6246997,-1.3046997,-1.5046997,1.0153003,-0.9946997,0.3453003,-0.5746997,-0.33469972,-1.2146997,-1.2246997,-1.8346997,2.8353002,3.6253004,3.3253002,3.7553003,0.5053003,1.2753003,1.0453002,1.4453003,1.2753003,2.0653002,6.1853004
6.7453003,6.0553,5.6453004,4.9753003,4.8853,5.7553005,5.4253,5.7853003,5.7453003,5.8753004,6.8653,6.9653,6.4153004,6.3653,6.0753,5.1653004,4.1453004,4.4853,4.1453004,3.5253003,2.5553002,1.1453003,-1.8346997,-0.5546997,1.1753002,1.8253003,2.2553003,2.3453002,0.38530028,-0.8646997,-2.5446997,-2.2846997,-2.1846998,-0.20469971,0.8053003,0.5753003,-0.1946997,-1.7846997,-0.5646997,-0.15469971,-0.1346997,1.0653003,-0.11469971,0.10530029,-0.6846997,-0.3546997,-0.4446997,0.5753003,2.4353004,1.9753003,3.1053002,2.7953002,2.2953002,1.1753002,3.5053003,1.3153003,2.0653002,1.6553003,4.3453
6.4653,6.5353003,6.3053,6.3753004,6.0253005,6.4353004,7.5253005,6.9253,6.6953,7.4753003,7.0853004,6.4653,5.9153004,5.6353,6.0053005,5.8953004,4.3953004,3.5853002,3.7153003,1.8153003,-2.3646996,1.4053003,2.7753003,6.4153004,3.7753003,1.9953003,3.6953003,4.2353,4.0353003,-0.8946997,-4.6046996,-2.4246998,0.9153003,2.4453003,2.7053003,2.7353003,2.9353004,0.8053003,0.8653003,1.3353003,1.5153003,1.2453003,-0.5546997,2.5653002,-1.0046997,-0.9946997,-0.3446997,-0.03469971,1.4653003,2.8853004,2.6653004,2.6353004,2.7953002,2.8453002,2.0253003,3.0353003,1.9353004,4.6253004,6.1853004
5.5953,5.6653004,6.2053003,6.2853003,6.2153,6.5753,6.5253005,6.4253,6.3653,6.5953,6.8253,6.3953004,6.2353,6.2253003,5.7953005,5.1453004,5.0853004,3.1853004,2.3153002,2.9953003,2.5253003,3.3653002,3.4553003,4.3053,4.7353,2.2453003,6.6153,8.1453,1.3353003,3.6253004,2.6553004,2.2353003,3.9753003,3.0253003,4.0853004,1.9653003,2.3153002,4.4453,3.9753003,3.7753003,4.0153003,4.7253003,3.7253003,2.9953003,5.1653004,0.0053002927,-0.2446997,-0.2546997,0.89530027,2.2353003,2.5353003,3.6153002,3.1553004,2.7253003,2.3653002,3.4853003,3.5253003,3.6153002,5.3353004
5.3253,5.3153005,5.6753,5.5553,6.0753,6.0953,5.8953004,6.2553005,6.0553,6.3653,6.2353,6.0653005,6.7353,5.8153005,4.9153004,3.8353002,3.7553003,3.7253003,4.0853004,4.8953004,4.5453005,3.1653004,3.9753003,4.0353003,3.8853004,4.5753,3.8553002,3.7453003,3.2153003,4.9953003,5.6253004,5.1653004,3.8153002,4.1153,5.6953,5.8153005,4.6753,5.5553,4.9153004,5.5353003,5.7853003,5.5553,5.0953,5.0153003,5.1853004,4.4853,2.2153003,-2.2946997,-4.0846996,0.9453003,2.3953004,1.7753003,3.6253004,3.1953003,2.4653003,4.1353,2.7253003,2.2753003,4.1453004
4.9653,5.1253004,5.3353004,5.1053004,5.3453,5.2553005,5.5053005,5.8853,5.7753005,6.0453005,6.0953,6.5053005,6.0153003,5.1453004,5.3253,4.2953005,3.6053002,4.1853004,4.7153,5.3253,5.7053003,6.1753,6.7453003,7.3753004,7.2453003,7.2653003,6.8453,5.3753004,4.7953005,6.0153003,6.4153004,6.0553,5.2353,3.9153004,4.8153005,6.4453,5.5353003,5.8853,6.1353,6.7553005,7.1553,6.9853,7.0553,6.5753,5.2753005,3.9953003,4.8253,6.8353004,1.5053003,0.9753003,3.4653003,-1.4646997,3.1053002,3.0553002,2.2853003,2.7753003,5.7053003,4.1853004,2.5253003
4.9653,4.9953003,5.0353003,5.1753,5.1953,5.1353,5.4553003,5.4653,5.3153005,5.6853004,5.6353,6.2653003,5.8953004,5.2553005,5.0853004,4.2553005,4.0553,4.2953005,4.7653003,4.9353004,5.5653005,6.8853,7.1553,7.6153,8.1053,7.7153,7.0553,5.3553004,5.2553005,5.5553,6.4053,6.5953,6.2453003,5.2253003,4.4953003,5.9053,7.1853004,7.2153,7.6453004,7.6753,7.2853003,6.6653004,7.1053004,7.2853003,6.5753,6.4653,6.4653,6.2653003,4.7753005,3.2853003,4.0653005,4.9053,4.7353,5.3353004,1.2053003,1.2953002,-1.7446997,9.9353,1.2253003
4.1953,4.3353004,4.8653,4.7553005,4.8353004,4.7453003,4.8153005,4.8053,4.5853004,4.7953005,5.2553005,5.8053,4.4753003,4.5853004,5.1153,4.7553005,4.2553005,4.1953,4.6253004,5.2653003,5.8453,6.5753,7.4353004,7.4353004,7.6453004,7.4253,7.1253004,6.8053,5.2753005,5.3953004,6.0953,6.1053004,6.0653005,5.9253,3.6453004,5.4553003,5.7553005,6.3053,6.6853004,7.1253004,7.1953,7.4753003,7.3253,6.4253,6.5053005,6.5053005,6.5353003,6.5353003,6.4953003,6.2253003,4.7953005,4.7453003,4.9153004,5.3353004,5.0753,4.6553,4.6053004,5.1953,3.3453002
3.5953002,3.7753003,3.8753004,3.6653004,3.7753003,4.2253003,4.4053,4.5353003,3.8753004,4.4653,5.2653003,5.6053004,5.6153,5.2653003,5.0453005,4.7053003,4.1953,4.6453004,4.6253004,4.8553004,5.9153004,6.4853,7.1653004,6.9453,7.8253,7.8253,6.7353,6.5653005,6.1953,5.1753,5.3153005,5.8653,5.5453005,5.4253,4.6553,3.2353003,4.0653005,4.3053,4.9553003,5.8953004,6.2453003,6.0853004,5.3453,5.4653,5.7553005,5.5253005,5.5753,5.5853004,5.5753,4.9453,4.6653004,4.8153005,4.4453,5.1453004,4.8953004,4.1753,3.4953003,3.3153002,3.5153003
3.2953002,3.0753002,3.5353003,3.1953003,3.4653003,4.1853004,4.6153,3.9153004,3.6153002,4.0853004,5.6953,6.8953004,8.6553,7.5253005,6.5453005,4.8953004,4.8253,5.0953,5.1453004,5.6953,5.9953003,6.5153003,6.7053003,7.3653,8.1053,8.2253,7.5553,6.7753005,5.8653,5.5353003,5.0253005,5.4553003,5.5153003,4.8053,5.7453003,5.2353,4.9653,4.1053004,4.7853003,4.5353003,4.7753005,4.7353,4.1753,4.8353004,5.0353003,4.3953004,4.4353004,4.5453005,4.8953004,4.7453003,5.4653,5.0453005,4.0853004,3.6653004,3.7553003,3.5953002,3.5353003,2.7453003,2.1653004
4.5653005,3.6553004,3.4453003,3.1453004,3.0153003,3.5553002,4.3853,4.1853004,4.2953005,4.9153004,6.2853003,7.3453,7.5653005,7.5453005,6.7053003,6.0353003,4.8853,4.8453,5.2653003,5.8653,5.8853,6.9053,7.6253004,7.6253004,7.6153,8.0253,8.9153,7.6953,6.4753003,4.8753004,5.3153005,5.3453,5.7353,5.3553004,5.3753004,5.4853,5.6253004,4.0153003,5.0253005,4.4153004,4.4153004,4.3653,4.9753003,4.7553005,4.6353,3.8353002,3.4653003,3.9253004,3.9953003,4.3253,4.6653004,4.5053005,4.6053004,4.4553003,3.0853002,3.0053003,2.5153003,2.0453002,1.8753003
5.2853003,4.7053003,4.7753005,4.0153003,3.6253004,3.6553004,4.2553005,4.5853004,4.8753004,5.4153004,6.2653003,6.5153003,6.9853,7.6253004,7.1253004,6.4553003,6.2253003,5.0053005,5.1353,5.2953005,5.1053004,5.9653,6.2153,6.6853004,6.4853,6.7353,7.2553005,7.0553,7.8753004,6.8653,6.2253003,5.9953003,5.9353004,6.5553,6.8753004,6.7253003,6.0053005,5.9653,6.0253005,6.5853004,5.7453003,4.9853,4.2753005,3.9453003,3.5853002,3.7253003,3.2353003,3.9653003,2.1153002,2.8253002,3.8153002,4.2753005,3.5853002,3.5053003,3.7253003,2.7553003,1.7653003,1.4653003,0.8853003
5.7753005,5.5553,5.2353,5.2953005,5.1053004,4.9153004,4.1153,4.2253003,4.0453005,4.1353,4.7853003,4.9553003,5.3053,6.7553005,7.4353004,7.1353,6.5253005,6.2553005,5.5553,5.9953003,5.7153,5.7453003,6.5053005,6.4653,6.4753003,6.2453003,6.7153,6.8553004,6.2353,7.1753,6.8453,6.4053,6.2453003,6.8053,7.7053003,7.9053,8.5053005,8.3553,8.885301,8.8153,8.2453,7.9853,7.6353,8.0853,7.8353004,8.5053005,4.8953004,2.1653004,1.6453003,2.7853003,2.8253002,3.5353003,4.4853,4.1753,2.0353003,2.2853003,1.5153003,1.0053003,0.4653003
5.2653003,5.2953005,5.5053005,5.2153,5.5353003,5.3153005,5.3453,4.9353004,5.4853,3.7753003,3.7653003,3.4353004,3.8153002,4.2853003,5.7753005,5.9953003,6.0653005,5.9553003,5.3653,4.5553,4.5053005,5.7053003,6.4353004,6.5153003,6.1753,5.5953,5.7853003,6.4753003,7.0753,7.1153,7.1553,6.5053005,6.2653003,6.6253004,6.5353003,7.2753005,7.7053003,7.9653,8.345301,8.4853,8.175301,7.5353003,8.2353,8.2053,8.9953,9.5753,10.095301,9.4553,2.2653003,3.3153002,2.3853004,3.0753002,3.7853003,5.5053005,6.3153005,3.0053003,1.3253003,1.6453003,1.0953003
5.1253004,4.9653,5.0253005,5.2153,5.3153005,5.7153,5.4653,5.3553004,4.6853004,4.7453003,4.0853004,4.8053,3.5853002,3.5653002,3.9453003,3.5253003,4.4953003,4.9453,4.4853,4.4853,4.5953,5.6053004,5.6753,5.8653,5.5853004,5.4753003,5.3953004,5.0553,5.1453004,5.6453004,6.2453003,6.3653,5.4453,5.4353004,6.1053004,6.8953004,7.2353,7.5953,8.0453005,8.3953,8.9453,9.0053005,9.1853,8.5853,8.3253,8.845301,8.6253,8.2853,8.595301,7.7553005,7.0153003,7.4153004,7.3953004,7.0753,5.9353004,4.6853004,3.5353003,2.7253003,1.9053003
4.1253004,4.4253,5.0653005,4.9853,4.7553005,4.9953003,4.9553003,5.0553,5.4453,5.7553005,5.4053,4.1353,4.7053003,4.0553,3.4153004,2.4653003,2.7453003,3.3453002,4.5153003,3.9453003,3.9653003,4.9553003,5.3453,5.5453005,4.7953005,4.1153,5.2653003,5.0353003,4.7753005,4.4353004,4.7953005,4.9453,6.5353003,6.9153004,7.3253,7.5153003,7.5553,7.9853,7.9753003,8.305301,8.4453,8.845301,8.9753,9.1953,9.715301,10.0453005,8.8353,8.715301,8.5653,7.9453,7.9253,8.0653,7.9853,7.3053,7.6453004,7.0853004,4.2353,2.4653003,2.0053003
