json-data/2022072506.json
{"header": {"discipline":0,"disciplineName":"Meteorological products","gribEdition":2,"gribLength":79073,"center":7,"centerName":"US National Weather Service - NCEP(WMC)","subcenter":0,"refTime":"2022-07-25T06:00:00.000Z","significanceOfRT":1,"significanceOfRTName":"Start of forecast","productStatus":0,"productStatusName":"Operational products","productType":1,"productTypeName":"Forecast products","productDefinitionTemplate":0,"productDefinitionTemplateName":"Analysis/forecast at horizontal level/layer at a point in time","parameterCategory":2,"parameterCategoryName":"Momentum","parameterNumber":2,"parameterNumberName":"U-component_of_wind","parameterUnit":"m.s-1","genProcessType":2,"genProcessTypeName":"Forecast","forecastTime":0,"surface1Type":103,"surface1TypeName":"Specified height level above ground","surface1Value":10.0,"surface2Type":255,"surface2TypeName":"Missing","surface2Value":0.0,"gridDefinitionTemplate":0,"gridDefinitionTemplateName":"Latitude_Longitude","numberPoints":65160,"shape":6,"shapeName":"Earth spherical with radius of 6,371,229.0 m","gridUnits":"degrees","resolution":48,"winds":"true","scanMode":0,"nx":360,"ny":181,"basicAngle":0,"lo1":0.0,"la1":90.0,"lo2":359.0,"la2":-90.0,"dx":1.0,"dy":1.0}, "data":
[rows 50 to 74 of 181, columns 58 to 115 of 360]
3.6611183,3.2311182,-6.6388817,-5.258882,-3.9588819,-5.648882,-6.378882,-4.268882,-2.4588819,-3.888882,-0.26888183,5.521118,2.2411182,1.0511181,0.29111817,-0.19888183,2.091118,2.841118,-0.29888183,-1.1788819,-4.5788817,-5.508882,-5.418882,-5.788882,-5.978882,-7.228882,-7.8288817,-8.188882,-8.918881,-9.808882,-11.178882,-11.618882,-9.868882,-5.458882,-4.028882,-1.3588818,-3.0288818,0.14111817,3.351118,-3.398882,-4.6188817,-5.4488816,-5.838882,-4.1588817,-1.5388818,-0.52888185,-0.72888184,1.3111181,-1.5588819,3.0511181,2.7311182,-0.23888184,0.16111816,2.111118,4.911118,3.9511182,-1.8088819,0.39111817
4.8411183,-0.10888184,-3.3088818,-4.628882,-4.0588818,-3.6888819,-4.6188817,-4.398882,-0.41888183,2.081118,1.0711181,0.85111815,-1.0688819,1.8411182,0.92111814,1.7711182,-0.66888183,-3.0888817,1.4611182,-2.5588818,-1.2988819,2.4811182,-1.6488818,-1.1888819,-3.2288818,-0.9988818,-1.1388818,-3.358882,-5.858882,-8.098882,-8.858882,-3.618882,3.1611183,1.2011181,3.0311182,3.581118,5.971118,8.041119,6.7811184,8.121119,6.391118,5.751118,-3.2988818,-1.7988819,-2.118882,-0.69888186,-1.5888819,-0.48888183,0.28111815,1.0811181,0.71111816,-1.1788819,0.33111817,0.8111182,2.7311182,1.0211182,-3.118882,-1.1088818
-1.4388819,5.831118,3.7411182,1.6311182,0.85111815,0.30111817,-1.1788819,-1.5288818,0.121118166,-2.5288818,2.5511181,1.7311182,4.061118,0.9511182,2.3011181,2.4411182,-0.12888184,-3.3188818,-2.918882,0.55111814,5.451118,4.721118,0.9411182,-3.0088818,-4.858882,-3.7688818,-3.3288817,-2.858882,-4.738882,0.121118166,3.1911182,4.451118,-2.7388818,2.071118,0.011118164,1.3911182,2.601118,4.081118,4.9411182,8.251118,7.741118,7.001118,5.681118,5.661118,-1.5388818,-3.138882,-3.2688818,-2.3488817,-2.0488818,-0.97888184,-0.11888184,-1.8088819,-1.0588819,1.1611181,-1.8388819,1.1311182,-3.358882,-0.88888186
-4.2188816,-1.4388819,4.3411183,6.221118,4.121118,2.831118,1.9911182,3.2811182,4.521118,6.7811184,0.7411182,2.7111182,1.7211182,2.9511182,0.85111815,2.6611183,-0.06888184,-0.83888185,-0.70888186,-0.43888184,-0.40888184,4.511118,6.331118,10.921118,8.461118,6.8811183,3.4611182,1.7811182,-0.7388818,2.0511181,4.951118,1.1011182,1.0611181,3.4411182,-4.168882,0.41111815,-2.358882,-2.178882,1.2311182,1.5711181,4.0511184,5.521118,-2.2888818,3.4211183,2.2911181,-0.43888184,-0.38888183,1.6111182,-0.53888184,-0.94888186,1.2211182,1.7411182,2.2411182,-0.45888183,0.19111817,0.79111814,-3.3288817,-0.41888183
-9.528882,-8.8388815,-4.9088817,-0.46888185,2.4911182,1.8711182,-3.5588818,-0.85888183,-0.90888184,0.49111816,-1.2388818,1.7711182,1.5911182,2.6611183,3.121118,1.0211182,-0.16888183,1.1411182,0.97111815,1.3111181,-0.058881834,-0.22888184,-0.088881835,-0.51888186,2.821118,0.7011182,0.29111817,-0.9288818,0.17111817,0.66111815,5.471118,4.011118,2.8011181,2.0411181,1.0211182,3.4911182,0.35111818,2.3011181,1.1511182,-0.20888184,0.31111816,4.141118,-3.378882,1.9211181,-0.90888184,-1.6588818,-2.2388818,-0.90888184,2.351118,-1.3988818,1.0711181,-1.3088819,1.7111182,-1.8588818,1.9611182,1.4911182,-0.06888184,-0.06888184
-9.778882,-4.958882,-5.3088818,-5.5788817,-3.358882,0.7611182,-0.088881835,-0.83888185,-0.85888183,-0.77888185,0.35111818,-3.0188818,-1.1788819,-1.2988819,1.1611181,1.5211182,0.5111182,1.7711182,0.55111814,-0.21888183,2.121118,-2.138882,0.07111816,-1.0488819,-4.398882,-2.0688818,-1.3888818,1.9411181,1.0411181,4.641118,2.611118,1.3911182,0.5011182,1.8711182,1.9511181,1.3711182,3.2311182,2.2811182,1.7711182,0.8811182,4.041118,1.6511182,1.5411181,3.5311182,3.5411181,0.73111814,-0.24888183,-3.9688818,-0.46888185,0.5111182,-0.088881835,-0.11888184,-1.9288819,-1.8788818,-3.138882,-0.70888186,-0.77888185,-1.0388818
-2.8188818,-7.268882,-5.978882,-3.8388817,3.4411182,-0.30888185,-0.7388818,-1.0988818,-0.46888185,-1.0988818,-1.1388818,-1.3688818,-0.39888182,-3.398882,-1.4188819,0.53111815,1.0311182,-0.70888186,2.0411181,0.71111816,2.6611183,1.2711182,0.46111816,2.2711182,1.2211182,1.0811181,1.2911181,1.0111182,0.97111815,2.0011182,1.0211182,1.2111182,2.081118,-2.5288818,0.30111817,1.7511182,2.0611181,0.121118166,3.611118,2.1711183,3.6711183,0.48111817,4.6311183,2.2711182,0.86111814,4.121118,-1.4388819,-2.2688818,0.55111814,-0.82888186,-2.128882,-0.46888185,0.85111815,0.48111817,-1.6788819,1.0611181,-0.26888183,-1.2488818
-0.44888183,-1.5288818,-1.8288819,2.381118,0.7011182,1.3011181,0.90111816,4.101118,0.86111814,-2.638882,-0.51888186,-1.5288818,-2.8088818,-0.16888183,0.19111817,-2.7588818,-3.5588818,-2.0788817,1.4411181,1.7311182,1.5011182,1.0311182,3.5111182,1.0211182,0.061118163,1.9311181,0.9511182,-1.6288818,-0.63888186,1.4511181,-1.3188819,-0.22888184,0.9511182,-0.20888184,0.35111818,-2.4788818,-1.8688818,-0.85888183,-2.9688818,-1.3788818,-0.78888184,1.0211182,-1.2488818,0.8711182,-1.0588819,1.1211182,-1.8388819,-1.9488819,2.0211182,-1.1288818,-0.89888185,1.2911181,-0.5688818,-2.158882,-0.76888186,2.7211182,-0.028881837,-0.28888184
0.5711182,-2.868882,-1.6388818,-1.9488819,-6.248882,-6.1988816,-5.028882,0.23111816,-7.6188817,-3.2288818,-4.478882,-3.1988819,-2.878882,-2.7388818,-3.118882,-1.3888818,-2.618882,-4.088882,-2.4388819,1.2311182,-0.18888183,0.84111816,1.8711182,-0.20888184,1.5911182,-0.44888183,-2.888882,-2.1988819,-2.148882,-2.9588819,-4.258882,-0.83888185,-2.668882,-2.7488818,-3.9788818,-3.4388819,1.0011182,-1.9888818,-1.3788818,2.3011181,-1.0888819,-0.41888183,-1.0788819,0.091118164,1.3411182,-1.8688818,-3.3488817,-0.07888184,-0.71888185,0.72111815,1.2711182,0.29111817,-0.40888184,-2.2588818,-1.3788818,2.371118,-0.14888184,2.0211182
-4.228882,-8.0888815,-12.438882,-4.298882,-5.0588818,-5.318882,-4.3688817,-3.4388819,-3.2188818,-5.508882,-2.7888818,-4.338882,-2.878882,-1.8188819,-3.128882,-2.7088819,-2.9788818,-3.2788818,-4.6388817,0.091118164,0.20111817,3.1511183,-0.018881835,1.7111182,-0.10888184,-2.138882,-1.2288818,-5.8288817,-2.8088818,-1.9888818,-3.0388818,-2.368882,-4.208882,-2.5188818,-2.5888817,-2.0288818,-1.6688819,-1.2888818,0.89111817,-1.9988818,-2.638882,1.0311182,0.6811182,0.77111816,1.6011182,-3.138882,-1.6888819,-1.6088818,-1.0188818,0.8111182,-0.40888184,2.2211182,1.7711182,-1.0588819,0.6911182,1.8311181,3.4911182,-0.14888184
-0.76888186,-1.8288819,-6.818882,0.8111182,2.9911182,0.66111815,-4.1588817,-4.1188817,-5.298882,-5.2188816,-0.26888183,-5.4088817,-3.5488818,-3.2288818,-5.128882,-4.048882,-3.8388817,-3.7688818,-4.108882,-4.8488817,-1.5588819,0.47111815,0.34111816,2.5311182,1.3911182,-2.2488818,0.37111816,-1.8588818,-4.6988816,-3.4488819,-0.53888184,-1.3688818,-2.4388819,-2.2688818,1.7811182,-3.0488818,-0.95888186,-0.8688818,1.5411181,-2.148882,-1.9688818,1.1811181,-2.2588818,0.36111817,-3.9588819,-1.6888819,-0.6788818,-1.2688818,0.5011182,1.1011182,0.9311182,-0.6788818,0.45111817,0.32111818,2.7011182,2.3011181,2.9111183,-2.358882
-2.2188818,-1.3988818,-0.58888185,-5.778882,-5.338882,-0.71888185,-1.4088818,-1.1488818,-3.918882,-2.4688818,-5.488882,-2.9388819,-2.608882,-3.608882,-3.8288817,-5.008882,-5.2188816,-6.1588817,-5.418882,-5.4088817,-5.9488816,-6.728882,-1.2288818,0.43111816,0.90111816,2.621118,2.0611181,-0.31888184,0.07111816,-0.52888185,-1.2488818,-0.30888185,-0.65888184,0.061118163,-1.3188819,-1.8288819,-2.5188818,1.7711182,2.131118,2.0011182,-2.658882,-0.29888183,1.6211182,-0.038881835,-2.1888819,-1.0488819,-1.4488819,-0.97888184,1.2411182,-1.5488819,0.9311182,-0.90888184,1.6411182,3.4911182,1.6311182,1.7111182,1.8811182,1.8211181
3.2311182,2.2011182,0.5711182,-3.2488818,-3.9488819,-7.858882,-5.318882,-1.6588818,-4.4688816,-2.5888817,-7.478882,-7.568882,-4.038882,-1.7588818,-0.9888818,1.1211182,-3.0288818,-4.878882,-5.9688816,-5.738882,-6.4288816,-6.4088817,-6.768882,-7.2188816,-4.208882,-0.84888184,-1.2988819,1.7611182,1.4411181,-0.07888184,1.0911182,0.18111816,0.55111814,-1.4088818,1.6111182,0.091118164,-0.95888186,-0.49888185,1.6911181,1.2411182,0.85111815,1.1411182,1.2311182,0.64111817,-1.5388818,-0.31888184,-0.39888182,-1.0188818,-1.5288818,-0.16888183,-0.06888184,-0.85888183,1.2911181,2.851118,1.3511182,2.7711182,3.0011182,-0.19888183
1.1311182,0.31111816,0.051118165,2.621118,-2.368882,-1.6588818,-2.918882,-1.1588818,-4.788882,-2.2488818,-5.8088818,-6.858882,-3.158882,-1.1288818,1.5511181,3.071118,1.6911181,-4.478882,-6.9688816,-5.538882,-6.3488817,-6.6388817,-6.6188817,-7.088882,-7.148882,-7.358882,-6.778882,-7.188882,-3.4388819,-0.09888183,0.31111816,0.9911182,-0.30888185,-0.34888184,-0.39888182,-0.46888185,0.5611182,0.6311182,-0.63888186,0.60111815,1.2511182,2.081118,-0.38888183,-0.22888184,0.90111816,1.5811181,1.8711182,2.631118,2.2611182,1.7011181,1.2611182,1.4911182,1.6211182,1.4411181,2.7911181,2.3111181,3.341118,2.331118
-2.7988818,-3.158882,-5.648882,-5.838882,-5.1188817,0.47111815,2.891118,-2.0888817,1.8611182,-1.2688818,-2.3488817,-6.028882,-1.4488819,-0.018881835,1.7311182,4.541118,4.121118,4.161118,2.631118,-1.7688818,-5.208882,-5.168882,-4.9088817,-5.568882,-6.498882,-6.268882,-6.4288816,-6.8688817,-5.288882,-4.668882,-4.3688817,-2.628882,0.9411182,0.66111815,0.52111816,-1.1988819,0.34111816,0.5611182,0.52111816,0.72111815,0.79111814,1.5311182,0.14111817,1.0311182,1.4711182,2.4111183,3.5011182,-0.058881834,1.8111181,0.8111182,0.71111816,0.22111817,2.7111182,3.4011183,1.6511182,4.011118,1.6811181,3.2311182
-8.358882,-9.168881,-7.008882,-4.738882,-2.928882,1.5211182,4.8811183,4.761118,7.451118,6.971118,6.1311183,5.1711183,1.5011182,1.8511182,2.6711183,1.4211181,3.2111182,4.0911183,4.261118,3.101118,-2.7888818,-0.8088818,-1.9288819,-2.928882,-4.258882,-4.338882,-5.858882,-4.7188816,-5.248882,-4.6388817,-1.3888818,-1.5188818,-1.2688818,-0.16888183,-0.06888184,0.11111817,-0.22888184,0.10111816,0.45111817,-1.2388818,1.1211182,0.8111182,0.98111814,2.2511182,2.5011182,2.591118,3.1911182,1.6011182,0.08111817,0.23111816,-0.36888182,0.38111818,2.6811182,2.6811182,1.1111182,1.4411181,3.391118,0.65111816
-6.398882,-4.9488816,-5.278882,0.10111816,1.4611182,3.3011181,8.771118,6.391118,7.1711183,7.011118,8.171118,8.031118,3.7511182,3.0011182,2.2211182,2.4611182,3.861118,4.831118,4.791118,5.0711184,3.0311182,4.641118,1.0911182,0.021118164,-1.4088818,-0.9888818,-2.4988818,-3.608882,-4.438882,-3.928882,-3.2688818,-0.7388818,-0.29888183,-0.59888184,0.051118165,0.33111817,-1.3088819,0.041118164,1.0611181,0.92111814,0.72111815,1.4911182,0.6211182,0.22111817,1.3311181,0.9411182,2.071118,1.5911182,-1.2388818,-0.6788818,0.32111818,0.041118164,2.131118,2.1811182,1.2911181,-0.13888183,2.2011182,1.9411181
0.65111816,0.7511182,0.61111814,4.011118,4.5911183,7.311118,7.3011184,8.4111185,7.271118,8.341118,8.131118,7.041118,6.3211184,4.351118,4.271118,2.9411182,4.081118,5.931118,3.4111183,3.7811182,3.2911181,5.511118,4.061118,0.33111817,-0.29888183,0.59111816,-0.8188818,-3.0488818,-1.5188818,-3.608882,-2.7888818,-0.96888185,-0.76888186,0.52111816,1.5211182,0.6811182,-0.33888185,-0.14888184,1.9811182,0.40111816,0.61111814,1.1111182,0.38111818,2.101118,1.2711182,0.43111816,0.89111817,-0.49888185,-0.34888184,1.1411182,0.59111816,0.6811182,2.2211182,1.8611182,1.1811181,2.351118,1.4611182,0.20111817
0.34111816,3.611118,6.181118,7.261118,7.411118,7.8811183,7.771118,8.441118,8.241118,8.251118,7.911118,7.081118,6.471118,6.521118,5.241118,4.3411183,3.9611182,2.4511182,5.2811184,3.0611181,3.831118,3.2311182,1.2411182,1.8511182,1.4711182,0.73111814,0.80111814,0.5611182,-0.09888183,-2.8288817,-2.148882,-2.5488818,-1.3888818,-0.53888184,0.24111816,0.60111815,-0.018881835,-0.52888185,0.54111814,0.33111817,-1.2988819,-0.22888184,0.65111816,0.6311182,0.031118164,0.8111182,1.5011182,0.53111815,0.8111182,1.3111181,-0.018881835,3.0311182,1.8911182,2.2811182,1.2511182,1.5311182,2.1511183,2.581118
1.2011181,5.3611183,6.481118,7.121118,7.931118,7.931118,7.851118,8.211118,8.061118,7.8211184,7.5911183,7.5311184,7.5711184,6.851118,5.711118,4.3211184,5.6911182,0.40111816,3.321118,5.7811184,5.261118,3.0511181,3.141118,2.1911182,2.5511181,0.07111816,2.0411181,-1.7088819,-1.6688819,-1.5388818,-2.0788817,-5.6388817,-4.748882,-1.5088818,-0.44888183,-0.06888184,-0.48888183,0.13111816,-1.0488819,-0.24888183,-0.82888186,0.55111814,0.021118164,0.6211182,0.46111816,1.3411182,-1.0988818,-1.8388819,-0.72888184,0.07111816,2.841118,2.331118,3.341118,1.6611181,3.7611182,3.351118,3.2411182,2.4111183
2.571118,7.0511184,7.5311184,6.811118,7.3211184,7.6311183,7.991118,8.171118,7.431118,7.5711184,7.221118,7.9411182,7.731118,7.431118,6.0511184,1.0811181,4.711118,3.2611182,4.831118,5.3811183,4.451118,2.4511182,2.2211182,0.5011182,3.1611183,3.3111181,1.0011182,-1.7888818,-0.6888818,-0.29888183,-1.5088818,-2.9988818,-4.6388817,-3.358882,-0.8088818,1.3911182,0.9911182,-0.85888183,0.23111816,-1.8688818,1.2411182,-1.0888819,1.0211182,-1.0488819,-0.77888185,0.121118166,0.36111817,-2.0088818,-2.418882,-0.37888184,1.1911181,2.841118,2.1611183,-1.7188818,2.2011182,2.611118,2.3111181,1.5311182
6.311118,6.741118,7.6911182,7.0911183,6.931118,7.3811183,8.021118,8.1611185,8.361118,7.581118,7.6311183,7.1111183,7.1911182,7.6111183,6.271118,2.7911181,5.811118,6.6111183,6.731118,3.6711183,4.5311184,2.601118,0.6811182,2.6511183,3.0611181,2.7011182,0.9911182,-1.1188818,-0.038881835,-0.42888182,-1.1688819,-2.2788818,-2.9688818,-4.108882,-2.618882,-1.3988818,0.80111814,-0.72888184,-1.0888819,-0.95888186,0.65111816,0.21111816,-0.5588818,2.2011182,-0.38888183,0.42111817,0.13111816,-2.118882,-2.3288817,-1.5688819,0.091118164,2.4311182,-0.40888184,0.21111816,1.3211181,1.3211181,1.4211181,0.8111182
6.471118,6.6711183,7.211118,7.4411182,7.391118,7.6711183,7.701118,8.331119,8.231118,8.071118,7.521118,7.951118,7.521118,8.211118,6.1511183,1.8411182,2.331118,4.761118,5.061118,4.481118,3.9211183,4.5311184,3.2411182,0.96111816,1.1811181,-1.2188818,-1.0388818,1.2911181,-0.10888184,-0.27888185,-0.76888186,-2.0788817,-2.7688818,-2.928882,-2.378882,-2.5388818,-0.6288818,-1.1188818,-0.12888184,1.9711182,0.18111816,-1.5788819,-0.34888184,-1.8488818,-0.20888184,0.86111814,1.1211182,0.9311182,-1.0788819,-3.0288818,-1.5988818,-0.36888182,0.6211182,0.19111817,0.11111817,0.031118164,0.65111816,0.32111818
7.471118,7.251118,7.4011183,8.241118,8.301118,8.241118,8.141118,9.041119,8.541119,8.691118,8.281118,7.951118,7.811118,8.081119,6.6111183,5.331118,2.9811182,6.641118,6.9411182,3.9811182,4.891118,4.791118,3.5511181,3.341118,3.5411181,3.3011181,4.0711184,2.0511181,1.2511182,0.33111817,-0.32888183,-2.0988817,-2.7588818,-2.638882,-3.648882,-3.0388818,-2.5588818,-2.3188818,-2.138882,1.0211182,1.7411182,-1.7788818,-0.6888818,-0.8688818,-0.27888185,-1.2488818,0.21111816,1.8211181,1.4911182,-3.2888818,-2.6888819,-0.58888185,-0.46888185,1.0811181,-0.57888186,-1.0188818,-0.34888184,-0.31888184
7.6711183,7.6511183,7.931118,9.061118,8.551118,8.681118,8.561118,8.961118,8.861118,8.821118,8.561118,8.331119,8.201118,8.031118,6.9211183,6.851118,2.331118,5.641118,6.8811183,4.961118,3.4911182,3.0511181,3.2611182,3.361118,4.491118,5.931118,4.931118,3.621118,2.0011182,0.86111814,-0.27888185,-1.6788819,-2.3488817,-2.5788817,-4.0988817,-4.538882,-3.868882,-2.128882,-2.7988818,-1.6888819,-0.72888184,-1.5888819,-1.8088819,-1.6688819,-2.2888818,-1.6588818,0.001118164,-0.22888184,1.3711182,0.30111817,-3.6888819,-1.4988818,-0.38888183,0.5611182,-0.57888186,0.52111816,-1.4488819,-0.85888183
