json-data/2022072900.json
{"header": {"discipline":0,"disciplineName":"Meteorological products","gribEdition":2,"gribLength":47485,"center":7,"centerName":"US National Weather Service - NCEP(WMC)","subcenter":0,"refTime":"2022-07-29T00:00:00.000Z","significanceOfRT":1,"significanceOfRTName":"Start of forecast","productStatus":0,"productStatusName":"Operational products","productType":1,"productTypeName":"Forecast products","productDefinitionTemplate":0,"productDefinitionTemplateName":"Analysis/forecast at horizontal level/layer at a point in time","parameterCategory":0,"parameterCategoryName":"Temperature","parameterNumber":0,"parameterNumberName":"Temperature","parameterUnit":"K","genProcessType":2,"genProcessTypeName":"Forecast","forecastTime":0,"surface1Type":1,"surface1TypeName":"Ground or water surface","surface1Value":0.0,"surface2Type":255,"surface2TypeName":"Missing","surface2Value":0.0,"gridDefinitionTemplate":0,"gridDefinitionTemplateName":"Latitude_Longitude","numberPoints":65160,"shape":6,"shapeName":"Earth spherical with radius of 6,371,229.0 m","gridUnits":"degrees","resolution":48,"winds":"true","scanMode":0,"nx":360,"ny":181,"basicAngle":0,"lo1":0.0,"la1":90.0,"lo2":359.0,"la2":-90.0,"dx":1.0,"dy":1.0}, "data":
[rows 52 to 77 of 181, columns 60 to 119 of 360]
297.47253,299.47253,297.57254,297.87253,297.77252,299.27252,297.57254,297.37253,297.37253,295.77252,293.07254,276.77252,284.07254,278.37253,283.17255,282.47253,288.37253,296.67255,297.47253,298.07254,299.67255,299.37253,297.07254,297.77252,298.97253,299.17255,297.67255,285.47253,282.17255,283.57254,286.67255,289.87253,289.77252,289.97253,290.27252,288.17255,281.17255,280.57254,281.47253,279.07254,279.37253,280.77252,287.57254,296.97253,298.27252,298.87253,299.67255,297.27252,296.57254,298.97253,298.27252,297.97253,295.77252,295.47253,300.07254,300.67255,301.37253,301.07254,299.27252,299.77252
295.47253,299.87253,297.77252,296.87253,296.37253,297.57254,298.87253,301.67255,302.17255,298.27252,292.27252,282.17255,279.07254,280.77252,281.37253,279.17255,285.27252,287.97253,287.97253,294.37253,300.37253,301.37253,300.77252,299.37253,293.67255,282.37253,277.17255,280.57254,281.27252,281.47253,282.87253,281.67255,282.97253,290.67255,292.97253,292.57254,293.27252,292.27252,289.27252,284.57254,286.57254,282.67255,284.17255,286.87253,294.17255,295.97253,296.47253,294.87253,295.07254,295.47253,298.57254,295.57254,296.47253,296.57254,299.27252,300.37253,299.17255,299.47253,298.87253,298.57254
295.67255,296.67255,293.77252,296.97253,297.27252,295.27252,290.57254,290.57254,288.17255,293.57254,279.87253,279.37253,288.27252,280.37253,284.17255,273.17255,265.07254,275.17255,278.97253,276.77252,280.17255,283.27252,283.17255,279.87253,277.87253,278.97253,278.77252,278.87253,279.07254,279.47253,277.97253,269.27252,279.37253,279.77252,282.17255,283.87253,283.87253,284.67255,289.27252,280.37253,285.47253,286.97253,287.77252,289.77252,293.07254,294.57254,292.37253,295.97253,295.37253,293.07254,297.07254,297.37253,298.17255,296.77252,299.47253,299.77252,300.17255,300.07254,297.17255,297.77252
291.27252,298.27252,294.87253,296.07254,293.07254,283.17255,280.27252,278.77252,282.17255,289.57254,285.57254,290.17255,293.47253,289.27252,281.37253,282.27252,285.27252,278.97253,279.77252,276.77252,282.27252,276.77252,280.27252,280.47253,280.17255,280.47253,279.07254,279.47253,278.97253,278.67255,278.67255,278.77252,279.17255,279.87253,279.57254,280.27252,278.67255,286.97253,281.47253,279.87253,281.97253,280.17255,281.07254,282.27252,287.17255,293.27252,294.17255,294.97253,296.37253,297.77252,299.67255,300.47253,300.27252,301.57254,300.17255,299.97253,300.07254,298.57254,298.27252,297.47253
298.77252,300.37253,296.67255,287.97253,285.67255,283.97253,285.97253,286.47253,287.47253,295.57254,287.57254,293.97253,300.37253,294.47253,287.97253,290.07254,278.07254,283.07254,280.87253,278.97253,278.77252,281.77252,281.77252,280.57254,280.07254,279.27252,279.27252,279.07254,277.47253,276.47253,277.87253,278.37253,280.57254,282.17255,278.17255,276.07254,277.37253,276.87253,277.37253,277.77252,277.87253,278.77252,280.67255,281.17255,285.37253,291.67255,293.37253,292.47253,294.17255,296.57254,295.87253,296.67255,297.47253,302.27252,300.97253,300.97253,299.87253,299.27252,299.07254,296.97253
292.47253,300.87253,299.87253,300.47253,290.77252,294.77252,294.97253,287.57254,293.97253,291.47253,297.77252,302.47253,302.77252,298.47253,297.97253,293.27252,284.97253,274.47253,278.47253,284.97253,273.27252,282.57254,285.57254,285.07254,281.07254,280.07254,278.57254,279.37253,279.27252,279.37253,279.17255,277.77252,274.67255,277.87253,274.47253,277.17255,277.37253,278.07254,277.47253,278.27252,278.57254,279.27252,280.57254,282.07254,284.57254,292.37253,296.17255,295.47253,296.17255,296.47253,298.37253,300.57254,303.17255,300.47253,300.37253,299.17255,300.37253,300.37253,298.27252,298.37253
295.37253,303.27252,304.67255,303.37253,300.87253,301.17255,298.47253,294.47253,291.77252,293.17255,301.47253,304.47253,302.37253,300.17255,299.77252,297.77252,296.57254,284.27252,277.87253,279.77252,282.07254,282.07254,282.37253,282.27252,282.27252,281.47253,280.77252,283.27252,281.57254,287.17255,281.77252,281.67255,276.17255,277.17255,277.77252,276.47253,278.97253,279.47253,278.67255,278.27252,278.67255,279.17255,281.37253,282.27252,288.67255,297.27252,299.27252,298.07254,295.87253,293.57254,297.77252,297.47253,301.17255,300.97253,298.17255,300.37253,299.37253,301.97253,297.67255,300.27252
300.17255,304.97253,304.97253,303.67255,304.37253,300.97253,298.87253,291.57254,291.47253,295.47253,296.97253,304.37253,302.07254,300.47253,299.87253,298.27252,297.97253,293.47253,288.27252,278.37253,279.97253,280.67255,275.77252,277.57254,283.77252,281.47253,280.87253,284.97253,278.17255,281.07254,279.57254,275.87253,276.17255,276.87253,277.47253,281.37253,280.77252,280.57254,278.77252,280.57254,279.57254,281.07254,281.67255,282.77252,298.37253,300.77252,301.07254,300.87253,298.67255,298.77252,296.37253,296.47253,300.17255,300.57254,301.77252,300.77252,297.77252,298.87253,302.37253,302.77252
299.57254,305.67255,305.47253,303.47253,302.07254,301.97253,300.17255,294.17255,300.27252,299.37253,298.47253,303.47253,302.07254,301.47253,300.87253,300.67255,299.37253,298.27252,297.37253,289.67255,288.17255,277.77252,280.77252,281.17255,280.37253,276.67255,277.37253,278.87253,277.77252,279.27252,276.27252,279.27252,279.37253,278.17255,279.57254,283.47253,277.97253,285.57254,283.17255,282.67255,279.27252,281.67255,283.97253,294.77252,299.67255,300.87253,301.97253,300.37253,299.57254,295.27252,293.97253,297.17255,300.87253,300.87253,302.17255,300.77252,299.97253,297.27252,300.67255,300.67255
301.27252,296.17255,302.77252,302.37253,300.17255,302.07254,295.77252,296.27252,304.67255,300.37253,303.57254,303.27252,302.97253,302.27252,302.77252,302.27252,301.07254,299.27252,298.77252,298.37253,296.27252,291.67255,282.27252,280.87253,280.97253,277.87253,280.17255,281.27252,283.27252,283.27252,280.27252,287.67255,279.87253,283.37253,279.97253,290.07254,284.57254,279.37253,285.57254,285.67255,280.67255,280.77252,282.77252,290.17255,298.07254,301.07254,300.97253,298.47253,296.87253,296.77252,297.87253,298.77252,301.47253,303.17255,300.47253,299.37253,303.17255,304.87253,303.17255,301.57254
298.27252,298.77252,298.47253,301.67255,300.87253,300.77252,294.27252,298.47253,303.67255,302.57254,302.07254,301.97253,301.87253,301.37253,301.07254,299.77252,299.87253,300.37253,300.47253,300.67255,299.47253,299.47253,297.37253,291.87253,293.77252,291.57254,279.07254,268.27252,269.87253,279.07254,275.07254,277.07254,277.37253,282.27252,291.27252,294.47253,295.77252,284.67255,284.27252,283.17255,281.67255,284.07254,288.07254,288.97253,294.17255,297.27252,297.07254,295.47253,296.47253,296.97253,299.87253,298.67255,297.67255,300.77252,301.17255,302.67255,302.57254,302.37253,299.27252,299.97253
303.27252,298.47253,295.87253,296.87253,296.77252,295.97253,296.47253,298.17255,301.97253,301.77252,300.57254,299.37253,300.37253,300.47253,299.07254,298.77252,297.57254,300.27252,301.17255,301.27252,300.27252,299.67255,299.77252,300.77252,299.17255,299.67255,297.97253,293.17255,289.07254,290.87253,290.77252,291.37253,289.97253,295.57254,299.27252,297.67255,291.77252,290.87253,291.37253,284.67255,286.87253,286.37253,289.77252,292.97253,290.97253,292.57254,294.57254,295.07254,295.57254,295.97253,297.67255,299.87253,299.67255,301.77252,301.47253,304.97253,303.07254,299.07254,300.37253,297.77252
299.37253,299.47253,299.37253,300.77252,296.97253,298.47253,298.87253,299.37253,300.87253,300.97253,300.17255,299.07254,300.27252,299.87253,298.07254,298.07254,299.07254,299.17255,298.37253,300.97253,300.97253,300.57254,300.77252,301.37253,302.77252,302.07254,301.87253,300.37253,300.37253,298.77252,299.27252,298.07254,296.47253,297.97253,297.07254,289.97253,294.97253,293.67255,292.27252,287.57254,287.07254,288.87253,293.37253,290.17255,290.57254,293.77252,295.07254,294.17255,296.07254,295.67255,297.27252,300.37253,300.37253,303.77252,299.67255,303.97253,301.67255,301.17255,298.57254,300.87253
301.57254,301.17255,301.07254,300.87253,300.97253,301.37253,301.37253,299.87253,300.07254,299.87253,299.27252,299.27252,300.07254,297.97253,296.07254,296.67255,298.07254,297.77252,297.17255,298.67255,298.47253,298.97253,301.27252,300.97253,303.27252,302.97253,301.07254,301.97253,300.57254,299.47253,299.47253,298.97253,298.77252,296.27252,292.37253,296.87253,296.37253,297.07254,290.27252,290.37253,289.97253,289.87253,291.77252,290.77252,290.47253,294.37253,295.67255,295.47253,296.37253,300.57254,300.77252,300.27252,299.97253,299.57254,302.37253,302.57254,301.87253,298.87253,299.07254,301.37253
301.17255,300.37253,300.27252,300.57254,301.07254,301.57254,301.67255,301.47253,301.67255,301.97253,302.77252,303.87253,298.97253,298.07254,297.97253,296.37253,296.97253,296.97253,297.57254,297.37253,297.17255,297.67255,297.17255,295.67255,297.67255,296.57254,300.27252,302.17255,302.37253,299.97253,301.27252,299.97253,297.97253,294.77252,291.77252,296.87253,297.07254,297.37253,292.57254,290.67255,290.37253,291.17255,292.47253,291.97253,292.57254,292.97253,296.37253,296.07254,299.77252,300.57254,300.67255,300.97253,302.37253,303.17255,302.17255,302.87253,302.87253,302.67255,300.37253,302.07254
300.87253,299.57254,299.47253,299.97253,300.47253,301.17255,301.37253,301.17255,300.97253,300.67255,300.77252,299.57254,299.87253,299.37253,297.77252,296.37253,295.77252,295.87253,297.07254,296.87253,296.57254,295.27252,297.67255,296.97253,294.97253,296.97253,299.47253,301.07254,300.97253,300.37253,299.97253,301.07254,297.27252,293.77252,295.87253,299.07254,299.07254,292.57254,293.67255,292.47253,291.47253,292.47253,292.67255,292.97253,293.97253,295.07254,295.57254,298.17255,301.47253,300.77252,302.67255,301.77252,303.37253,308.97253,307.87253,305.57254,306.27252,301.77252,301.57254,302.27252
298.27252,299.07254,299.37253,299.57254,299.87253,300.47253,300.77252,300.87253,300.87253,300.97253,298.37253,297.67255,299.57254,298.87253,297.27252,297.97253,297.47253,297.07254,295.67255,295.57254,296.67255,295.47253,299.97253,299.37253,299.27252,297.07254,296.97253,300.07254,299.67255,300.07254,301.77252,302.67255,298.37253,294.87253,296.07254,303.27252,303.37253,294.57254,293.87253,292.97253,292.57254,294.67255,294.07254,295.97253,293.97253,298.97253,297.57254,299.27252,300.17255,302.77252,302.77252,302.77252,303.87253,304.67255,303.67255,303.67255,303.57254,303.27252,303.47253,303.67255
298.07254,299.07254,299.17255,299.27252,299.47253,299.87253,300.17255,300.47253,300.77252,300.87253,300.87253,297.57254,301.17255,297.87253,294.97253,298.17255,298.17255,298.47253,297.77252,297.97253,297.07254,297.97253,297.87253,299.27252,299.07254,299.57254,299.97253,302.67255,303.07254,302.97253,302.97253,303.17255,303.07254,297.57254,293.07254,301.77252,301.37253,293.47253,293.87253,293.37253,293.67255,293.77252,294.27252,294.77252,294.37253,297.07254,301.07254,301.57254,304.27252,303.97253,305.47253,303.97253,304.07254,303.67255,303.47253,303.47253,303.27252,303.27252,303.97253,303.97253
298.37253,298.77252,298.97253,299.17255,299.37253,299.67255,299.87253,300.17255,300.37253,300.47253,300.77252,300.87253,301.07254,296.87253,295.37253,296.87253,296.47253,296.27252,297.47253,298.87253,297.07254,295.27252,294.67255,298.57254,293.57254,298.27252,300.27252,303.27252,303.17255,303.07254,303.07254,303.17255,303.17255,302.47253,297.37253,301.27252,297.97253,293.07254,293.67255,294.37253,296.57254,295.57254,295.37253,294.07254,293.57254,295.37253,302.07254,304.17255,303.87253,303.97253,303.37253,303.47253,303.67255,303.27252,303.27252,303.27252,303.37253,303.57254,303.77252,303.77252
298.37253,298.57254,298.87253,299.17255,299.47253,299.77252,299.77252,300.17255,300.17255,300.37253,300.67255,300.87253,300.87253,298.97253,296.57254,297.57254,298.57254,298.57254,297.37253,297.37253,297.37253,295.67255,294.97253,294.17255,295.77252,303.17255,303.37253,303.47253,303.47253,303.37253,303.37253,303.27252,303.17255,302.97253,299.47253,299.87253,296.97253,293.37253,294.97253,296.37253,297.17255,296.67255,295.67255,293.77252,294.57254,298.97253,304.27252,303.67255,303.07254,299.57254,300.17255,303.67255,303.97253,303.57254,303.47253,303.57254,303.57254,303.57254,303.67255,303.87253
298.17255,298.47253,298.77252,299.07254,299.47253,299.67255,299.87253,300.07254,300.17255,300.17255,300.47253,300.67255,300.67255,297.87253,296.47253,298.87253,298.57254,296.27252,295.87253,296.07254,296.57254,297.47253,293.77252,297.87253,303.07254,303.47253,303.57254,303.57254,303.37253,303.57254,303.67255,303.57254,303.17255,302.97253,302.67255,298.57254,298.07254,296.67255,295.07254,296.37253,297.67255,296.07254,298.07254,299.57254,300.17255,297.07254,299.87253,303.37253,303.17255,303.07254,303.77252,303.97253,303.97253,303.57254,303.47253,303.57254,303.47253,303.37253,303.67255,303.87253
298.17255,298.47253,298.77252,299.07254,299.37253,299.67255,299.77252,299.97253,300.27252,300.27252,300.37253,300.47253,300.57254,300.77252,294.57254,297.87253,299.47253,299.27252,295.47253,298.27252,298.37253,298.17255,298.57254,302.97253,303.57254,303.67255,303.77252,303.57254,303.17255,303.37253,303.57254,303.47253,303.17255,302.87253,302.67255,299.77252,300.27252,301.87253,298.27252,298.47253,300.57254,295.77252,299.37253,300.77252,299.07254,299.37253,298.27252,302.27252,303.07254,303.27252,303.97253,303.97253,303.97253,303.67255,303.67255,303.47253,303.37253,303.47253,303.67255,303.77252
297.77252,298.37253,298.67255,298.97253,299.27252,299.47253,299.77252,299.97253,300.27252,300.37253,300.37253,300.47253,300.67255,300.77252,294.87253,297.07254,299.07254,299.47253,299.47253,296.27252,299.27252,299.47253,302.97253,303.47253,303.67255,303.77252,303.77252,303.47253,303.07254,303.17255,303.17255,303.17255,303.07254,302.87253,302.57254,299.57254,302.17255,301.97253,298.67255,293.07254,300.87253,299.27252,298.57254,301.37253,300.47253,299.47253,298.27252,293.27252,297.47253,302.87253,303.57254,303.57254,303.47253,303.37253,303.57254,303.67255,303.57254,303.67255,303.57254,303.37253
297.67255,298.17255,298.47253,298.87253,299.27252,299.47253,299.77252,300.07254,300.17255,300.47253,300.57254,300.57254,300.77252,300.87253,299.67255,295.37253,297.77252,298.57254,299.67255,298.77252,300.87253,302.97253,303.17255,303.27252,303.47253,303.67255,303.67255,303.57254,303.27252,303.17255,303.17255,303.07254,302.97253,302.77252,302.57254,302.37253,302.07254,301.87253,296.87253,294.77252,300.77252,300.17255,300.57254,300.87253,300.57254,300.37253,297.27252,296.17255,292.07254,303.07254,303.37253,303.27252,303.17255,303.27252,303.57254,303.57254,303.47253,303.47253,303.37253,303.27252
297.87253,297.97253,298.37253,299.27252,299.67255,299.67255,299.87253,300.27252,300.27252,300.47253,300.67255,300.67255,300.77252,300.87253,300.67255,294.57254,295.67255,297.47253,296.17255,296.77252,299.57254,303.07254,303.17255,303.17255,303.27252,303.47253,303.57254,303.47253,303.27252,303.17255,303.17255,303.07254,303.07254,302.87253,302.57254,302.27252,301.97253,301.77252,301.77252,296.27252,300.17255,299.87253,298.67255,299.57254,297.67255,297.77252,297.97253,296.97253,295.77252,299.37253,303.07254,303.07254,303.17255,303.27252,303.37253,303.37253,303.37253,303.27252,303.17255,303.07254
298.07254,298.37253,299.07254,299.57254,299.97253,300.07254,300.27252,300.47253,300.57254,300.57254,300.67255,300.77252,300.97253,300.97253,300.67255,297.07254,292.97253,295.77252,294.47253,297.37253,299.57254,302.97253,303.17255,303.07254,303.27252,303.37253,303.47253,303.27252,303.17255,303.07254,302.97253,302.97253,302.77252,301.97253,302.37253,302.17255,301.87253,301.77252,301.87253,295.47253,300.47253,299.67255,297.57254,299.37253,303.07254,298.57254,297.97253,297.37253,296.47253,298.37253,302.87253,302.87253,302.97253,303.07254,303.17255,303.17255,303.17255,303.17255,303.07254,302.87253
