json-data/2022072906.json
{"header": {"discipline":0,"disciplineName":"Meteorological products","gribEdition":2,"gribLength":78987,"center":7,"centerName":"US National Weather Service - NCEP(WMC)","subcenter":0,"refTime":"2022-07-29T06:00:00.000Z","significanceOfRT":1,"significanceOfRTName":"Start of forecast","productStatus":0,"productStatusName":"Operational products","productType":1,"productTypeName":"Forecast products","productDefinitionTemplate":0,"productDefinitionTemplateName":"Analysis/forecast at horizontal level/layer at a point in time","parameterCategory":2,"parameterCategoryName":"Momentum","parameterNumber":3,"parameterNumberName":"V-component_of_wind","parameterUnit":"m.s-1","genProcessType":2,"genProcessTypeName":"Forecast","forecastTime":0,"surface1Type":103,"surface1TypeName":"Specified height level above ground","surface1Value":10.0,"surface2Type":255,"surface2TypeName":"Missing","surface2Value":0.0,"gridDefinitionTemplate":0,"gridDefinitionTemplateName":"Latitude_Longitude","numberPoints":65160,"shape":6,"shapeName":"Earth spherical with radius of 6,371,229.0 m","gridUnits":"degrees","resolution":48,"winds":"true","scanMode":0,"nx":360,"ny":181,"basicAngle":0,"lo1":0.0,"la1":90.0,"lo2":359.0,"la2":-90.0,"dx":1.0,"dy":1.0}, "data":
[rows 52 to 77 of 181, columns 120 to 179 of 360]
2.744463,3.8444629,0.24446289,3.584463,5.2144628,2.494463,2.8844628,-0.41553712,1.0944629,1.4244629,2.034463,1.7444628,0.9544629,-0.015537109,1.5544629,1.9644629,-0.9355371,-3.465537,-5.045537,-4.605537,-2.3855371,1.764463,-0.9255371,-0.6355371,0.24446289,-0.6855371,-0.9555371,-1.985537,-2.925537,-3.265537,-4.615537,-5.165537,-4.625537,-4.155537,-3.985537,-3.955537,-3.8755372,-3.3455372,-2.445537,-1.855537,-0.23553711,-0.2655371,-0.12553711,2.704463,3.1844628,3.984463,4.174463,4.2744627,5.194463,6.384463,6.054463,5.724463,5.674463,5.584463,4.074463,3.1744628,2.474463,1.4544629,1.014463,-1.2755371
1.2244629,2.214463,3.4244628,4.3144627,4.684463,2.234463,-2.0955372,0.1344629,2.784463,1.5744629,-0.085537106,-0.71553713,-1.105537,-0.8855371,1.5044628,1.6544629,-2.6455371,-1.7155371,-2.1055372,-1.3755372,2.584463,-2.0955372,0.7144629,1.3644629,0.9344629,1.2244629,0.18446289,-2.1255372,-2.215537,-2.775537,-3.5755372,-3.9055371,-4.305537,-4.355537,-3.965537,-3.6255372,-2.175537,-0.9055371,-0.9855371,0.02446289,0.8844629,0.9544629,2.1344628,2.314463,2.8744628,3.3544629,3.8444629,4.2344627,4.204463,3.6444628,2.564463,4.304463,4.454463,4.5444627,4.664463,3.3444629,1.5944629,0.8244629,0.7044629,-0.8855371
-0.9955371,3.6444628,3.554463,5.084463,4.5244627,1.3844628,-2.665537,-2.6555371,2.584463,-0.3655371,-3.5655372,-2.275537,-3.1055372,-2.935537,-3.3655372,-0.2755371,-3.3955371,3.514463,2.834463,-0.18553711,5.164463,8.834463,5.854463,4.2544627,2.204463,0.9444629,-0.1655371,0.46446288,0.12446289,-0.8455371,-1.0955371,-0.89553714,-0.7655371,-0.83553714,-0.8855371,-0.2255371,1.1144629,0.8244629,-0.025537109,0.9344629,2.3844628,1.0744629,1.5744629,2.304463,3.4444628,3.8644629,3.6544628,2.704463,2.6044629,2.734463,1.5344629,2.234463,3.984463,4.654463,4.7544627,3.6044629,1.6944629,0.78446287,-0.17553711,0.6244629
0.2544629,4.994463,4.0044627,4.134463,3.214463,0.9544629,-1.4755371,1.9844629,-0.14553711,-3.295537,-3.665537,-2.5555372,-4.545537,2.6244628,3.544463,3.1544628,2.484463,5.0044627,3.254463,-0.4855371,5.094463,5.824463,5.534463,5.174463,3.6044629,1.0044628,-0.6255371,-1.5855371,-2.295537,-2.8755372,-2.035537,-1.4555371,-0.7355371,-0.3355371,0.3444629,0.53446287,0.4744629,0.8244629,0.8044629,0.8744629,0.9044629,1.6244628,2.984463,3.484463,2.9444628,2.1144629,1.5244629,1.2744629,1.3244629,1.4644629,1.8544629,2.054463,2.514463,4.914463,4.2744627,2.9044628,1.9744629,1.5444629,1.7244629,2.334463
2.8644629,4.144463,4.414463,1.4244629,0.53446287,0.6344629,-0.5055371,-1.8855371,-4.485537,-4.295537,-3.465537,2.6344628,0.08446289,-0.3355371,1.1944629,7.634463,2.024463,3.6044629,5.104463,5.224463,5.434463,6.0444627,5.2544627,4.664463,4.084463,2.504463,1.2844629,0.8444629,1.4644629,2.1644628,1.6644629,0.7444629,0.42446288,0.5444629,-0.09553711,0.3444629,-0.1355371,-0.38553712,-0.3155371,0.42446288,0.78446287,1.7344629,2.534463,1.514463,0.6944629,0.49446288,0.49446288,-0.15553711,1.764463,1.6744629,1.5944629,1.7044629,3.1944628,3.8544629,2.9044628,1.8244629,0.4544629,1.2244629,2.764463,4.594463
1.9344629,3.6244628,2.974463,0.39446288,-0.4355371,-0.6855371,0.2544629,-3.245537,-2.915537,-3.6555371,2.1744628,0.5844629,1.7844629,-0.6955371,-0.015537109,1.144463,1.7844629,4.2544627,5.424463,5.224463,5.354463,5.724463,4.974463,4.614463,4.034463,2.9044628,2.004463,2.204463,1.1044629,1.0644629,1.0944629,-0.10553711,0.6944629,0.4744629,-0.12553711,-0.25553712,-0.8255371,-1.4055371,0.02446289,0.3844629,0.9544629,0.6544629,0.42446288,-0.085537106,-0.0055371094,-0.3655371,-0.2255371,0.2944629,0.49446288,0.4844629,0.42446288,1.5444629,2.744463,2.504463,2.1244628,1.2144629,0.46446288,2.574463,5.554463,5.914463
2.3644629,2.244463,2.3544629,0.4744629,0.15446289,0.10446289,-1.2455372,-1.855537,-2.3355372,1.4344629,0.11446289,-0.41553712,-1.0655371,0.9244629,2.494463,3.824463,4.5244627,5.2744627,5.284463,4.7944627,4.414463,3.574463,3.804463,3.314463,2.8544629,2.0944629,2.584463,1.9044629,1.4444629,2.274463,1.3144629,0.7344629,0.18446289,-0.1355371,-0.7355371,-1.7455372,-1.4655371,-1.4555371,-1.2555372,-1.3755372,-0.5155371,-0.2255371,-0.47553712,-0.1955371,-0.77553713,-0.5655371,-1.1455371,-1.1455371,-0.7355371,-0.64553714,0.5844629,2.024463,2.734463,1.9744629,0.9844629,0.5044629,2.724463,3.814463,5.604463,5.5244627
1.4744629,3.1244628,2.224463,0.46446288,1.4044629,0.07446289,-1.7755371,-2.0655372,-0.6755371,-0.9455371,-1.9255371,-4.675537,-1.7655371,1.644463,4.244463,6.2344627,7.624463,7.854463,7.284463,6.454463,5.834463,4.5644627,3.764463,3.774463,3.9444628,3.084463,3.1844628,2.1344628,1.5944629,1.4744629,1.1144629,0.8344629,-0.09553711,-0.8855371,-0.9355371,-1.3155371,-1.7455372,-1.4655371,-1.4055371,-1.2455372,-1.0255371,-0.89553714,-0.9555371,-0.4255371,-1.0255371,-1.2455372,-1.1655371,-0.2255371,0.2844629,0.8144629,1.3644629,1.1344628,1.1344628,0.6544629,1.4544629,2.1044629,3.9244628,5.5044627,4.854463,3.9344628
-0.77553713,-0.5455371,3.534463,0.33446288,-1.1455371,0.18446289,-1.1355371,-1.7655371,0.5044629,0.27446288,-1.9355371,-7.025537,-2.0955372,7.7144628,5.374463,7.424463,9.074463,8.524463,9.024463,7.244463,5.134463,3.964463,3.734463,4.204463,4.0244627,3.1944628,2.524463,1.7044629,1.3044629,0.85446286,0.46446288,0.094462894,-0.5055371,-0.4655371,-0.6855371,-1.2855371,-1.7155371,-2.235537,-1.2755371,-1.0155371,-1.4455371,-1.2255371,-1.3955371,-1.7455372,-1.0755371,-0.2955371,0.5244629,0.7544629,0.3244629,1.2944629,0.42446288,-0.085537106,0.42446288,0.014462891,1.3344629,2.9044628,4.9844627,4.7344627,3.824463,3.014463
-0.28553712,0.3144629,-0.7555371,-0.015537109,-1.2755371,-1.5055372,-1.3355371,-0.9555371,-1.2055371,-2.1055372,-3.465537,-5.4955373,7.824463,11.684463,8.614463,7.584463,9.824463,8.754463,9.444463,7.434463,5.894463,4.244463,3.1944628,2.8644629,2.784463,2.474463,1.4644629,0.7544629,0.3744629,-0.3355371,-0.64553714,-1.1155372,-1.2055371,-1.3355371,-1.5755371,-1.1155372,-1.4055371,-1.4555371,-2.0855372,-2.175537,-1.4655371,-1.0555371,-1.0255371,-0.6055371,-0.06553711,0.8644629,-0.03553711,0.17446288,-0.25553712,-0.28553712,-0.9855371,-0.11553711,0.36446288,0.9544629,2.8544629,3.464463,4.634463,4.114463,2.744463,2.824463
-0.58553714,-0.09553711,-1.8255371,-0.085537106,-0.7455371,-1.6855371,-0.9055371,-1.3055371,1.1244628,2.3944628,1.4744629,0.9544629,8.794463,10.864463,9.414463,8.9744625,9.614463,9.264462,7.054463,4.9844627,4.3144627,3.6044629,2.6944628,2.4244628,1.9044629,1.6644629,1.3744628,0.3444629,-0.58553714,-0.8655371,-1.6655371,-1.4955372,-1.8355371,-2.425537,-2.8855371,-2.475537,-2.035537,-1.7555372,-1.9655371,-2.525537,-1.6455371,-1.5355371,-0.8755371,-0.7855371,-0.5755371,0.004462891,-0.06553711,-0.20553711,0.11446289,-0.3655371,0.12446289,0.8044629,0.5744629,0.9344629,2.834463,3.1744628,3.514463,2.084463,1.1544629,2.014463
2.4144628,-5.835537,-3.195537,-0.2955371,0.9544629,-0.3355371,-1.0155371,-1.8055371,-0.2455371,-3.545537,-2.6155372,1.6644629,9.024463,10.054462,10.074463,9.604463,9.354463,8.694463,8.634463,6.074463,4.804463,3.6844628,3.054463,2.6144629,1.3044629,1.0744629,0.6244629,-0.9755371,-1.1655371,-1.9055371,-2.695537,-2.6055372,-3.295537,-2.8355372,-2.3355372,-1.9355371,-1.605537,-1.105537,-1.2955371,-1.4555371,-1.4455371,-0.7955371,-0.3155371,0.10446289,-0.07553711,-0.58553714,-0.11553711,-0.4255371,-0.47553712,0.03446289,0.04446289,0.9844629,-0.2755371,1.514463,1.9044629,2.9044628,2.274463,1.4644629,1.1144629,0.8444629
-2.1455371,-5.885537,-7.445537,-1.1855371,2.304463,0.9444629,-1.0555371,-1.0155371,-1.0455371,0.8944629,1.9844629,5.844463,8.374463,9.484463,9.884463,9.364463,9.784463,10.074463,10.124463,7.374463,6.194463,4.954463,3.1144629,2.284463,1.6544629,0.8844629,-0.9055371,-1.3855371,-0.6055371,-2.3055372,-2.765537,-2.8455372,-2.9055371,-2.955537,-1.8855371,-1.0355371,-1.2055371,-0.4055371,-0.085537106,-0.085537106,-0.44553712,-0.6755371,0.004462891,0.10446289,-0.47553712,-0.8155371,-0.77553713,-0.5755371,0.4344629,0.7944629,0.5044629,0.5844629,-0.1655371,1.5044628,2.514463,2.3844628,1.4644629,0.9344629,0.6144629,-0.3655371
-3.0955372,-5.2455373,-9.485538,-8.2755375,2.804463,1.0444629,-0.5355371,-1.235537,-0.52553713,0.03446289,2.284463,5.554463,8.024463,8.834463,9.084463,9.354463,9.084463,10.324463,9.244463,6.844463,5.694463,5.114463,3.8644629,2.3644629,1.8044629,1.5244629,-0.38553712,-0.7955371,-0.3055371,-1.3855371,-1.4055371,-1.6855371,-2.0955372,-1.9255371,-0.6855371,-0.5755371,0.20446289,0.39446288,0.46446288,-0.38553712,0.20446289,-0.1355371,-0.2255371,-0.5455371,-0.5655371,-0.4055371,-0.8655371,0.12446289,0.9444629,1.3544629,0.4344629,0.9644629,1.2044629,1.514463,1.5844629,0.8044629,1.0944629,0.7944629,-1.0255371,-0.5955371
-3.775537,-0.5555371,-3.675537,-7.5355372,-4.855537,-0.3955371,-1.2255371,-0.9455371,-1.7955371,-1.2255371,1.0444629,3.4144628,7.2544627,9.784463,11.684463,12.464463,11.134463,11.734463,10.434463,7.514463,5.384463,4.7544627,4.2944627,3.1244628,1.7444628,1.0544629,-0.4355371,-1.2455372,-2.005537,-2.6555371,-1.8155371,-0.4255371,-0.9555371,0.3744629,0.3244629,-0.17553711,0.53446287,-0.3955371,-0.3955371,0.08446289,0.07446289,0.094462894,-0.3155371,-0.7355371,-0.3755371,-0.44553712,0.5244629,0.7944629,1.0244629,0.8344629,0.36446288,0.5144629,0.7344629,0.6244629,0.4844629,0.3544629,-0.14553711,-0.44553712,-0.9355371,-1.5555371
-3.295537,0.3544629,-2.6555371,-6.2055373,-7.095537,-2.265537,-1.2555372,-1.7155371,-1.8655372,-1.7955371,0.03446289,5.9844627,7.554463,10.284463,10.844463,9.774463,12.514462,12.844463,10.414463,7.404463,5.014463,3.964463,3.1144629,2.824463,1.3644629,0.3444629,-0.7555371,-1.3855371,-1.8455371,-1.6855371,-1.3755372,-1.1355371,0.3844629,0.11446289,-0.14553711,0.04446289,-0.14553711,-0.1355371,-0.07553711,0.42446288,0.1644629,0.05446289,-0.20553711,-0.2755371,-0.09553711,0.3744629,0.9844629,1.2044629,0.6544629,0.7044629,-0.6955371,-0.7655371,-0.64553714,-0.8655371,-0.09553711,-0.52553713,-0.71553713,-1.0955371,-0.7555371,-1.5355371
-2.945537,-2.0955372,-2.8555372,-6.6855373,-7.9355373,-2.725537,-1.3355371,-0.8155371,-2.455537,-2.8555372,0.5844629,4.904463,5.224463,12.684463,8.534463,16.654463,13.374463,11.544463,9.344463,7.264463,5.284463,3.464463,3.6644628,2.8444629,1.7544628,0.12446289,-0.5655371,-1.4155371,-1.0555371,-0.9755371,-0.77553713,0.04446289,0.7644629,0.2544629,-0.3455371,-0.085537106,-0.20553711,0.20446289,0.8944629,1.5844629,1.0544629,0.094462894,0.6744629,0.3144629,0.91446286,0.30446288,1.1744629,0.9844629,0.004462891,-0.2655371,-0.7655371,-1.5855371,-1.2255371,-1.1555371,-1.1555371,-1.2655371,-1.0255371,-1.8955371,-1.5155371,-1.9955372
-3.6255372,-3.975537,-4.445537,-7.165537,-8.345537,-4.635537,-1.6755371,0.8144629,-0.8155371,-2.3555372,2.724463,6.184463,10.204463,12.464463,16.374462,13.454463,10.554462,10.844463,8.234463,7.404463,4.704463,3.6544628,4.104463,2.6844628,1.7844629,0.4144629,-0.6155371,-0.4955371,-0.7855371,-0.2455371,0.8044629,-0.52553713,0.3444629,-0.4055371,-0.07553711,0.3744629,0.24446289,1.2044629,1.6844629,2.284463,1.4744629,2.204463,1.2844629,0.8644629,0.7344629,0.4744629,0.78446287,0.094462894,-0.64553714,-1.6955371,-1.7955371,-1.8055371,-1.2455372,-1.4555371,-1.985537,-2.0855372,-1.8355371,-2.0555372,-2.1155372,-0.5055371
-3.8855371,-4.715537,-5.855537,-5.795537,-7.2455373,-4.4355373,-1.8955371,0.094462894,1.9444629,0.18446289,2.324463,10.034463,10.594463,17.134462,15.574463,12.334463,10.314463,8.524463,6.804463,4.7544627,5.0644627,3.484463,2.754463,2.6544628,2.4044628,1.3644629,0.23446289,-1.0855371,-0.28553712,0.6844629,0.7744629,0.6544629,0.9944629,0.6444629,0.6944629,1.0544629,1.1044629,1.5044628,0.8744629,0.6744629,-1.355537,-1.4755371,0.8444629,1.9444629,1.0944629,1.1744629,0.60446286,-0.8555371,-0.3455371,-1.0755371,-2.795537,-2.455537,-2.525537,-2.3455372,-2.245537,-2.435537,-2.545537,-1.5455371,-1.2855371,-1.1355371
-3.015537,-3.165537,-4.025537,-4.945537,-4.155537,-3.8155372,-2.0755372,0.7344629,1.6244628,3.1244628,4.784463,10.394463,12.294463,15.184463,13.604463,12.214463,11.254463,8.384463,7.0244627,5.5644627,4.694463,3.484463,3.8744628,3.524463,3.1944628,1.4944628,0.4744629,0.5944629,0.9444629,1.2944629,1.3544629,1.9444629,1.264463,1.6044629,1.6144629,2.004463,1.5344629,1.4044629,1.2444628,0.23446289,0.11446289,-0.11553711,0.5544629,1.0344629,0.1944629,-0.6955371,0.11446289,-0.9355371,-1.4355371,-1.3355371,-1.8655372,-2.285537,-2.485537,-3.205537,-2.3255372,-2.045537,-1.5755371,-1.2455372,-0.8255371,0.2244629
-1.1955371,-0.6255371,-2.255537,-6.405537,-4.0155373,-1.8755372,-1.7055371,1.4644629,2.764463,3.814463,7.154463,11.134463,13.484463,12.434463,13.124463,10.884463,10.904463,8.804462,6.834463,6.384463,4.684463,3.274463,2.984463,2.8644629,1.8244629,1.264463,1.2744629,1.5744629,1.0844629,2.8944628,3.3744628,2.984463,2.3744628,1.9744629,1.4944628,1.3644629,0.2544629,1.7344629,0.6844629,-0.1955371,0.21446289,0.3844629,0.9944629,-0.1355371,-1.235537,-0.4255371,-1.0455371,-1.1655371,-1.3055371,-1.1755371,-1.9655371,-2.6355371,-2.8755372,-2.955537,-2.8655372,-2.8555372,-1.8755372,-0.3755371,-1.0255371,0.1344629
-0.32553712,-0.10553711,-1.2555372,0.7944629,-3.525537,-1.5955371,0.7944629,1.9044629,4.674463,6.684463,8.214463,10.504463,12.824463,10.804462,11.604463,11.184463,10.964463,9.114463,7.634463,6.894463,5.374463,2.804463,2.764463,1.7444628,1.2544628,1.6244628,2.294463,2.584463,2.3744628,3.044463,3.1844628,2.9244628,2.3744628,1.6744629,1.5544629,0.5044629,0.42446288,0.24446289,-0.06553711,-0.77553713,-0.89553714,-0.21553712,-0.9955371,-1.0955371,-1.2155371,-1.7055371,-2.6155372,-1.7455372,-1.1655371,-0.6855371,-1.7255371,-2.485537,-2.3455372,-2.3355372,-3.295537,-2.735537,-1.2455372,-0.9555371,-0.7655371,-0.7255371
0.85446286,0.5744629,2.074463,2.1444628,1.4344629,-0.4355371,1.3444629,3.8444629,5.674463,6.364463,9.104463,9.594463,9.204463,11.644463,11.964463,11.004463,8.694463,8.194463,7.164463,6.9644628,5.264463,3.454463,1.5244629,1.3144629,1.6844629,2.1544628,3.464463,3.474463,3.314463,2.8944628,3.1744628,2.824463,2.054463,0.42446288,0.14446288,0.02446289,-0.7955371,-0.8155371,-1.7955371,-0.96553713,-1.1455371,-0.9555371,-1.4255371,-1.2255371,-1.9555371,-3.205537,-2.045537,-1.1255372,-1.5255371,-1.7255371,-2.3955371,-2.1355371,-2.3255372,-2.705537,-3.3055372,-1.7555372,-2.505537,-0.6955371,-1.0655371,0.05446289
2.294463,2.494463,-0.35553712,4.094463,2.8544629,3.534463,2.8844628,4.054463,6.944463,8.904463,9.764462,10.204463,10.734463,10.984463,11.074463,7.744463,8.454463,7.664463,6.764463,5.694463,3.6944628,1.0544629,1.3744628,1.7944629,1.2244629,1.9744629,3.1844628,3.214463,2.474463,2.024463,1.6144629,1.7544628,0.85446286,0.004462891,-0.41553712,-0.5555371,-0.83553714,-0.5055371,-0.6955371,-1.3155371,-1.3155371,-1.235537,-1.6255372,-2.0755372,-1.9455371,-2.3855371,-1.1555371,-1.5255371,-2.0955372,-2.195537,-2.255537,-2.3355372,-1.6655371,-2.705537,-2.3255372,-1.9255371,-1.4655371,-1.7255371,-1.3655372,-0.7255371
3.3644629,0.7544629,1.9844629,2.6844628,4.444463,2.004463,3.054463,4.284463,5.224463,8.234463,7.934463,9.104463,10.464463,9.804462,8.064463,6.614463,7.2344627,6.284463,4.354463,1.6944629,1.8544629,1.2044629,0.60446286,1.0244629,-0.3155371,-0.3155371,1.8544629,2.464463,1.014463,0.06446289,0.85446286,-0.23553711,-0.4555371,-0.7855371,-1.0555371,-0.8055371,-0.5455371,-0.8655371,-1.485537,-1.5455371,-2.285537,-2.265537,-3.175537,-2.225537,-1.8255371,-2.015537,-1.4755371,-1.9055371,-2.215537,-1.9455371,-2.0655372,-1.3655372,-2.975537,-2.0755372,-1.6755371,-1.8355371,-1.8955371,-2.3655372,-0.89553714,-2.3955371
1.7544628,0.72446287,1.8844628,4.4644628,2.834463,4.0244627,0.12446289,0.5444629,5.474463,6.634463,8.574463,9.164463,6.684463,5.304463,7.704463,7.2344627,6.054463,3.9044628,0.06446289,0.17446288,-0.085537106,0.6144629,0.4544629,1.0044628,0.7644629,0.15446289,-0.11553711,1.6044629,1.6044629,0.6244629,-0.15553711,-0.14553711,-0.5055371,-1.2855371,-1.0955371,-0.15553711,0.12446289,-0.6255371,-1.4655371,-2.235537,-2.1455371,-3.045537,-3.025537,-2.415537,-2.1455371,-1.2055371,-0.9855371,-2.045537,-2.0855372,-1.6355371,-2.175537,-1.2255371,-1.8055371,-2.0755372,-1.7555372,-2.675537,-2.765537,-0.8555371,-2.215537,-2.415537
