json-data/2022072000.json
{"header": {"discipline":0,"disciplineName":"Meteorological products","gribEdition":2,"gribLength":79212,"center":7,"centerName":"US National Weather Service - NCEP(WMC)","subcenter":0,"refTime":"2022-07-20T00:00:00.000Z","significanceOfRT":1,"significanceOfRTName":"Start of forecast","productStatus":0,"productStatusName":"Operational products","productType":1,"productTypeName":"Forecast products","productDefinitionTemplate":0,"productDefinitionTemplateName":"Analysis/forecast at horizontal level/layer at a point in time","parameterCategory":2,"parameterCategoryName":"Momentum","parameterNumber":2,"parameterNumberName":"U-component_of_wind","parameterUnit":"m.s-1","genProcessType":2,"genProcessTypeName":"Forecast","forecastTime":0,"surface1Type":103,"surface1TypeName":"Specified height level above ground","surface1Value":10.0,"surface2Type":255,"surface2TypeName":"Missing","surface2Value":0.0,"gridDefinitionTemplate":0,"gridDefinitionTemplateName":"Latitude_Longitude","numberPoints":65160,"shape":6,"shapeName":"Earth spherical with radius of 6,371,229.0 m","gridUnits":"degrees","resolution":48,"winds":"true","scanMode":0,"nx":360,"ny":181,"basicAngle":0,"lo1":0.0,"la1":90.0,"lo2":359.0,"la2":-90.0,"dx":1.0,"dy":1.0}, "data":
[rows 150 to 174 of 181, columns 114 to 170 of 360]
6.158787,5.2287865,2.9587867,2.3287866,3.4187865,3.7787867,4.2787867,4.2387867,4.6687865,5.098787,4.5687866,5.6787868,5.8087864,6.4487867,6.408787,7.578787,8.308786,8.998787,9.778787,11.048786,11.308786,11.428786,11.668787,11.658787,11.668787,11.878787,11.108787,10.268786,9.628787,9.668787,10.248787,9.998787,9.378787,9.748787,9.388786,8.908787,8.828787,9.038787,8.898787,8.6887865,8.998787,9.548786,10.128787,8.238787,7.1787868,7.1287866,6.6087866,3.3887866,4.6887865,13.668787,19.718786,19.758787,19.968786,20.008787,20.058786,19.958786,19.438787
3.7087867,2.8987865,1.8287866,0.25878662,0.4587866,1.8787866,2.1687865,1.9087867,1.9987866,2.7387867,3.9687867,4.408787,4.9687867,6.7787867,8.408787,9.648787,10.468786,11.048786,11.518786,11.898787,11.768786,11.988787,12.9387865,12.998787,13.018786,13.128787,13.1887865,11.798786,10.818787,10.218786,10.998787,10.968786,11.148787,11.198787,10.568787,10.308786,10.488787,10.448787,10.358787,10.168787,9.9387865,9.898787,10.048786,10.418787,10.898787,11.558786,12.148787,12.168787,12.638786,12.6887865,12.508786,12.698787,7.388787,20.168787,20.988787,20.068787,19.228786
0.6587866,-0.33121338,-1.6412134,-2.4612134,-1.6512134,-0.17121337,-0.05121338,0.6887866,1.3087866,1.9887866,3.0787866,5.0687866,6.2487864,7.1887865,8.488787,9.858787,10.698787,11.888786,11.798786,12.378787,12.738787,13.1887865,14.008786,14.848786,14.348786,13.398787,14.658787,12.458787,10.338787,10.968786,11.638786,11.358787,12.1887865,12.4387865,12.298786,12.068787,12.208787,12.858787,9.478786,10.728786,12.1887865,10.838787,12.608787,11.468786,9.618787,8.948787,9.348786,10.148787,12.728786,10.638786,12.328787,11.218786,9.068787,4.7087865,-1.9312134,-3.0512133,-3.5612135
-3.8612134,-4.4312134,-4.8012133,-4.8312135,-2.9412134,-1.6212134,-0.8612134,-0.30121338,0.15878662,1.6087866,2.5787866,3.6387866,4.9187865,4.348787,4.4387865,6.9487867,8.748787,9.818787,13.208787,14.018786,13.848786,14.988787,14.618787,13.248787,12.328787,11.588787,10.208787,6.3787866,8.098786,8.228786,8.588787,9.528787,9.998787,10.218786,10.728786,10.298786,10.508786,10.178786,10.098786,10.208787,10.098786,10.218786,10.318787,10.468786,10.768786,10.198787,9.748787,8.868787,9.528787,8.338787,4.6987867,1.2087866,0.9487866,0.9687866,0.33878663,-0.41121337,-1.1412134
-8.641213,-8.151214,-7.7112136,-5.9812136,-4.2512136,-3.2012134,-2.2912133,-1.2112134,-0.4512134,0.7687866,1.9487866,1.7687867,1.9587866,2.6187866,2.9987867,3.1087866,5.2687864,7.4187865,9.988787,12.058786,12.088787,11.668787,11.648787,10.608787,9.298786,8.618787,6.2487864,4.5587864,5.3187866,6.3387866,7.5887866,8.388786,9.078787,9.838787,10.368787,9.288787,8.828787,9.468786,10.018786,9.908787,10.008786,10.388786,10.728786,11.038787,11.108787,11.038787,10.758786,10.318787,9.768786,8.918787,7.618787,6.118787,5.2087865,4.2187867,3.5787866,2.6987867,1.4687866
-11.411213,-10.271214,-8.661213,-6.9712133,-5.9812136,-5.1812134,-4.2312136,-3.5512133,-3.3412135,-3.0412133,-4.0512133,-3.7612133,-2.6512134,-0.9212134,0.4587866,1.1087866,2.3987865,2.8087866,1.9887866,-0.15121338,-2.0212133,-0.8712134,-0.15121338,-0.4212134,-0.6512134,-0.12121338,0.73878664,1.5887866,2.6587865,3.5487866,4.2087865,4.9687867,6.2287865,7.2087865,7.868787,8.388786,8.768786,9.098786,9.318787,9.518786,9.4387865,9.808786,10.148787,10.378787,10.358787,10.398787,10.338787,10.318787,9.818787,9.228786,8.558786,7.6787868,5.828787,5.0087867,4.638787,4.638787,3.4387865
-7.9612136,-7.171213,-8.121213,-7.9512134,-7.9412136,-7.6812134,-7.591213,-7.5112133,-6.6912136,-6.171213,-4.9112134,-5.4412136,-4.3212132,-2.0212133,0.28878662,2.6787865,3.5187867,3.5187867,2.5987866,2.7887866,3.5787866,2.5387866,2.3187866,1.7887866,1.5887866,1.8887867,2.0887866,2.4287865,3.0987866,3.9887867,4.388787,4.8387866,5.6687865,6.158787,7.0387864,7.828787,8.558786,9.248787,9.538787,9.578787,9.828787,10.198787,9.878787,9.958787,9.618787,9.448787,9.548786,9.488787,8.818787,7.848787,7.5687866,7.078787,6.7387867,6.2587867,6.3787866,5.868787,5.1687865
-2.4912133,-0.2612134,-8.911213,-11.611214,-9.721213,-8.991214,-8.121213,-4.841213,-5.1212134,-4.0112133,-2.8112135,-2.9912133,0.27878663,2.1887865,-0.35121337,-2.8612134,-4.5112133,-3.5212133,-1.9712133,3.1087866,1.0587866,-0.4212134,1.9687866,1.7887866,3.1687865,3.9087865,3.8587866,2.3787866,3.0687866,-0.12121338,2.9287865,5.6687865,6.7787867,5.2087865,6.2787867,7.4887867,6.2187867,4.388787,4.6487865,4.9487867,5.908787,5.6787868,5.618787,6.2987866,7.118787,6.6787868,6.2487864,5.2987866,6.4787865,6.9687867,6.9387865,6.2487864,4.8787866,4.1987867,3.4487867,2.9987867,4.0487866
-7.2812133,-7.6212134,-7.4112134,-6.3112135,-5.2812133,-4.4912133,-3.3112135,-4.2312136,-4.5612135,-3.3012133,-2.1712134,-0.17121337,-0.16121338,-1.2912134,-2.4212134,-3.6312134,-4.1212134,-3.0312133,-2.8712134,-1.0012134,1.3487866,1.9687866,2.8487866,3.5087867,4.8087864,6.7787867,7.5387864,8.768786,7.0087867,7.368787,3.9087865,-2.9812133,6.0487866,7.158787,-0.76121336,1.0787866,1.8787866,2.4087865,1.8887867,1.9287866,2.5787866,2.7387867,3.2587867,3.1387866,3.0787866,3.2187867,3.1187866,2.9687867,3.1587865,2.5487866,2.4187865,2.2087867,2.5187867,1.0987866,0.24878663,1.0687866,1.7087866
-4.341213,-4.5012136,-4.2412133,-4.2812133,-4.2612133,-4.2312136,-4.1412134,-3.3712134,-3.5812135,-3.1912134,-1.5212134,0.3887866,1.1387867,1.1487867,0.9987866,-0.4212134,-1.2012134,-1.1912134,-1.3112134,0.5887866,3.0087867,4.6087866,3.8687866,4.9187865,6.118787,7.638787,6.868787,6.8987865,6.5387864,5.4587865,4.0587864,4.3787866,3.8987865,1.4687866,-0.15121338,-1.1412134,1.4587866,1.4187866,-2.1712134,-0.25121337,1.2687867,1.4987866,1.4687866,1.4387866,2.9087865,2.5787866,2.4487867,2.3187866,2.4087865,2.5687866,2.7987866,2.7287867,2.1687865,1.2087866,0.6587866,0.6987866,1.4987866
-1.5112134,-1.3112134,-2.0912135,-2.5012133,-2.4412134,-2.2512133,-2.2212133,-2.3612134,-1.7412133,-1.2012134,-0.5312134,0.98878664,2.7087867,3.3087866,1.9887866,1.7187866,2.3887866,2.7987866,3.2187867,3.6387866,5.4787865,4.2687864,3.9387865,4.1987867,5.0087867,5.6287866,5.8787866,6.4287868,7.4387865,6.408787,5.7387867,4.2187867,2.8287866,1.7587867,1.3287866,1.2687867,0.3287866,-0.43121338,-1.4412134,-3.4112134,-4.4912133,-2.3712134,-0.9912134,-0.20121337,-2.4912133,3.8287866,3.4587867,1.1987866,2.6987867,2.8287866,2.7287867,2.7287867,3.1187866,3.5987866,4.1087866,4.2287865,4.3787866
-0.19121338,-0.9812134,-1.3812134,-1.1612134,-1.3012134,-1.1912134,-1.0212134,-0.7312134,-0.41121337,-0.10121338,0.4587866,1.4487866,2.9887867,4.2787867,4.7387867,4.6487865,4.2087865,4.2787867,5.2487864,5.8787866,6.2687864,4.5187864,4.2787867,4.2387867,4.6787868,5.2087865,6.0687866,6.0687866,6.3187866,5.2887864,5.3387866,3.9387865,2.5787866,1.5187867,0.8187866,0.22878662,-0.28121337,-0.33121338,-0.82121336,-1.1612134,-1.3812134,-1.7412133,-1.6612134,-1.3512133,-0.95121336,2.0987866,4.0087867,3.3587866,-0.2612134,1.1387867,-0.5012134,-3.7612133,-0.88121337,3.2787867,1.8287866,2.4787867,4.4187865
-1.0312134,-0.57121336,-0.8112134,-0.96121335,-0.6712134,-0.22121339,0.05878662,0.67878664,1.4387866,1.7887866,2.6787865,3.7487867,4.9287868,5.4287868,5.4387865,5.7087865,6.078787,5.888787,6.1887865,6.8587866,5.6887865,5.908787,6.1787868,4.7587867,4.8587866,4.638787,4.868787,5.1087866,4.4587865,4.0187864,3.4487867,3.2287867,2.8287866,2.0187867,1.3987867,1.1287866,0.98878664,0.79878664,0.44878662,-0.18121338,-0.38121337,-0.5912134,-1.0312134,-0.64121336,1.1687866,4.5887866,5.598787,4.118787,2.9087865,-3.0512133,-2.5012133,-1.2712134,0.25878662,3.2187867,0.3287866,1.6987866,4.4187865
-1.8112134,-1.5912133,-0.8712134,-0.4512134,-0.2612134,0.34878662,1.0787866,1.5187867,2.2687867,3.0687866,4.4787865,4.9387865,5.1987867,5.3987865,5.408787,6.2487864,6.7187867,6.5287867,6.2887864,5.7787867,7.848787,6.7687864,5.9387865,5.6087866,4.9787865,4.6687865,5.328787,4.6987867,4.348787,3.9587867,3.7087867,3.4287865,3.2087867,2.8687866,2.8587866,2.9487867,2.5487866,2.0287867,1.6587867,1.5187867,1.4687866,1.5787866,1.6887866,2.0887866,2.8487866,4.0887866,3.5687866,5.7387867,2.2887866,0.47878662,-0.51121336,-1.0712134,4.6687865,1.0287867,3.6087866,-1.6712134,0.53878665
-1.1312134,-0.9212134,-0.63121337,-0.5912134,-0.30121338,0.19878662,0.5087866,0.9387866,1.5887866,2.5487866,3.6787865,4.4587865,5.0287867,5.1887865,5.638787,6.3587866,5.9487867,6.2387867,6.328787,5.7687864,7.1487865,7.8087864,6.7187867,5.8587866,5.2287865,5.5187864,6.0587864,5.5187864,4.868787,4.6687865,4.4687867,4.1487865,3.9487867,3.8787866,3.7787867,4.0387864,4.368787,5.098787,5.638787,6.4187865,6.888787,7.1887865,6.3087864,6.888787,7.888787,8.428786,4.3787866,-0.96121335,2.3887866,8.358787,4.2987866,3.7487867,0.10878662,-0.47121337,0.54878664,1.4287866,1.2887866
0.21878663,0.10878662,0.40878662,0.73878664,0.92878664,1.0687866,1.4087867,1.8487866,2.5587866,3.4587867,4.328787,4.6887865,5.0287867,5.4687867,6.0087867,6.2287865,6.0587864,6.2887864,6.2087865,6.0287867,6.078787,6.328787,7.0287867,6.408787,5.3087864,5.7287865,6.1487865,5.7787867,5.5487866,5.5387864,5.2187867,5.328787,5.3387866,5.368787,5.7787867,6.078787,6.7987866,7.5587864,8.328787,9.028787,9.868787,10.318787,10.988787,10.738787,11.628787,14.708787,16.138786,15.208787,11.128787,5.9587865,5.2987866,5.9687867,5.348787,3.6387866,3.4787867,3.6787865,3.0587866
1.6587867,1.7187866,1.8987867,2.1787865,2.5287867,3.0487866,3.5887866,4.0387864,4.5187864,4.9487867,5.078787,5.2087865,5.7487864,6.098787,6.5687866,6.7487864,6.4187865,6.2787867,6.2887864,5.8787866,5.6287866,5.3787866,5.9187865,5.9287868,5.9687867,5.868787,5.618787,5.598787,5.7787867,5.828787,5.7187867,5.7287865,5.8587866,6.1887865,6.368787,6.4787865,7.3087864,7.7487864,8.148787,8.258786,8.558786,9.918787,7.828787,5.1887865,8.798786,11.518786,9.848786,8.818787,5.0087867,1.8587866,2.7487867,3.1787865,4.0187864,5.2887864,4.118787,4.3387866,2.7487867
2.9287865,3.1487865,3.3487866,3.6187866,3.8687866,4.2187867,4.5187864,4.5287867,4.5487866,4.6887865,4.8787866,5.1687865,5.4987864,6.2587867,6.4687867,6.3187866,6.4987864,6.348787,6.5687866,6.4287868,6.328787,6.2687864,6.408787,6.3087864,6.2187867,6.2587867,6.4887867,6.598787,6.8387866,6.658787,6.5487866,6.7887864,7.3387866,7.4487867,7.5687866,7.868787,8.138786,8.388786,8.468786,8.378787,8.478786,8.838787,9.078787,8.018786,8.468786,9.008786,9.478786,7.0587864,6.2087865,4.8187866,3.6787865,5.0487866,3.9087865,1.7587867,3.2587867,3.5887866,4.7687864
3.9087865,3.9787867,4.0487866,4.2387867,4.2887864,4.348787,4.4287868,4.4587865,4.4887867,4.7387867,4.7787867,4.9287868,5.2787867,5.908787,6.1487865,6.3187866,6.3387866,6.4787865,6.5587864,6.5687866,6.2087865,6.0187864,6.0287867,6.2187867,6.2387867,6.4387865,6.7287865,6.618787,6.658787,6.9587865,7.1487865,7.4987864,7.888787,8.048786,8.148787,8.738787,8.788787,8.638786,8.728786,9.148787,9.588787,9.978786,9.208787,7.1887865,9.718786,10.678786,5.8087864,4.368787,0.6887866,4.4487867,4.618787,1.4587866,1.6887866,3.2587867,5.5387864,8.328787,9.628787
3.6387866,3.7987866,3.8487866,3.9587867,4.0687866,4.2287865,4.368787,4.5287867,4.598787,4.5687866,4.6787868,4.9387865,5.3187866,5.638787,5.888787,5.9687867,5.868787,5.9987864,5.9787865,5.9387865,5.9687867,5.8987865,5.9187865,5.9587865,6.0287867,6.1787868,6.3087864,6.2687864,6.2787867,6.5387864,6.7887864,7.0387864,7.1887865,7.3387866,7.5687866,7.5487866,7.578787,7.7387867,7.9287868,7.7087865,8.488787,9.548786,8.198787,7.0887866,7.1987867,4.9987864,7.6687865,9.148787,5.2387867,5.638787,9.168787,8.328787,8.778787,9.998787,11.528787,12.498787,12.858787
4.0487866,4.1987867,4.3587866,4.4987864,4.598787,4.6487865,4.8387866,4.9887867,5.098787,5.138787,5.1087866,5.0887866,5.158787,5.388787,5.9187865,6.2087865,6.0487866,6.1787868,6.4887867,6.9587865,6.7287865,6.6087866,6.3987865,6.3087864,6.2287865,6.098787,5.9487867,5.8187866,5.618787,5.868787,5.868787,5.7787867,5.9987864,6.1687865,7.0487866,6.4987864,6.2787867,6.5387864,6.4587865,4.1787868,1.4487866,3.4887867,7.138787,6.2787867,5.8587866,7.6787868,9.828787,11.868787,14.128787,14.768786,14.728786,13.828787,12.678786,11.488787,10.278787,8.998787,9.148787
5.2687864,5.408787,5.5587864,5.7287865,5.8987865,5.9187865,5.9387865,5.9887867,6.078787,6.2387867,6.2587867,6.2787867,6.4587865,6.888787,7.388787,7.7587867,7.9887867,8.138786,8.108787,7.9887867,7.7287865,7.4687867,7.2987866,7.0687866,6.7687864,6.6687865,6.6287866,6.5387864,6.4987864,6.6687865,6.9987864,6.8987865,7.1687865,7.6287866,8.148787,8.298786,7.7387867,7.7887864,7.8187866,5.4687867,4.2887864,1.7787867,-2.2712133,-1.2812134,5.5287867,8.328787,6.908787,6.6787868,3.8787866,3.7387867,4.8387866,5.9787865,7.3787866,7.7287865,5.9187865,4.888787,5.5187864
5.4887867,5.7087865,5.9887867,6.2787867,6.5287867,6.7187867,6.8087864,6.868787,6.9787865,7.1487865,7.3187866,7.2787867,7.0687866,6.7087865,6.3387866,6.0387864,5.9487867,6.0587864,6.1687865,6.2387867,6.2087865,6.2687864,6.3087864,6.4287868,6.3987865,6.1287866,5.7987866,5.5587864,5.5387864,5.5387864,5.5587864,5.4487867,5.4587865,5.368787,5.2287865,4.9687867,4.6287866,3.8687866,1.6987866,-0.32121336,-1.2612134,-0.47121337,1.7887866,3.4687867,4.1687865,4.7687864,5.4387865,5.2787867,4.6287866,5.828787,6.0087867,4.2887864,5.9287868,8.338787,9.728786,9.648787,8.218786
6.8087864,6.368787,5.9687867,5.6687865,5.5187864,5.368787,5.1787868,5.118787,5.078787,5.078787,5.0587864,5.0087867,4.9487867,4.908787,4.9887867,5.078787,5.1287866,5.1487865,5.1487865,5.0187864,4.7887864,4.5287867,4.2487864,3.9487867,3.7987866,3.6987867,3.5787866,3.3587866,3.0887866,2.8687866,2.7187867,2.5987866,2.4187865,2.1187866,1.8187866,1.5887866,1.3287866,1.5087867,2.0687866,2.6087866,3.0787866,3.3087866,3.6987867,4.098787,2.5887866,-1.8812134,-3.5012133,-1.1712134,5.7087865,5.9887867,0.47878662,0.01878662,3.0487866,4.7987866,1.7687867,1.0187867,2.6387866
6.1687865,6.1787868,6.138787,6.0687866,6.0187864,6.0387864,5.9787865,5.828787,5.6287866,5.388787,5.1287866,4.848787,4.598787,4.3787866,4.138787,3.8687866,3.5587866,3.2287867,2.9687867,2.7787867,2.5787866,2.4287865,2.2387867,2.0287867,1.7887866,1.5487866,1.3287866,1.2087866,1.1487867,1.0687866,0.9587866,0.80878663,0.6287866,0.49878663,0.43878663,0.41878662,0.44878662,0.5787866,0.7787866,0.8887866,0.92878664,0.9587866,0.97878665,0.8187866,0.7087866,1.7387866,3.4887867,4.9887867,5.3587866,5.158787,2.2387867,-0.27121338,-1.0312134,-0.13121338,3.5987866,2.7487867,-0.031213379
