json-data/2022072418.json
{"header": {"discipline":0,"disciplineName":"Meteorological products","gribEdition":2,"gribLength":47887,"center":7,"centerName":"US National Weather Service - NCEP(WMC)","subcenter":0,"refTime":"2022-07-24T18:00:00.000Z","significanceOfRT":1,"significanceOfRTName":"Start of forecast","productStatus":0,"productStatusName":"Operational products","productType":1,"productTypeName":"Forecast products","productDefinitionTemplate":0,"productDefinitionTemplateName":"Analysis/forecast at horizontal level/layer at a point in time","parameterCategory":0,"parameterCategoryName":"Temperature","parameterNumber":0,"parameterNumberName":"Temperature","parameterUnit":"K","genProcessType":2,"genProcessTypeName":"Forecast","forecastTime":0,"surface1Type":1,"surface1TypeName":"Ground or water surface","surface1Value":0.0,"surface2Type":255,"surface2TypeName":"Missing","surface2Value":0.0,"gridDefinitionTemplate":0,"gridDefinitionTemplateName":"Latitude_Longitude","numberPoints":65160,"shape":6,"shapeName":"Earth spherical with radius of 6,371,229.0 m","gridUnits":"degrees","resolution":48,"winds":"true","scanMode":0,"nx":360,"ny":181,"basicAngle":0,"lo1":0.0,"la1":90.0,"lo2":359.0,"la2":-90.0,"dx":1.0,"dy":1.0}, "data":
[rows 0 to 25 of 181, columns 120 to 179 of 360]
272.90015,272.90015,272.90015,272.90015,272.90015,272.90015,272.90015,272.90015,272.90015,272.90015,272.90015,272.90015,272.90015,272.90015,272.90015,272.90015,272.90015,272.90015,272.90015,272.90015,272.90015,272.90015,272.90015,272.90015,272.90015,272.90015,272.90015,272.90015,272.90015,272.90015,272.90015,272.90015,272.90015,272.90015,272.90015,272.90015,272.90015,272.90015,272.90015,272.90015,272.90015,272.90015,272.90015,272.90015,272.90015,272.90015,272.90015,272.90015,272.90015,272.90015,272.90015,272.90015,272.90015,272.90015,272.90015,272.90015,272.90015,272.90015,272.90015,272.90015
272.90015,272.90015,272.90015,272.90015,272.90015,272.80014,272.90015,272.90015,272.90015,272.90015,272.90015,272.90015,272.90015,272.90015,272.90015,272.90015,272.80014,272.80014,272.80014,272.80014,272.80014,272.80014,272.80014,272.90015,272.90015,272.90015,272.90015,272.90015,272.90015,272.90015,272.90015,272.90015,272.90015,272.90015,272.90015,272.90015,272.90015,272.90015,272.90015,272.90015,272.90015,272.90015,272.80014,272.80014,272.80014,272.80014,272.80014,272.80014,272.80014,272.80014,272.80014,272.80014,272.80014,272.80014,272.80014,272.80014,272.80014,272.80014,272.80014,272.80014
272.90015,272.90015,272.90015,272.90015,272.80014,272.80014,272.80014,272.80014,272.80014,272.90015,272.90015,272.90015,272.90015,272.90015,272.90015,272.90015,272.90015,272.90015,272.90015,272.80014,272.90015,272.90015,272.90015,272.90015,272.90015,272.90015,272.90015,272.90015,272.90015,272.90015,272.90015,272.90015,272.90015,272.90015,272.90015,272.90015,272.90015,272.90015,272.90015,273.00015,273.00015,273.00015,273.00015,273.00015,273.00015,273.00015,273.00015,273.00015,273.00015,273.00015,273.00015,273.00015,273.00015,273.00015,273.00015,273.00015,273.00015,273.00015,273.00015,273.00015
272.90015,272.90015,272.90015,272.90015,272.90015,272.90015,272.90015,272.80014,272.80014,272.80014,272.90015,272.90015,272.90015,272.90015,272.90015,272.80014,272.90015,273.00015,273.00015,272.90015,272.90015,272.90015,272.80014,272.80014,272.80014,272.90015,272.90015,272.90015,272.90015,272.90015,272.90015,272.90015,272.80014,272.90015,272.90015,272.90015,273.00015,273.00015,273.00015,273.00015,273.00015,273.00015,273.00015,273.00015,273.00015,273.00015,273.10016,273.10016,273.10016,273.10016,273.10016,273.10016,273.10016,273.10016,273.10016,273.10016,273.10016,273.10016,273.10016,273.10016
272.30014,272.40015,272.50015,272.60016,272.70013,272.70013,272.70013,272.70013,272.80014,272.80014,272.80014,272.60016,272.70013,272.80014,272.70013,272.70013,272.90015,272.90015,272.90015,272.90015,272.90015,272.70013,272.50015,272.60016,272.60016,272.60016,272.60016,272.90015,273.00015,273.10016,273.10016,273.10016,273.10016,273.10016,273.10016,273.10016,273.10016,273.10016,273.10016,273.10016,273.10016,273.10016,273.10016,273.10016,273.10016,273.10016,273.10016,273.10016,273.10016,273.10016,273.10016,273.10016,273.10016,273.10016,273.10016,273.10016,273.10016,273.10016,273.10016,273.10016
272.40015,272.40015,272.40015,272.50015,272.50015,272.50015,272.70013,272.50015,272.80014,272.60016,272.80014,272.70013,273.00015,273.00015,273.00015,273.00015,273.10016,273.00015,273.00015,273.00015,273.00015,273.00015,272.90015,273.00015,273.10016,273.10016,273.10016,273.10016,273.10016,273.10016,273.10016,273.10016,273.10016,273.10016,273.10016,273.10016,273.10016,273.10016,273.10016,273.10016,273.10016,273.10016,273.10016,273.10016,273.10016,273.10016,273.10016,273.10016,273.00015,272.90015,272.90015,272.90015,272.80014,272.80014,272.80014,272.80014,272.80014,272.80014,273.10016,273.10016
272.20013,272.10016,272.10016,272.00015,272.00015,272.10016,272.20013,272.20013,272.30014,272.30014,272.30014,272.30014,272.20013,272.20013,272.30014,272.50015,272.70013,272.90015,272.90015,273.00015,273.00015,273.00015,273.00015,272.90015,273.00015,273.00015,273.00015,273.00015,273.00015,273.10016,273.10016,273.10016,273.10016,273.10016,273.10016,273.10016,273.10016,273.10016,273.10016,273.10016,273.10016,273.10016,273.10016,273.10016,273.10016,273.10016,273.10016,273.10016,273.10016,273.10016,273.10016,273.10016,273.10016,273.10016,273.10016,273.10016,273.10016,273.10016,273.10016,273.10016
272.10016,272.00015,272.00015,271.80014,271.80014,271.90015,271.80014,271.80014,271.90015,271.70013,271.90015,271.90015,272.00015,272.00015,272.30014,272.30014,272.40015,272.60016,272.60016,272.20013,272.20013,272.60016,272.60016,272.50015,272.70013,272.80014,272.90015,272.90015,273.00015,273.00015,273.00015,272.90015,272.90015,273.00015,273.10016,273.00015,273.00015,273.10016,273.10016,273.10016,273.10016,273.10016,273.10016,273.10016,273.10016,273.10016,273.10016,273.10016,273.10016,273.10016,273.10016,273.10016,273.10016,273.10016,273.10016,273.10016,273.10016,273.10016,273.10016,273.10016
272.40015,272.40015,272.40015,272.30014,272.30014,272.60016,272.50015,273.00015,273.00015,273.00015,273.00015,273.00015,273.00015,273.00015,272.90015,272.20013,272.10016,271.80014,271.80014,271.80014,271.80014,271.90015,271.90015,272.10016,272.20013,272.30014,272.50015,272.40015,272.40015,272.20013,272.30014,272.40015,272.30014,272.40015,272.30014,272.30014,272.60016,272.70013,272.70013,272.70013,272.70013,272.80014,272.90015,272.90015,272.90015,272.90015,272.90015,273.10016,273.10016,273.00015,273.10016,273.10016,273.10016,273.10016,273.10016,273.00015,273.00015,273.10016,273.10016,273.10016
273.10016,273.10016,273.10016,273.10016,273.10016,273.10016,273.10016,273.10016,273.00015,273.00015,273.00015,273.00015,273.00015,273.00015,273.00015,272.90015,272.90015,272.90015,272.80014,272.20013,272.10016,272.00015,272.00015,271.90015,272.00015,272.00015,271.90015,271.80014,271.90015,272.00015,272.10016,272.10016,272.10016,272.20013,272.30014,272.30014,272.40015,272.40015,272.40015,272.40015,272.40015,272.40015,272.40015,272.50015,272.60016,272.60016,272.70013,272.70013,272.80014,272.70013,272.80014,272.80014,272.80014,272.80014,272.90015,272.80014,272.90015,273.00015,273.10016,273.00015
273.10016,273.10016,273.10016,273.10016,273.10016,273.10016,273.10016,273.10016,273.10016,273.10016,273.00015,273.00015,273.00015,273.00015,273.00015,273.00015,272.90015,272.90015,272.70013,272.70013,272.60016,272.70013,272.80014,271.80014,271.80014,271.70013,271.80014,271.90015,271.80014,271.50015,271.60016,271.60016,271.70013,271.70013,271.70013,271.70013,271.90015,271.90015,271.90015,272.00015,272.10016,272.20013,272.30014,272.40015,272.30014,272.40015,272.40015,272.50015,272.50015,272.50015,272.50015,272.60016,272.70013,272.80014,272.90015,273.00015,273.10016,273.10016,273.10016,273.10016
273.10016,273.10016,273.10016,272.70013,272.60016,272.50015,272.50015,272.30014,272.30014,272.60016,273.00015,272.90015,272.60016,272.60016,272.80014,273.00015,272.90015,272.90015,272.90015,272.80014,272.70013,272.60016,272.20013,272.00015,272.10016,272.20013,272.20013,271.50015,271.40015,271.40015,271.40015,271.70013,271.80014,271.80014,271.90015,272.00015,271.70013,271.80014,271.80014,271.80014,272.00015,272.00015,272.10016,272.20013,272.30014,272.30014,272.30014,272.30014,272.50015,272.60016,272.70013,272.70013,272.80014,272.90015,273.00015,272.90015,272.90015,273.10016,273.00015,273.00015
272.20013,272.20013,272.30014,272.40015,272.30014,272.50015,273.00015,272.70013,272.70013,272.90015,272.80014,272.70013,272.40015,272.50015,272.80014,272.90015,272.90015,272.70013,272.50015,272.50015,272.60016,272.60016,272.40015,272.20013,272.10016,272.20013,272.50015,272.50015,272.40015,272.50015,272.50015,272.50015,272.50015,271.90015,272.00015,271.50015,271.70013,271.80014,271.80014,271.90015,271.90015,272.00015,271.90015,271.90015,272.00015,272.00015,272.10016,272.20013,272.20013,272.20013,272.40015,272.40015,272.40015,272.60016,273.10016,273.10016,273.10016,273.10016,273.00015,273.10016
271.30014,271.40015,272.20013,271.40015,271.50015,272.00015,273.90015,271.50015,271.50015,272.40015,272.60016,272.90015,273.50015,271.50015,271.60016,272.10016,271.70013,271.60016,273.80014,271.90015,271.90015,273.20013,273.10016,273.10016,272.90015,272.70013,272.80014,272.60016,272.70013,272.80014,272.60016,272.50015,272.50015,272.50015,272.20013,272.10016,272.30014,272.50015,272.40015,271.80014,271.90015,272.00015,272.00015,272.00015,271.90015,271.90015,271.80014,271.80014,272.00015,272.10016,272.20013,272.30014,272.30014,272.40015,272.60016,272.60016,273.00015,273.00015,273.00015,273.00015
274.40015,274.40015,275.10016,275.10016,275.20013,275.20013,275.20013,275.10016,275.00015,275.00015,274.90015,274.90015,274.50015,274.50015,274.30014,274.20013,274.10016,273.80014,277.90015,277.10016,273.40015,271.80014,276.80014,273.40015,273.40015,273.40015,273.40015,273.30014,273.30014,273.10016,273.20013,273.20013,273.10016,272.30014,272.70013,272.90015,272.90015,273.00015,271.60016,271.80014,271.80014,271.90015,271.90015,271.90015,272.10016,272.20013,272.10016,271.90015,271.90015,272.00015,272.10016,272.00015,272.00015,272.20013,272.40015,272.60016,273.10016,273.00015,273.10016,273.10016
275.90015,276.10016,276.20013,276.50015,276.70013,276.70013,276.80014,276.60016,276.40015,276.10016,275.80014,275.10016,274.60016,274.30014,274.10016,274.00015,273.60016,272.10016,275.70013,274.70013,274.40015,271.30014,272.70013,274.20013,273.00015,272.60016,272.30014,273.90015,276.80014,276.80014,277.20013,273.30014,273.30014,273.10016,273.10016,273.00015,272.70013,272.70013,272.90015,273.00015,273.00015,273.00015,273.00015,273.00015,272.90015,272.80014,272.10016,272.10016,272.10016,272.00015,272.00015,272.00015,271.90015,272.00015,272.20013,272.80014,272.80014,272.90015,272.90015,273.00015
275.50015,275.50015,275.60016,275.90015,276.10016,275.70013,276.70013,277.00015,276.60016,276.00015,275.30014,274.80014,274.50015,274.50015,274.40015,274.30014,272.40015,271.90015,274.00015,273.70013,273.70013,274.90015,273.30014,273.20013,271.50015,271.40015,271.40015,271.70013,271.80014,272.00015,271.70013,271.70013,272.50015,273.10016,272.90015,273.00015,273.00015,272.80014,272.90015,273.00015,273.00015,273.00015,273.00015,273.00015,273.00015,273.00015,273.00015,273.00015,272.60016,272.40015,272.30014,272.20013,272.00015,272.60016,272.50015,272.40015,272.70013,272.70013,272.60016,272.60016
277.10016,277.90015,278.30014,274.40015,282.00015,281.50015,280.70013,273.00015,279.60016,277.80014,275.60016,275.20013,275.10016,274.60016,273.80014,274.10016,273.50015,273.60016,274.10016,272.80014,273.00015,272.70013,272.20013,272.50015,273.10016,273.40015,273.70013,273.50015,273.60016,271.80014,271.90015,272.20013,272.30014,272.00015,271.80014,271.90015,272.00015,272.50015,272.90015,272.90015,273.00015,273.00015,273.00015,273.00015,273.00015,273.00015,273.00015,272.90015,273.00015,272.70013,272.40015,272.20013,272.20013,272.20013,272.20013,272.90015,272.50015,272.60016,272.50015,272.70013
286.50015,286.40015,285.80014,285.00015,284.90015,283.80014,282.80014,280.70013,282.50015,275.80014,275.40015,275.20013,275.00015,275.00015,274.90015,274.90015,274.50015,274.50015,274.90015,274.60016,282.90015,281.80014,281.40015,280.20013,279.30014,278.10016,272.80014,277.60016,277.10016,275.90015,274.20013,274.30014,273.90015,272.00015,271.90015,271.80014,271.80014,271.80014,272.00015,272.90015,273.00015,273.00015,273.00015,273.00015,273.00015,273.00015,273.00015,273.00015,273.00015,273.00015,272.80014,272.90015,272.90015,272.80014,272.70013,272.80014,272.80014,272.30014,272.40015,272.30014
284.20013,285.80014,285.30014,285.90015,287.70013,286.20013,284.80014,285.40015,284.50015,283.50015,282.60016,273.80014,282.00015,284.30014,285.70013,286.50015,286.90015,287.30014,287.40015,285.80014,285.10016,284.30014,283.70013,283.20013,282.90015,282.20013,281.70013,280.20013,282.40015,282.40015,282.00015,281.20013,276.40015,273.90015,274.10016,275.90015,277.40015,275.20013,274.50015,273.80014,273.70013,272.90015,272.80014,272.60016,272.70013,272.60016,272.80014,273.00015,273.00015,273.00015,273.00015,272.90015,273.00015,273.00015,272.90015,272.70013,272.50015,272.50015,271.80014,278.80014
282.50015,282.50015,283.00015,284.60016,285.90015,286.80014,285.10016,283.80014,283.00015,282.30014,282.00015,282.10016,283.70013,283.80014,283.50015,285.20013,286.50015,286.30014,286.30014,284.90015,285.20013,284.10016,284.40015,283.70013,283.10016,284.00015,284.50015,285.60016,283.30014,282.60016,282.00015,281.90015,282.50015,280.80014,279.40015,279.30014,278.40015,278.00015,277.20013,277.10016,274.70013,274.80014,274.90015,271.60016,271.90015,272.60016,272.90015,272.60016,272.80014,273.00015,272.80014,278.60016,277.30014,273.00015,273.00015,273.10016,272.80014,272.80014,272.80014,272.10016
282.00015,282.10016,283.70013,284.90015,284.90015,284.80014,283.90015,282.80014,283.40015,278.80014,279.60016,280.90015,281.00015,282.20013,284.60016,283.30014,283.40015,283.90015,282.80014,283.20013,281.60016,283.60016,282.40015,283.70013,284.00015,284.50015,284.80014,283.90015,283.80014,283.00015,283.40015,283.90015,283.30014,283.00015,282.50015,282.20013,282.30014,281.10016,280.80014,279.80014,277.90015,282.20013,282.50015,279.60016,278.70013,279.10016,277.30014,277.80014,277.20013,275.90015,273.60016,274.60016,278.90015,277.20013,276.80014,277.40015,275.80014,277.20013,277.00015,276.50015
281.40015,283.30014,283.70013,284.80014,284.90015,283.60016,282.50015,282.90015,282.50015,277.90015,279.30014,283.00015,285.90015,286.50015,285.20013,284.50015,284.60016,283.60016,282.90015,280.60016,280.10016,281.60016,283.60016,284.10016,285.30014,285.80014,285.50015,284.90015,282.30014,283.60016,284.20013,285.20013,285.10016,284.70013,284.80014,280.40015,284.70013,284.40015,284.70013,284.20013,284.70013,285.50015,284.90015,283.40015,283.40015,282.70013,281.40015,279.90015,279.10016,278.60016,279.80014,278.70013,278.50015,279.40015,279.20013,278.40015,278.30014,279.60016,275.90015,277.40015
281.80014,283.00015,283.40015,283.70013,284.10016,282.70013,283.80014,283.70013,282.10016,279.40015,280.50015,279.90015,286.20013,284.30014,282.50015,284.00015,284.70013,284.20013,283.20013,280.70013,278.70013,280.30014,281.20013,280.90015,280.60016,282.50015,283.60016,284.90015,284.80014,284.00015,284.20013,285.30014,285.60016,285.40015,284.70013,284.70013,284.30014,284.10016,284.20013,284.40015,285.00015,284.70013,285.60016,286.40015,284.90015,284.70013,282.40015,280.30014,279.60016,279.80014,279.90015,279.50015,279.70013,280.20013,281.60016,282.40015,282.40015,280.40015,280.00015,276.90015
284.20013,283.30014,284.10016,283.80014,276.10016,281.40015,282.50015,283.20013,282.30014,281.30014,278.10016,281.00015,281.70013,283.30014,281.90015,281.10016,280.40015,284.60016,283.10016,281.70013,278.90015,278.40015,279.70013,280.80014,281.60016,282.10016,279.30014,281.00015,281.20013,282.20013,283.50015,284.80014,284.50015,283.00015,283.40015,281.70013,282.20013,282.20013,283.00015,283.60016,282.60016,283.20013,281.90015,281.80014,281.70013,282.00015,281.60016,281.70013,281.50015,281.70013,281.90015,281.40015,281.80014,283.10016,282.00015,281.70013,280.90015,280.00015,282.10016,280.80014
286.20013,285.20013,284.60016,284.10016,282.90015,279.70013,285.70013,283.80014,281.70013,279.30014,278.10016,279.20013,279.30014,280.60016,280.50015,281.90015,285.60016,285.10016,281.20013,281.90015,280.70013,280.50015,279.20013,280.20013,277.30014,279.30014,277.30014,280.40015,278.40015,279.70013,281.80014,283.80014,283.60016,282.70013,283.10016,283.40015,283.20013,282.90015,282.70013,283.20013,283.40015,283.80014,282.90015,282.00015,282.00015,282.50015,283.10016,283.50015,282.40015,283.70013,284.90015,284.70013,284.00015,284.40015,280.80014,283.20013,281.50015,280.50015,282.40015,279.60016
