json-data/2022072200.json
{"header": {"discipline":0,"disciplineName":"Meteorological products","gribEdition":2,"gribLength":47550,"center":7,"centerName":"US National Weather Service - NCEP(WMC)","subcenter":0,"refTime":"2022-07-22T00:00:00.000Z","significanceOfRT":1,"significanceOfRTName":"Start of forecast","productStatus":0,"productStatusName":"Operational products","productType":1,"productTypeName":"Forecast products","productDefinitionTemplate":0,"productDefinitionTemplateName":"Analysis/forecast at horizontal level/layer at a point in time","parameterCategory":0,"parameterCategoryName":"Temperature","parameterNumber":0,"parameterNumberName":"Temperature","parameterUnit":"K","genProcessType":2,"genProcessTypeName":"Forecast","forecastTime":0,"surface1Type":1,"surface1TypeName":"Ground or water surface","surface1Value":0.0,"surface2Type":255,"surface2TypeName":"Missing","surface2Value":0.0,"gridDefinitionTemplate":0,"gridDefinitionTemplateName":"Latitude_Longitude","numberPoints":65160,"shape":6,"shapeName":"Earth spherical with radius of 6,371,229.0 m","gridUnits":"degrees","resolution":48,"winds":"true","scanMode":0,"nx":360,"ny":181,"basicAngle":0,"lo1":0.0,"la1":90.0,"lo2":359.0,"la2":-90.0,"dx":1.0,"dy":1.0}, "data":
[rows 135 to 161 of 181, columns 122 to 182 of 360]
282.4995,282.2995,282.09952,282.2995,282.7995,282.8995,282.7995,282.4995,282.09952,281.9995,282.2995,282.4995,282.59952,282.69952,282.7995,282.8995,283.4995,284.2995,284.4995,283.9995,283.9995,284.2995,284.19952,283.9995,284.3995,284.9995,285.3995,285.7995,285.4995,284.8995,284.69952,284.3995,284.19952,283.9995,283.9995,283.9995,284.19952,283.8995,283.2995,283.3995,283.7995,284.19952,284.59952,284.8995,285.3995,285.4995,276.8995,272.9995,274.19952,280.3995,282.2995,281.3995,280.9995,281.19952,281.19952,281.3995,282.09952,282.3995,282.4995,282.8995,283.19952
282.2995,282.09952,281.9995,282.09952,282.2995,282.3995,282.19952,282.3995,282.2995,282.2995,282.2995,282.3995,282.2995,282.3995,282.7995,283.19952,283.7995,284.2995,284.2995,283.7995,283.69952,283.9995,283.8995,283.59952,283.69952,284.19952,284.69952,285.3995,285.7995,285.19952,284.2995,283.09952,282.69952,282.4995,282.8995,283.3995,283.69952,283.2995,282.9995,283.2995,283.7995,284.19952,284.4995,284.69952,285.09952,276.8995,278.3995,278.3995,279.8995,281.7995,280.69952,280.8995,280.8995,281.09952,281.3995,281.7995,282.19952,282.4995,282.8995,283.2995,283.69952
281.19952,281.3995,281.7995,281.9995,281.8995,281.8995,281.7995,281.9995,282.09952,282.19952,282.19952,282.19952,281.9995,281.9995,282.3995,282.7995,282.9995,283.19952,283.09952,282.8995,282.7995,282.7995,282.59952,282.4995,282.59952,282.59952,282.69952,283.59952,284.8995,284.9995,284.09952,283.09952,282.7995,282.59952,282.59952,282.59952,282.8995,282.69952,282.69952,282.8995,283.2995,283.8995,284.09952,284.2995,284.3995,284.19952,279.4995,282.69952,281.2995,280.2995,280.2995,280.2995,280.2995,280.59952,280.8995,281.2995,281.4995,281.69952,282.09952,282.4995,282.9995
279.69952,279.7995,280.7995,281.2995,281.59952,281.69952,281.7995,281.69952,281.7995,281.7995,281.9995,282.09952,281.9995,282.2995,282.59952,282.7995,282.69952,282.3995,282.09952,281.7995,281.7995,281.8995,281.7995,281.8995,281.9995,282.09952,282.09952,282.09952,282.59952,282.8995,282.4995,282.3995,282.4995,282.69952,282.09952,281.59952,281.59952,281.7995,281.9995,282.4995,282.9995,283.19952,283.59952,283.59952,283.69952,283.2995,282.4995,281.2995,280.19952,279.9995,279.8995,279.9995,279.9995,279.8995,280.09952,280.19952,280.59952,280.8995,280.8995,280.59952,280.8995
278.3995,278.3995,279.09952,279.7995,280.59952,281.09952,281.19952,280.8995,280.9995,281.19952,281.3995,281.19952,280.9995,281.19952,281.7995,281.7995,281.7995,281.69952,281.69952,281.69952,281.4995,281.3995,281.2995,281.2995,281.7995,282.4995,282.7995,282.2995,281.7995,281.4995,281.2995,281.4995,281.3995,281.4995,281.19952,280.9995,281.09952,281.09952,281.4995,282.09952,282.2995,282.59952,282.7995,282.59952,282.3995,281.8995,280.7995,280.3995,280.4995,280.19952,280.19952,279.9995,279.9995,279.8995,279.7995,279.59952,279.69952,279.9995,279.9995,279.8995,280.3995
277.8995,278.09952,278.4995,279.09952,279.59952,279.8995,279.8995,279.3995,279.4995,279.69952,279.69952,279.69952,279.4995,279.59952,279.8995,279.9995,279.9995,280.09952,280.59952,281.2995,281.4995,281.19952,280.59952,280.59952,281.19952,281.9995,282.19952,281.59952,280.7995,280.2995,280.4995,280.9995,280.9995,280.9995,280.9995,280.7995,280.7995,280.8995,281.2995,281.7995,281.69952,281.4995,281.2995,281.3995,281.3995,280.59952,280.19952,280.19952,280.2995,280.2995,280.19952,279.9995,279.8995,279.9995,279.8995,279.59952,279.2995,279.2995,279.3995,279.4995,279.8995
277.69952,277.9995,278.2995,278.4995,278.69952,278.7995,278.4995,278.2995,278.3995,278.4995,278.69952,278.7995,278.8995,278.9995,279.09952,278.9995,278.7995,278.69952,279.19952,279.8995,279.9995,280.09952,279.69952,279.69952,279.9995,280.69952,281.09952,280.7995,280.09952,279.69952,279.7995,280.2995,280.59952,280.59952,280.69952,280.59952,280.59952,280.3995,280.7995,280.69952,280.2995,280.2995,280.69952,280.8995,280.69952,280.69952,280.2995,279.9995,279.9995,279.9995,279.9995,279.9995,279.8995,280.09952,279.4995,279.09952,279.09952,279.09952,279.2995,279.4995,279.69952
277.2995,277.59952,277.59952,277.3995,277.3995,277.3995,277.4995,277.4995,277.7995,277.7995,277.7995,278.09952,278.3995,278.3995,278.3995,277.8995,277.59952,277.3995,277.2995,277.59952,277.9995,278.2995,278.2995,278.4995,278.8995,279.7995,280.3995,280.2995,279.7995,279.09952,279.2995,279.4995,279.69952,279.9995,280.09952,279.8995,279.8995,279.9995,279.9995,279.7995,279.69952,280.09952,280.3995,280.7995,280.69952,280.4995,280.2995,279.9995,279.69952,279.69952,279.7995,279.8995,280.09952,279.7995,278.9995,279.09952,279.09952,279.19952,279.3995,279.59952,279.69952
276.3995,276.3995,276.2995,275.9995,276.09952,276.19952,276.4995,276.7995,277.19952,277.19952,277.09952,277.09952,277.4995,277.4995,277.2995,277.19952,276.7995,276.4995,275.8995,275.59952,276.19952,276.69952,276.59952,276.7995,277.19952,278.3995,279.3995,279.4995,279.09952,278.4995,278.19952,278.4995,278.8995,278.8995,278.9995,278.8995,278.8995,279.09952,279.3995,279.69952,279.8995,280.19952,280.3995,280.4995,280.4995,280.3995,280.2995,279.9995,279.7995,279.69952,279.7995,279.9995,279.7995,279.09952,278.59952,278.59952,278.59952,278.9995,279.2995,279.59952,279.7995
275.69952,275.69952,275.59952,275.59952,275.7995,275.9995,276.09952,276.2995,276.59952,276.59952,276.4995,276.69952,277.09952,277.09952,276.69952,276.3995,276.19952,275.9995,275.2995,274.59952,274.59952,274.8995,274.8995,275.09952,275.4995,276.19952,277.09952,277.8995,278.19952,277.7995,277.7995,278.09952,278.4995,278.3995,278.2995,278.09952,277.8995,277.4995,277.7995,278.4995,279.2995,279.8995,280.3995,280.3995,280.3995,280.3995,280.2995,280.2995,280.2995,280.19952,280.19952,280.09952,279.4995,278.8995,278.4995,278.2995,278.3995,278.7995,279.09952,279.4995,279.7995
275.3995,275.4995,275.4995,275.4995,275.4995,275.4995,275.4995,275.7995,276.09952,276.09952,275.9995,275.8995,275.7995,275.7995,275.69952,275.69952,275.59952,275.2995,274.8995,274.3995,274.19952,274.19952,274.09952,274.09952,273.7995,273.9995,275.19952,276.3995,276.7995,276.7995,276.69952,276.8995,277.59952,277.69952,277.69952,277.4995,277.19952,276.9995,276.59952,276.4995,277.2995,278.09952,279.4995,280.19952,280.4995,280.4995,280.4995,280.3995,280.09952,279.8995,279.7995,279.69952,279.3995,278.8995,278.2995,277.9995,278.19952,278.69952,279.19952,279.3995,279.2995
275.19952,275.2995,275.19952,275.09952,275.19952,275.2995,275.2995,275.09952,275.19952,275.4995,275.4995,275.19952,274.8995,274.7995,274.9995,275.19952,275.3995,275.3995,275.09952,274.69952,274.3995,274.09952,273.9995,273.8995,273.59952,273.3995,273.9995,275.19952,275.8995,275.8995,275.4995,275.4995,275.7995,276.09952,276.3995,276.3995,276.19952,275.7995,275.4995,275.8995,275.9995,276.4995,277.3995,278.7995,279.3995,279.7995,279.9995,279.8995,279.7995,279.7995,279.69952,279.4995,279.2995,278.9995,278.4995,278.09952,278.09952,278.59952,278.9995,279.09952,278.8995
274.7995,274.7995,274.69952,274.69952,274.7995,275.09952,275.09952,274.69952,274.4995,274.4995,274.69952,274.69952,274.59952,274.69952,274.7995,274.9995,275.3995,275.69952,275.3995,274.8995,274.4995,274.19952,273.8995,273.69952,273.4995,273.19952,273.2995,273.9995,275.19952,275.09952,274.69952,274.8995,274.9995,275.19952,275.09952,274.9995,275.3995,275.3995,274.9995,274.8995,274.9995,275.4995,276.3995,277.2995,278.19952,278.69952,279.2995,279.69952,279.69952,279.59952,279.19952,278.9995,278.7995,278.69952,278.3995,278.09952,277.69952,277.59952,278.09952,278.3995,278.3995
273.8995,273.9995,273.9995,274.19952,274.4995,274.4995,274.4995,274.4995,274.2995,274.2995,274.2995,274.19952,274.19952,274.19952,274.2995,274.69952,274.8995,274.9995,274.7995,274.69952,274.4995,274.09952,273.7995,273.59952,273.2995,273.09952,272.8995,272.8995,273.9995,274.3995,274.09952,274.2995,274.69952,274.69952,274.2995,274.3995,275.19952,275.4995,274.9995,274.69952,274.7995,275.2995,276.2995,276.8995,277.2995,277.69952,278.2995,278.7995,278.8995,278.69952,278.2995,278.09952,278.09952,277.9995,277.69952,277.2995,277.09952,277.2995,277.3995,277.2995,277.09952
273.19952,273.4995,273.59952,273.7995,273.9995,273.9995,273.8995,273.8995,274.09952,274.19952,273.9995,273.8995,273.59952,273.59952,273.69952,273.7995,273.8995,273.7995,273.9995,273.9995,273.8995,273.69952,273.3995,273.2995,273.09952,272.9995,272.7995,272.4995,272.59952,273.2995,273.3995,273.4995,273.7995,274.09952,273.8995,273.9995,274.3995,274.8995,274.69952,274.3995,274.8995,275.3995,275.7995,275.9995,276.59952,276.8995,276.8995,277.3995,277.59952,277.59952,277.2995,277.19952,277.19952,276.59952,276.3995,276.2995,276.19952,276.3995,276.4995,275.9995,275.4995
272.8995,273.19952,273.4995,273.59952,273.4995,273.3995,273.2995,273.2995,273.3995,273.4995,273.4995,273.3995,273.19952,273.09952,273.09952,272.9995,272.9995,272.7995,272.7995,272.7995,272.8995,272.9995,273.09952,272.9995,272.9995,272.9995,272.69952,272.3995,272.19952,272.4995,272.7995,272.9995,273.19952,273.4995,273.3995,273.3995,273.4995,273.4995,273.59952,273.3995,273.9995,274.69952,274.9995,274.8995,274.8995,275.09952,275.2995,275.4995,275.7995,275.9995,276.09952,276.09952,275.7995,275.3995,275.19952,274.69952,274.69952,274.69952,274.7995,274.3995,274.09952
272.2995,272.4995,272.69952,272.8995,272.9995,272.9995,272.69952,272.69952,272.69952,272.69952,272.69952,272.69952,272.69952,272.59952,272.3995,272.2995,272.19952,272.19952,272.19952,272.19952,272.19952,272.2995,272.3995,272.3995,272.2995,272.4995,272.2995,272.09952,271.8995,271.69952,271.8995,271.9995,272.19952,272.59952,272.7995,272.59952,272.69952,272.69952,272.7995,272.69952,272.8995,273.09952,273.3995,273.3995,273.09952,273.09952,273.59952,274.09952,274.4995,274.8995,275.09952,274.9995,274.69952,274.4995,274.19952,273.69952,273.59952,273.4995,273.3995,273.19952,273.09952
269.9995,270.09952,270.19952,271.7995,271.8995,271.7995,271.7995,271.7995,271.8995,272.09952,271.9995,271.7995,271.69952,271.59952,271.59952,271.4995,271.3995,271.59952,271.59952,271.4995,271.59952,271.59952,271.59952,271.69952,271.59952,271.7995,271.7995,271.69952,271.4995,271.69952,271.9995,271.59952,271.4995,271.8995,271.59952,271.4995,272.09952,271.9995,271.9995,271.4995,271.19952,271.3995,270.9995,272.09952,271.8995,270.7995,271.9995,272.2995,272.7995,273.2995,273.2995,273.69952,273.8995,273.8995,273.59952,273.2995,273.19952,273.19952,273.09952,272.8995,272.69952
262.8995,264.2995,264.69952,267.3995,269.3995,269.8995,269.8995,270.2995,270.59952,271.7995,271.59952,271.4995,271.4995,271.3995,271.2995,271.4995,271.8995,272.09952,271.7995,272.09952,272.3995,272.3995,272.7995,272.7995,272.8995,272.9995,272.8995,272.8995,273.09952,273.09952,273.09952,272.7995,272.69952,272.4995,272.19952,271.8995,271.8995,271.4995,271.09952,268.8995,267.7995,268.09952,269.7995,268.9995,268.59952,265.4995,263.7995,263.8995,261.59952,257.4995,254.69951,252.3995,254.69951,264.2995,271.09952,272.2995,272.19952,272.09952,272.09952,271.8995,271.69952
264.7995,265.2995,264.2995,264.19952,264.2995,264.9995,266.2995,267.7995,269.09952,270.19952,270.3995,270.59952,270.59952,271.7995,271.9995,273.09952,273.19952,272.7995,272.59952,272.7995,272.9995,273.19952,273.09952,273.09952,273.09952,273.09952,273.09952,273.09952,273.09952,272.9995,272.9995,272.2995,272.09952,271.69952,270.59952,270.09952,268.9995,267.2995,266.8995,267.8995,267.7995,269.7995,267.8995,264.19952,261.69952,257.19952,253.29951,250.29951,249.99951,246.99951,244.59952,248.19951,243.79951,244.59952,244.59952,255.19951,256.7995,251.59952,258.09952,258.8995,263.59952
261.69952,265.2995,258.4995,260.4995,261.2995,261.59952,261.3995,261.9995,264.9995,269.69952,270.59952,265.9995,264.4995,261.2995,261.9995,261.3995,261.4995,262.69952,261.9995,266.09952,268.7995,272.8995,272.9995,272.9995,272.9995,272.9995,272.8995,272.7995,272.3995,271.9995,271.2995,270.19952,269.4995,269.09952,268.8995,268.3995,267.4995,266.59952,264.7995,263.2995,262.7995,259.4995,257.3995,257.2995,253.99951,255.3995,250.99951,249.99951,246.09952,243.3995,244.49951,247.8995,244.99951,246.19951,245.3995,246.09952,248.49951,249.8995,245.59952,247.59952,244.8995
259.09952,262.09952,263.69952,263.8995,261.3995,261.3995,260.4995,260.8995,260.59952,261.4995,261.59952,261.7995,261.3995,260.59952,259.7995,259.69952,259.19952,257.8995,257.3995,256.9995,256.2995,256.69952,257.69952,257.9995,258.09952,257.9995,259.09952,260.09952,259.4995,259.09952,259.8995,260.4995,261.4995,261.19952,260.59952,260.7995,260.9995,261.19952,262.19952,258.4995,257.09952,259.59952,255.49951,253.99951,253.19951,251.99951,251.29951,247.59952,244.49951,244.79951,247.09952,248.49951,250.09952,246.19951,244.59952,246.19951,245.59952,244.3995,244.19951,245.49951,245.09952
266.19952,263.9995,263.69952,261.7995,260.09952,264.7995,266.69952,267.59952,264.2995,258.9995,257.4995,256.8995,258.2995,256.69952,256.59952,256.19952,255.49951,255.29951,256.9995,257.19952,257.59952,257.69952,257.19952,255.69951,254.99951,255.49951,255.29951,256.4995,256.2995,256.3995,255.79951,255.99951,256.8995,256.19952,256.59952,255.29951,255.49951,254.8995,253.99951,254.69951,254.09952,256.8995,254.3995,253.69951,250.79951,248.49951,246.8995,244.59952,245.49951,242.19951,244.19951,243.3995,241.09952,242.59952,240.3995,240.8995,241.09952,241.99951,243.3995,243.49951,242.09952
257.4995,256.7995,256.09952,255.99951,256.4995,256.9995,256.9995,257.09952,256.59952,255.59952,254.29951,252.69951,251.29951,250.99951,249.99951,249.19951,248.69951,248.69951,249.49951,249.99951,250.79951,253.99951,256.2995,254.59952,252.8995,257.2995,256.09952,256.7995,255.99951,257.09952,257.59952,257.4995,256.4995,255.79951,255.09952,253.49951,251.69951,249.79951,249.79951,249.19951,248.3995,247.99951,247.19951,247.69951,248.59952,247.69951,246.29951,242.49951,242.3995,242.3995,240.59952,239.99951,240.3995,242.49951,242.09952,243.19951,244.09952,244.3995,243.49951,243.69951,243.49951
251.8995,251.09952,250.49951,251.09952,251.3995,251.8995,251.99951,252.19951,251.69951,251.19951,249.59952,248.49951,247.09952,246.8995,247.09952,246.59952,246.09952,245.79951,245.99951,245.79951,246.09952,246.99951,247.49951,248.59952,250.49951,250.69951,250.69951,249.59952,250.49951,251.59952,251.59952,251.29951,253.3995,254.69951,250.3995,249.29951,251.3995,238.49951,238.3995,238.59952,239.09952,241.59952,242.49951,242.19951,242.8995,243.59952,243.59952,242.99951,241.69951,242.69951,243.3995,242.69951,242.19951,242.69951,244.19951,245.99951,245.49951,247.59952,245.8995,245.49951,246.09952
247.3995,247.3995,246.59952,246.19951,245.99951,245.99951,245.99951,245.79951,245.49951,245.49951,244.59952,243.3995,243.09952,243.99951,244.29951,243.29951,242.3995,241.49951,240.99951,241.49951,241.99951,242.49951,243.59952,244.09952,244.99951,244.59952,244.19951,244.49951,244.3995,244.09952,243.09952,243.19951,241.19951,240.19951,240.29951,241.59952,241.29951,244.29951,246.79951,236.3995,250.8995,249.49951,239.59952,242.19951,241.8995,238.8995,239.49951,240.3995,239.8995,240.99951,241.8995,242.59952,242.49951,243.49951,243.79951,245.29951,244.09952,244.19951,243.69951,244.3995,245.59952
245.29951,244.79951,244.19951,243.59952,242.8995,242.49951,242.09952,241.8995,241.49951,241.09952,240.29951,239.69951,239.09952,239.29951,238.79951,238.49951,238.29951,238.09952,238.8995,239.3995,238.8995,238.8995,238.99951,238.99951,238.79951,238.29951,237.59952,236.8995,235.8995,234.99951,233.99951,233.29951,232.29951,231.59952,232.09952,232.19951,232.8995,236.19951,241.99951,236.79951,243.19951,240.49951,240.09952,240.3995,237.09952,242.49951,238.09952,231.59952,235.19951,239.29951,240.79951,238.8995,238.99951,239.79951,238.8995,239.09952,240.8995,242.3995,243.8995,243.49951,244.29951
