json-data/2022072400.json
{"header": {"discipline":0,"disciplineName":"Meteorological products","gribEdition":2,"gribLength":78883,"center":7,"centerName":"US National Weather Service - NCEP(WMC)","subcenter":0,"refTime":"2022-07-24T00:00:00.000Z","significanceOfRT":1,"significanceOfRTName":"Start of forecast","productStatus":0,"productStatusName":"Operational products","productType":1,"productTypeName":"Forecast products","productDefinitionTemplate":0,"productDefinitionTemplateName":"Analysis/forecast at horizontal level/layer at a point in time","parameterCategory":2,"parameterCategoryName":"Momentum","parameterNumber":3,"parameterNumberName":"V-component_of_wind","parameterUnit":"m.s-1","genProcessType":2,"genProcessTypeName":"Forecast","forecastTime":0,"surface1Type":103,"surface1TypeName":"Specified height level above ground","surface1Value":10.0,"surface2Type":255,"surface2TypeName":"Missing","surface2Value":0.0,"gridDefinitionTemplate":0,"gridDefinitionTemplateName":"Latitude_Longitude","numberPoints":65160,"shape":6,"shapeName":"Earth spherical with radius of 6,371,229.0 m","gridUnits":"degrees","resolution":48,"winds":"true","scanMode":0,"nx":360,"ny":181,"basicAngle":0,"lo1":0.0,"la1":90.0,"lo2":359.0,"la2":-90.0,"dx":1.0,"dy":1.0}, "data":
[rows 27 to 53 of 181, columns 61 to 121 of 360]
-0.811792,-1.2717919,-0.841792,-1.1417919,-1.061792,-0.761792,-0.811792,-1.711792,-2.3317919,-3.501792,-5.771792,-6.151792,-6.941792,-8.371792,-6.721792,-4.831792,1.048208,3.468208,2.858208,1.8582081,1.8582081,1.958208,1.708208,1.658208,1.698208,2.518208,3.9182081,2.488208,2.458208,2.288208,2.438208,2.858208,3.008208,2.428208,1.668208,1.338208,0.738208,1.618208,-0.12179199,1.388208,0.848208,0.39820802,0.898208,1.118208,1.878208,2.308208,3.248208,2.1682081,3.268208,2.898208,2.198208,1.368208,1.178208,0.348208,0.10820801,-0.08179199,-0.07179199,-0.191792,0.15820801,0.18820801,0.33820802
-1.111792,-0.61179197,-0.461792,-0.681792,-0.821792,-0.641792,-1.181792,-0.581792,-1.171792,-1.461792,-3.741792,-5.241792,-5.851792,-4.921792,-3.061792,-0.141792,1.838208,2.228208,2.088208,2.178208,2.028208,2.548208,3.088208,3.238208,2.198208,2.288208,2.268208,2.4182081,2.468208,2.648208,2.688208,2.528208,2.178208,1.908208,1.368208,1.678208,1.268208,1.758208,2.398208,1.998208,3.858208,4.358208,4.528208,3.228208,2.318208,3.688208,3.038208,3.158208,3.608208,2.858208,3.348208,3.548208,1.078208,1.288208,1.138208,0.50820804,0.518208,0.968208,0.488208,0.46820801,0.838208
-0.451792,-1.251792,-0.951792,-0.821792,-1.441792,-1.511792,-1.1417919,-0.86179197,-1.8917919,-0.691792,-1.071792,-1.231792,-1.351792,-0.051791992,0.908208,1.188208,1.048208,1.178208,1.328208,1.078208,0.968208,1.268208,1.208208,0.958208,2.138208,1.668208,1.448208,1.498208,1.698208,2.568208,2.108208,2.068208,1.008208,1.148208,1.738208,1.778208,1.268208,2.1682081,2.498208,2.938208,2.138208,1.9782081,1.518208,2.728208,2.778208,2.998208,2.098208,2.258208,1.948208,2.328208,4.098208,3.198208,1.428208,1.128208,0.578208,1.958208,1.548208,1.498208,0.908208,0.94820803,0.678208
-1.961792,-1.481792,-0.28179199,-0.61179197,-0.981792,-1.661792,-1.911792,-0.961792,-0.911792,-0.461792,-0.361792,-0.511792,-0.311792,-0.421792,-0.051791992,-0.0017919922,0.36820802,-0.04179199,0.18820801,-0.051791992,-0.421792,-0.451792,0.27820802,1.048208,1.128208,1.298208,2.128208,2.648208,2.498208,2.088208,1.918208,1.798208,1.278208,0.49820802,0.63820803,0.168208,0.848208,1.238208,1.738208,2.308208,2.488208,2.198208,1.748208,1.868208,1.708208,1.628208,1.138208,1.578208,2.268208,2.428208,1.888208,1.598208,1.398208,0.408208,0.928208,0.998208,0.558208,2.268208,1.838208,1.928208,2.338208
-1.441792,-1.041792,-0.621792,-0.451792,-0.771792,-0.761792,-0.591792,0.27820802,0.388208,-0.451792,-0.601792,-0.871792,-0.931792,-0.911792,-0.911792,-0.781792,-0.421792,-0.541792,-0.431792,-1.241792,-2.351792,-0.341792,0.678208,0.008208008,0.878208,1.538208,1.328208,1.3582081,2.268208,1.4782081,0.918208,0.818208,1.058208,0.528208,0.518208,0.358208,1.618208,1.498208,1.788208,1.568208,1.448208,1.058208,1.4782081,1.198208,1.138208,0.648208,1.878208,1.568208,1.678208,1.168208,0.748208,2.088208,0.998208,2.188208,2.358208,2.318208,0.628208,1.668208,0.918208,2.118208,2.708208
0.528208,0.15820801,1.248208,0.708208,0.46820801,0.418208,1.088208,-0.21179199,-0.221792,-0.571792,-1.301792,-2.501792,-1.511792,-1.421792,-1.621792,-0.891792,-1.381792,-1.821792,-2.471792,-2.131792,-1.471792,-0.871792,-2.421792,0.678208,1.278208,0.688208,0.688208,1.308208,1.348208,1.438208,1.878208,1.558208,1.1082081,0.898208,0.908208,0.708208,1.348208,0.718208,0.15820801,0.94820803,1.318208,1.538208,1.408208,-0.74179196,1.038208,0.94820803,0.848208,1.058208,0.648208,0.918208,-0.401792,-0.301792,0.17820801,0.568208,1.918208,3.868208,1.418208,3.028208,4.668208,4.188208,6.028208
0.318208,-0.591792,-0.491792,-0.28179199,0.088208005,1.238208,0.63820803,-0.61179197,-1.311792,-1.851792,-1.301792,-1.181792,-1.351792,-1.711792,-2.431792,-2.051792,-2.111792,-4.511792,-2.851792,-1.751792,-0.841792,-2.551792,-1.031792,-0.481792,2.458208,3.008208,1.9782081,2.288208,2.218208,1.738208,2.088208,1.618208,1.388208,1.878208,0.69820803,1.2282081,0.708208,1.038208,0.50820804,0.688208,0.378208,0.918208,0.348208,0.648208,0.878208,0.998208,0.408208,1.488208,-0.881792,0.388208,1.168208,3.048208,0.558208,1.778208,2.088208,2.258208,2.388208,2.638208,0.738208,2.058208,1.568208
-1.091792,-0.721792,-0.17179199,-1.061792,-1.241792,-0.481792,-1.251792,-2.201792,-2.501792,-2.241792,-2.061792,-2.861792,-3.381792,-2.861792,-3.091792,-3.531792,-2.251792,-0.501792,-2.451792,-2.5817919,-1.711792,-0.311792,-0.0017919922,0.88820803,3.618208,3.758208,1.718208,1.078208,1.988208,2.748208,1.498208,1.258208,0.868208,0.988208,1.378208,1.558208,1.488208,0.678208,-0.421792,-0.35179198,-0.401792,0.358208,-0.141792,0.688208,-0.051791992,0.578208,0.09820801,0.428208,1.338208,1.058208,0.288208,1.278208,2.258208,-1.2717919,2.188208,2.378208,1.758208,0.33820802,0.898208,1.2282081,1.578208
-2.481792,-2.661792,-1.131792,-0.401792,-1.251792,-2.521792,-2.751792,-2.731792,-3.051792,-2.631792,-2.621792,-3.161792,-3.801792,-3.951792,-2.231792,-2.641792,-2.8317919,-2.851792,-2.621792,-0.791792,0.578208,1.1082081,3.118208,2.9182081,2.478208,1.318208,0.488208,1.498208,1.588208,1.748208,1.508208,1.838208,2.158208,2.128208,1.288208,0.808208,0.818208,0.648208,0.04820801,-1.531792,-1.321792,-0.771792,-0.17179199,-0.401792,-0.41179198,-0.431792,0.20820801,0.438208,1.578208,0.17820801,-0.11179199,-0.021791993,0.378208,1.3582081,0.548208,0.588208,0.23820801,1.178208,0.46820801,0.328208,0.50820804
-2.771792,-1.791792,1.158208,0.478208,-1.531792,-1.211792,0.168208,-1.281792,-1.681792,-2.111792,-2.751792,-2.8317919,-4.721792,-2.811792,-0.731792,-1.321792,-1.6417919,-1.701792,-0.401792,0.23820801,0.448208,1.958208,2.608208,2.268208,1.138208,3.248208,2.468208,0.598208,1.388208,1.438208,1.558208,0.988208,-0.091791995,0.30820802,0.49820802,1.998208,1.278208,0.988208,0.598208,1.138208,-0.881792,-2.151792,-2.281792,-1.331792,-1.501792,0.528208,0.988208,1.818208,0.408208,1.348208,1.308208,2.488208,1.768208,0.36820802,0.028208008,0.138208,2.118208,-0.08179199,-0.011791992,1.408208,0.46820801
-1.301792,-1.171792,0.09820801,-0.721792,-1.431792,-1.311792,-1.251792,-0.771792,-0.221792,-1.111792,-1.921792,-2.271792,-3.0817919,-2.851792,-2.061792,-1.601792,-1.851792,-1.951792,-1.631792,0.12820801,1.1082081,1.258208,0.928208,1.338208,2.608208,3.058208,1.268208,1.018208,0.568208,0.36820802,1.548208,1.918208,1.848208,0.75820804,0.848208,0.588208,0.21820801,0.858208,0.46820801,-0.17179199,-0.091791995,-0.571792,-1.591792,-2.121792,0.328208,0.998208,-0.911792,-0.601792,-0.361792,1.298208,-0.20179199,-0.601792,1.768208,2.248208,1.468208,0.658208,0.09820801,0.12820801,0.20820801,-0.12179199,-0.421792
-0.80179197,-0.921792,-0.451792,-1.5217919,-1.651792,-2.911792,-2.921792,-2.841792,-2.541792,-2.571792,-1.831792,-2.721792,-2.221792,-1.931792,-0.241792,-2.231792,-2.021792,-0.311792,-0.031791992,-0.581792,-0.141792,-0.0017919922,1.538208,2.198208,2.608208,2.928208,1.2282081,1.798208,1.308208,1.1082081,2.678208,-0.10179199,0.318208,-0.821792,-0.601792,0.10820801,-0.04179199,0.478208,-0.031791992,0.27820802,-0.321792,-1.381792,-0.871792,-1.741792,-0.751792,2.628208,-0.161792,-0.07179199,-0.271792,0.878208,0.968208,0.848208,0.598208,1.248208,1.678208,0.198208,1.158208,1.308208,0.988208,0.33820802,0.038208008
-2.241792,-1.821792,-0.701792,-1.671792,-1.311792,-2.591792,-2.541792,-2.791792,-2.941792,-2.761792,-2.371792,-1.711792,-0.931792,-0.44179198,-0.051791992,0.678208,0.328208,-0.271792,0.488208,1.558208,0.75820804,1.688208,1.7282081,2.628208,2.258208,1.7282081,0.94820803,1.4782081,1.508208,-0.331792,0.07820801,1.568208,1.238208,0.878208,0.058208007,0.27820802,0.49820802,-0.421792,-1.081792,-0.501792,-0.541792,-0.291792,-2.071792,-0.751792,-1.301792,-0.751792,-0.721792,-0.451792,-0.321792,-1.101792,-1.6417919,-0.291792,0.148208,0.558208,3.298208,1.148208,0.258208,-0.131792,-0.401792,2.238208,1.528208
-2.151792,-0.261792,-0.61179197,-1.311792,-1.491792,-0.781792,-1.071792,-2.141792,-2.671792,-3.171792,-2.701792,-1.901792,-0.651792,-0.21179199,0.63820803,0.39820802,0.478208,0.058208007,-0.791792,-1.0217919,0.448208,1.768208,0.20820801,-1.2717919,0.588208,1.2282081,1.368208,0.46820801,0.028208008,-0.871792,0.17820801,-2.521792,-0.0017919922,0.388208,0.618208,-0.21179199,0.168208,-1.321792,-0.571792,-1.5217919,-1.961792,-0.661792,-0.731792,-0.341792,-1.0217919,-1.731792,-1.801792,-0.271792,-1.191792,-1.251792,0.49820802,0.33820802,0.038208008,0.768208,2.058208,1.998208,-1.081792,-1.811792,0.628208,2.118208,1.418208
0.168208,2.008208,2.908208,2.048208,2.148208,2.328208,1.528208,-0.651792,-1.451792,1.458208,1.348208,1.008208,-0.361792,-0.371792,-0.161792,-1.181792,-2.781792,-2.431792,-1.631792,-2.671792,-0.35179198,2.368208,-1.481792,-0.41179198,-2.571792,-1.981792,-0.41179198,1.198208,1.128208,0.63820803,0.688208,0.88820803,-0.10179199,0.548208,-0.271792,0.408208,-0.341792,0.228208,0.27820802,0.818208,-0.12179199,-1.341792,-1.541792,-1.811792,0.30820802,-2.511792,-1.071792,-1.001792,-0.711792,-1.3917919,-2.311792,-0.951792,0.21820801,2.758208,2.538208,1.658208,-0.23179199,1.388208,0.538208,1.268208,2.928208
-2.871792,3.528208,1.1082081,0.458208,0.268208,0.658208,-1.081792,-1.701792,-0.871792,-1.031792,-0.291792,-0.44179198,-1.761792,-3.731792,-3.091792,-4.701792,-4.631792,-2.241792,-2.551792,-2.791792,0.908208,1.618208,0.858208,-1.831792,-0.681792,-0.401792,-0.531792,-1.461792,1.048208,2.648208,1.778208,-3.311792,-0.951792,0.15820801,-1.131792,-1.011792,-0.301792,0.15820801,0.198208,-0.10179199,0.358208,-1.261792,-1.571792,-0.661792,-1.481792,-1.421792,-1.121792,-1.851792,-1.261792,-2.621792,1.658208,0.538208,0.588208,1.598208,1.718208,0.21820801,0.418208,2.148208,2.708208,0.228208,0.748208
-1.801792,-1.791792,-0.941792,-1.841792,-2.221792,-2.551792,-2.561792,-1.971792,-1.341792,-1.461792,-2.211792,-2.871792,-5.051792,-6.251792,-5.161792,-6.091792,-3.251792,1.028208,-0.561792,0.578208,-0.47179198,-0.86179197,-2.681792,-2.381792,-1.041792,1.018208,-2.751792,-3.061792,-1.291792,0.678208,0.768208,2.228208,1.018208,0.358208,0.328208,-0.74179196,-1.351792,-0.891792,-1.791792,-1.381792,-0.241792,-0.241792,-0.10179199,-1.371792,-1.831792,-1.461792,-2.571792,-3.371792,-3.211792,-0.401792,4.208208,4.448208,2.898208,1.028208,0.198208,-0.821792,3.258208,4.728208,4.258208,1.278208,-1.7717919
-4.031792,-4.501792,-4.221792,-4.471792,-4.751792,-4.651792,-5.121792,-3.121792,-3.161792,-1.981792,-2.841792,-3.491792,-5.351792,-5.821792,-4.521792,-4.431792,-3.001792,1.568208,1.088208,0.318208,1.588208,-1.001792,1.938208,0.058208007,1.138208,-1.181792,-2.611792,-1.371792,-2.181792,-1.0217919,-1.011792,-1.071792,0.088208005,2.638208,-0.591792,-0.04179199,-0.851792,-3.431792,-3.811792,-2.731792,-2.221792,-0.771792,-3.681792,-5.631792,-3.291792,-4.911792,-4.911792,-5.581792,-4.461792,-0.07179199,2.908208,1.178208,4.508208,1.708208,1.348208,0.428208,2.548208,4.008208,3.348208,0.738208,-0.941792
-7.061792,-4.801792,-5.191792,-3.751792,-2.921792,-2.491792,-0.241792,2.9182081,-0.751792,-1.991792,-3.041792,-5.051792,-2.701792,-3.761792,-4.291792,-3.701792,-0.831792,0.18820801,2.358208,3.518208,-1.221792,-2.021792,1.218208,-2.931792,-3.631792,-2.771792,-2.371792,-1.301792,-1.281792,-3.361792,-1.321792,-2.701792,-2.471792,-4.511792,2.148208,-0.941792,-1.201792,-0.701792,-1.721792,-3.631792,-3.421792,-1.931792,-3.461792,-5.871792,-6.711792,-5.091792,-5.141792,-5.241792,-3.0817919,-1.241792,2.108208,6.578208,7.828208,5.498208,2.748208,0.848208,0.938208,2.358208,1.638208,0.94820803,-0.831792
-7.151792,-6.521792,-5.821792,-5.391792,-5.971792,-4.541792,-6.361792,-4.071792,-2.721792,-5.571792,-2.601792,-2.031792,-3.461792,-2.451792,-1.821792,-1.301792,-1.241792,-2.411792,-1.001792,-0.021791993,-0.28179199,-2.231792,0.04820801,3.478208,3.538208,-0.241792,-0.631792,1.448208,-0.38179198,-2.491792,-2.681792,-3.791792,3.658208,0.678208,-1.0217919,1.008208,-1.111792,0.21820801,-1.381792,-3.871792,-1.471792,0.07820801,-1.951792,-4.421792,0.568208,1.578208,-4.271792,-4.071792,-2.291792,1.518208,4.288208,6.928208,5.838208,5.408208,3.6682081,2.408208,3.428208,1.248208,0.958208,-0.841792,0.168208
-8.051792,-8.631792,-8.491792,-6.271792,-3.971792,-2.731792,-2.381792,-3.021792,-7.111792,-1.861792,-0.41179198,0.36820802,0.608208,0.478208,0.04820801,2.198208,1.208208,-0.341792,1.948208,-1.691792,0.27820802,2.428208,3.318208,0.418208,0.938208,0.27820802,0.408208,-1.161792,-0.301792,-0.18179199,-0.491792,-1.041792,-1.911792,-2.851792,-0.08179199,0.878208,-1.371792,-2.501792,-3.161792,-4.631792,-3.341792,-2.031792,-2.391792,1.268208,0.648208,-1.421792,-0.531792,1.698208,7.818208,6.288208,4.818208,7.338208,6.398208,5.348208,4.988208,3.358208,3.1682081,0.388208,-0.23179199,1.008208,-0.841792
-8.861792,-6.691792,0.328208,1.378208,0.838208,3.648208,0.358208,-2.741792,-0.811792,1.918208,-1.2717919,-0.671792,-2.521792,0.04820801,-0.011791992,0.30820802,1.798208,2.318208,-1.461792,-1.001792,-1.431792,-2.771792,-2.321792,-4.461792,-2.471792,-1.981792,1.618208,0.118208006,-1.341792,1.158208,-1.621792,-2.571792,-0.17179199,0.18820801,1.268208,-0.641792,2.088208,-0.511792,-1.411792,0.15820801,0.27820802,-0.091791995,0.328208,1.2282081,1.618208,4.228208,7.768208,8.028208,13.018208,10.318208,9.568208,7.748208,6.238208,5.218208,5.288208,3.708208,1.2282081,1.468208,0.328208,1.698208,1.658208
-3.221792,-1.601792,-1.851792,-1.981792,0.738208,2.228208,-1.821792,1.148208,2.758208,-0.191792,-1.211792,-0.971792,-1.431792,1.748208,0.168208,-1.331792,-2.231792,-2.341792,0.558208,-2.411792,-2.681792,1.288208,1.588208,2.248208,2.478208,1.138208,-0.821792,1.218208,2.318208,-2.541792,-3.181792,1.038208,-0.401792,-1.961792,0.428208,-0.15179199,0.658208,0.248208,0.828208,-2.311792,-0.291792,-0.851792,0.018208008,-0.641792,0.75820804,2.118208,0.20820801,1.208208,2.828208,7.288208,4.208208,2.588208,3.938208,3.518208,2.148208,0.358208,1.368208,0.628208,1.988208,1.638208,1.448208
-3.721792,-3.661792,-3.161792,-2.451792,-3.001792,-0.621792,-0.951792,2.848208,3.408208,3.438208,3.218208,3.268208,0.288208,-2.391792,-3.201792,-1.421792,-1.161792,-1.161792,-1.481792,4.338208,3.988208,4.318208,2.698208,1.798208,1.778208,1.998208,1.338208,1.288208,-0.061791994,-3.091792,3.388208,4.918208,2.738208,2.178208,4.098208,3.018208,2.6682081,2.778208,0.768208,0.20820801,-2.311792,-3.141792,-0.871792,-1.551792,-1.691792,2.808208,6.708208,7.658208,7.848208,9.838208,9.038208,4.268208,2.488208,-0.55179197,-0.051791992,0.528208,2.858208,0.708208,0.418208,1.238208,0.018208008
-3.0817919,-3.601792,-4.041792,-3.981792,-4.581792,-4.291792,1.128208,1.2282081,1.288208,-1.031792,2.948208,1.328208,-0.901792,-1.561792,-1.151792,0.148208,-0.091791995,3.228208,3.558208,4.868208,3.548208,3.188208,4.258208,4.088208,4.168208,3.188208,1.678208,2.798208,3.928208,2.348208,1.988208,2.348208,-1.001792,0.20820801,-0.561792,0.088208005,0.528208,-0.141792,0.488208,0.49820802,0.648208,-0.371792,-0.561792,1.788208,4.948208,2.798208,4.378208,5.688208,5.698208,6.568208,3.718208,1.318208,1.538208,-1.061792,0.798208,3.908208,3.368208,2.298208,3.108208,3.058208,0.868208
-3.371792,-3.461792,-3.141792,-3.911792,-4.801792,-3.801792,-2.641792,1.278208,0.028208008,0.778208,-0.631792,0.708208,-0.871792,-0.531792,0.138208,-0.631792,-0.621792,2.678208,2.708208,3.518208,3.188208,2.948208,2.018208,0.898208,0.518208,0.27820802,2.198208,1.118208,0.318208,0.058208007,1.058208,1.308208,-1.761792,-2.211792,-0.911792,-1.821792,-1.581792,-0.421792,-0.881792,-0.361792,0.818208,2.698208,3.258208,6.078208,3.678208,3.308208,7.348208,5.158208,2.128208,4.058208,1.818208,-0.331792,1.808208,2.118208,3.868208,5.428208,4.018208,3.588208,2.988208,2.408208,0.20820801
-5.191792,-3.641792,-2.931792,-1.351792,-0.011791992,4.528208,6.398208,-2.871792,0.658208,-0.561792,0.118208006,-0.291792,1.448208,1.698208,1.258208,-0.941792,0.118208006,0.898208,0.928208,1.378208,2.1682081,-0.971792,0.39820802,1.648208,3.928208,-0.031791992,0.748208,1.088208,0.69820803,0.658208,0.21820801,1.548208,0.20820801,-1.431792,-1.361792,-1.121792,-0.021791993,1.028208,-1.1417919,-2.791792,-0.571792,-1.231792,-1.031792,2.308208,1.938208,4.698208,3.728208,3.588208,2.428208,2.808208,1.678208,-0.051791992,0.568208,0.448208,5.088208,4.948208,3.648208,1.398208,0.938208,0.288208,-1.931792
