json-data/2022072318.json
{"header": {"discipline":0,"disciplineName":"Meteorological products","gribEdition":2,"gribLength":79069,"center":7,"centerName":"US National Weather Service - NCEP(WMC)","subcenter":0,"refTime":"2022-07-23T18:00:00.000Z","significanceOfRT":1,"significanceOfRTName":"Start of forecast","productStatus":0,"productStatusName":"Operational products","productType":1,"productTypeName":"Forecast products","productDefinitionTemplate":0,"productDefinitionTemplateName":"Analysis/forecast at horizontal level/layer at a point in time","parameterCategory":2,"parameterCategoryName":"Momentum","parameterNumber":3,"parameterNumberName":"V-component_of_wind","parameterUnit":"m.s-1","genProcessType":2,"genProcessTypeName":"Forecast","forecastTime":0,"surface1Type":103,"surface1TypeName":"Specified height level above ground","surface1Value":10.0,"surface2Type":255,"surface2TypeName":"Missing","surface2Value":0.0,"gridDefinitionTemplate":0,"gridDefinitionTemplateName":"Latitude_Longitude","numberPoints":65160,"shape":6,"shapeName":"Earth spherical with radius of 6,371,229.0 m","gridUnits":"degrees","resolution":48,"winds":"true","scanMode":0,"nx":360,"ny":181,"basicAngle":0,"lo1":0.0,"la1":90.0,"lo2":359.0,"la2":-90.0,"dx":1.0,"dy":1.0}, "data":
[rows 54 to 80 of 181, columns 300 to 359 of 360]
2.5989501,1.8889502,1.3389502,0.9989502,0.1989502,-0.3710498,-1.6410499,-1.8710498,-2.08105,-2.0410497,-1.3610498,-1.2810498,-1.5110497,-0.2910498,1.8589501,2.8389502,3.2889502,3.0589502,2.39895,2.12895,0.82895017,0.3089502,-0.3710498,-0.7110498,-1.4810498,-2.11105,-2.5510497,-1.6310498,-1.7010498,-2.12105,-1.8510498,0.7989502,-0.6210498,-1.4010499,-2.2510498,-3.0710497,-3.5510497,-3.5410497,-3.7110498,-4.31105,-4.48105,-4.62105,-4.68105,-5.3010497,-5.5310497,-5.7610497,-6.7810497,-6.12105,-5.52105,-6.3010497,-6.46105,-6.71105,-4.54105,-0.8010498,-0.08104981,0.9589502,-0.1410498,-1.2810498,-2.35105,-1.7910498
2.3089502,1.4089502,0.9089502,0.088950194,-0.7210498,-0.8410498,-1.0410498,-1.5410498,-2.1910498,-2.0410497,-1.7310498,-0.3510498,1.0389502,1.8989502,2.0189502,1.5689502,1.3689502,0.7089502,0.6889502,0.5089502,0.2189502,-0.67104983,-1.1710498,-1.1210498,-2.0310497,-2.6510499,-2.34105,-2.6610498,-3.2310498,-2.6610498,-1.5410498,-2.2110498,-2.7910497,-3.2910497,-3.87105,-4.7810497,-4.46105,-4.3210497,-4.4410496,-4.58105,-4.85105,-5.21105,-5.87105,-5.58105,-5.02105,-5.18105,-2.7910497,-2.1810498,-7.12105,-7.1310496,-8.13105,-7.7610497,-7.12105,-7.71105,-6.96105,-3.1910498,-2.4210498,-2.3110497,-2.36105,-4.1710496
1.7089502,0.8189502,0.048950195,-0.031049805,-0.5510498,-0.9010498,-1.0510498,-1.7310498,-2.0010498,-0.5510498,0.4789502,0.9289502,0.6589502,0.27895018,0.0689502,-0.12104981,-0.4810498,-0.4010498,-0.5610498,-0.7210498,-0.3010498,-1.8510498,-2.08105,-2.09105,-2.8010497,-2.9010499,-4.29105,-3.7010498,-1.9510498,-2.4010499,-3.2110498,-3.5410497,-4.2610497,-4.85105,-5.39105,-4.68105,-4.64105,-4.21105,-4.56105,-5.0110497,-5.20105,-5.39105,-4.6310496,-4.49105,-5.4010496,-5.79105,-8.80105,-3.4510498,-8.90105,-9.24105,-8.63105,-8.92105,-9.54105,-4.96105,-7.4010496,-2.2310498,-2.3210497,-6.6110497,-8.03105,-6.35105
1.2489502,0.7589502,0.1389502,-0.12104981,-0.5010498,-1.1510499,-1.6210498,-1.3210498,0.3189502,0.3489502,-0.2710498,-0.5710498,-0.5510498,-0.18104981,-0.5810498,-1.0610498,-2.2910497,-0.4110498,-0.5010498,-0.6410498,-1.4710498,-2.09105,-3.1610498,-2.9210498,-3.6410499,-4.45105,-5.0310497,-2.9510498,-2.5610497,-4.00105,-4.25105,-4.66105,-5.47105,-5.0110497,-4.7810497,-4.81105,-4.87105,-4.89105,-4.9410496,-4.6110497,-4.22105,-4.48105,-4.23105,-2.0110497,-6.02105,-4.6710496,-3.1510499,-4.45105,-7.1510496,-9.34105,-9.37105,-7.7610497,-7.46105,-10.72105,-4.02105,-10.40105,-3.2110498,-4.0510497,-5.75105,-4.3810496
0.7489502,0.3689502,0.2689502,0.5489502,-0.3910498,-0.091049805,-0.15104981,-0.4810498,-1.1310498,-1.0810498,-1.0210499,-1.0410498,-0.6410498,-0.8410498,-0.7110498,-1.0310498,-1.1510499,-0.86104983,-1.2910498,-1.6910498,-2.85105,-2.2310498,-2.4010499,-3.4210498,-3.9810498,-3.4210498,-2.9210498,-4.46105,-4.9410496,-4.89105,-4.95105,-5.96105,-4.96105,-5.1710496,-5.21105,-5.0310497,-5.06105,-4.8610497,-4.58105,-4.58105,-4.16105,-3.85105,-3.59105,-5.58105,-5.50105,-2.5110497,-0.6310498,-0.8710498,-8.5210495,-4.1510496,-6.5110497,-6.85105,-4.77105,6.77895,-1.1010498,-6.73105,-8.73105,-1.5410498,-4.7810497,0.9489502
1.3389502,0.6489502,0.018950196,0.2389502,-0.2310498,-0.6910498,-1.9810498,-0.9710498,-0.7910498,-0.6210498,-0.9010498,-1.2610497,0.0789502,-0.7210498,-2.3110497,-2.9210498,-2.3010497,-2.0110497,-2.3810499,-3.0210497,-2.9810498,-2.9310498,-3.4210498,-3.8110497,-3.35105,-4.6110497,-4.79105,-4.91105,-5.3210497,-5.66105,-5.66105,-5.9210496,-5.96105,-5.0310497,-5.35105,-5.37105,-5.1110497,-4.89105,-4.52105,-5.0310497,-4.66105,-2.59105,-3.10105,-4.41105,-4.74105,-2.8810499,-2.2610497,-6.60105,-5.5310497,-6.91105,-9.50105,-1.5510498,-2.9610498,4.4289503,-3.9110498,0.2589502,1.5589502,1.7589502,-0.3910498,-0.8710498
0.5689502,-0.1710498,-0.7010498,-1.2110498,-1.6810498,-0.8210498,-0.21104981,-0.5910498,-0.6510498,-0.9310498,-0.9610498,-0.4810498,-1.1310498,-1.5510498,-1.0710498,-0.7110498,-2.2410498,-2.4010499,-3.2510498,-2.4610498,-3.4110498,-3.6310499,-4.00105,-4.3610497,-4.66105,-4.33105,-5.08105,-5.3610497,-5.71105,-6.52105,-5.87105,-5.7810497,-5.27105,-4.98105,-5.5910497,-5.24105,-4.8410497,-5.3610497,-3.8210497,-5.85105,-4.83105,-4.0710497,-2.9910498,-3.9210498,-5.3210497,-5.58105,-2.7410498,-4.1510496,-9.5210495,-8.061049,-1.8510498,4.0589504,2.5489502,4.4289503,1.9689502,3.6189501,3.0989501,0.7289502,2.2089503,1.7789502
-0.4110498,-0.5510498,-0.9410498,-0.92104983,-1.0910498,-0.2610498,-0.5410498,-0.2310498,-0.0710498,-0.67104983,-1.4710498,-0.9710498,-1.8510498,-1.9210498,-0.6910498,-1.9910498,-1.9610498,-1.6210498,-2.4510498,-3.4810498,-3.84105,-4.12105,-4.5510497,-4.5910497,-5.14105,-5.4210496,-4.39105,-5.39105,-5.73105,-6.12105,-6.1910496,-5.87105,-5.20105,-5.62105,-5.31105,-5.3610497,-5.0510497,-5.58105,-5.20105,-4.33105,-4.73105,-4.6510496,-4.00105,-3.6510499,-2.4810498,-2.7710497,-5.93105,-8.76105,-7.49105,-4.45105,-1.3610498,5.70895,2.5889502,4.4489503,2.0189502,2.5189502,0.2989502,4.50895,1.6389502,-0.5510498
-0.9410498,-1.6610498,-1.2010498,-1.4610498,-0.6310498,-0.6610498,0.4589502,-0.4010498,-0.6510498,-1.0510498,-1.0410498,-1.9210498,-2.1910498,-1.7710499,-2.2210498,-2.0310497,-3.0510497,-3.4210498,-3.33105,-3.4810498,-4.24105,-4.39105,-4.4010496,-4.35105,-5.0710497,-5.16105,-5.50105,-5.97105,-6.23105,-7.3210497,-6.45105,-5.9410496,-5.97105,-5.35105,-5.3210497,-5.49105,-5.0310497,-4.3010497,-5.1510496,-3.86105,-4.8610497,-3.6810498,-5.16105,-5.23105,-6.70105,-2.7910497,-5.96105,-9.26105,-5.47105,-6.9410496,4.8089504,4.5989504,3.7989502,-1.6310498,-3.5410497,-0.5610498,1.5389502,-0.61104983,-1.6910498,-4.0110497
-0.28104982,-0.67104983,-1.1110498,-0.5310498,-0.24104981,-0.7410498,-0.4510498,-1.3810498,-0.3810498,-1.1710498,-1.9010499,-1.5410498,-1.4910498,-3.33105,-2.7310498,-3.4310498,-2.83105,-3.4010499,-4.16105,-4.1510496,-4.1510496,-4.60105,-4.87105,-4.10105,-4.3610497,-5.25105,-5.9010496,-6.25105,-6.39105,-6.29105,-6.1510496,-5.7810497,-5.3410497,-5.0310497,-5.1910496,-4.39105,-5.29105,-4.5910497,-4.27105,-2.08105,-5.27105,-3.5310497,-1.7110498,-1.4310498,-3.11105,-2.5010498,-6.49105,-9.061049,-1.2510498,4.49895,3.1189501,4.06895,3.5689502,3.2989502,0.4089502,-0.1410498,-1.2110498,-2.0710497,-3.5510497,-2.9610498
-1.0910498,-0.6410498,-0.8710498,-0.6610498,-0.7010498,-1.7310498,-1.3310498,-0.28104982,-1.3410498,-2.0310497,-1.5510498,-3.1810498,-3.11105,-3.3010497,-3.3810499,-3.86105,-4.43105,-3.4110498,-4.06105,-4.00105,-4.45105,-4.83105,-5.18105,-4.87105,-5.70105,-6.5310497,-5.62105,-6.1510496,-6.3410497,-5.97105,-5.46105,-5.33105,-5.3410497,-4.81105,-5.5310497,-4.98105,-4.66105,-4.37105,-3.7110498,-3.7810497,-3.11105,-3.3010497,-1.1610498,-0.47104982,-2.6910498,-3.6510499,-5.18105,-1.0110497,0.9089502,3.9989502,1.6989502,2.6089501,2.6089501,3.3589501,1.0889502,-1.1010498,-2.6610498,-3.5110497,-3.6910498,-4.12105
-1.2110498,-0.9410498,-0.7610498,-1.1810498,-1.0110497,-1.5710498,-1.1210498,-1.7410498,-2.4410498,-1.0910498,-1.9710498,-2.59105,-3.9310498,-3.4710498,-3.8910499,-4.0310497,-4.1910496,-3.9910498,-4.27105,-4.29105,-4.62105,-5.24105,-5.50105,-5.99105,-6.2610497,-6.37105,-6.24105,-6.12105,-4.97105,-5.5310497,-4.95105,-4.97105,-5.3810496,-4.9210496,-5.5310497,-4.99105,-4.5910497,-3.9310498,-3.35105,-3.36105,-3.60105,-3.5510497,-1.5510498,-0.1010498,-3.8110497,-4.6910496,0.1389502,1.6889502,3.5589502,3.5689502,0.8989502,1.1689502,3.5689502,2.2789502,0.7389502,-1.0710498,-3.8910499,-4.64105,-5.10105,-6.0910497
-0.7310498,-1.1710498,-1.0710498,-1.1110498,-1.1410499,-2.9910498,-2.0410497,-0.8410498,-2.6810498,-3.08105,-2.87105,-3.4610498,-3.7010498,-3.7910497,-4.3610497,-4.25105,-4.25105,-4.1910496,-4.50105,-4.6310496,-4.6510496,-5.5510497,-5.6110497,-6.29105,-6.4210496,-6.3010497,-6.0310497,-5.47105,-5.48105,-5.08105,-5.29105,-4.79105,-5.3210497,-5.39105,-4.8810496,-4.41105,-4.41105,-4.22105,-3.6910498,-3.9610498,-3.9710498,-3.7010498,-2.62105,-3.1310499,-3.9410498,-7.31105,-1.3510498,0.5989502,3.4889503,-0.4510498,1.0889502,-0.5810498,-0.08104981,-1.5510498,-0.6310498,-4.70105,-5.20105,-6.81105,-3.1310499,-3.2710497
-0.7610498,-0.4510498,-0.6210498,-1.2610497,-2.0010498,-3.7710497,-2.0610497,-2.9510498,-2.4110498,-2.4610498,-2.8810499,-3.2810497,-3.7910497,-3.8910499,-3.7210498,-4.02105,-4.1310496,-4.4210496,-4.89105,-4.8010497,-5.3410497,-5.8010497,-5.9410496,-6.58105,-6.47105,-6.49105,-5.96105,-5.27105,-4.7610497,-5.0310497,-5.0910497,-4.83105,-4.6310496,-4.85105,-4.47105,-4.4410496,-5.04105,-4.83105,-1.8410498,-1.4310498,-1.8610498,-2.59105,-3.35105,-4.21105,-6.81105,-3.9210498,0.6989502,-0.2310498,0.7689502,3.1189501,0.3189502,-0.6410498,-3.85105,-2.4810498,-0.6610498,-0.9110498,-1.8310498,-5.33105,-2.7610497,-2.2010498
-0.31104982,-0.0710498,-0.1410498,-0.7410498,-2.5310497,-1.8810498,-1.6310498,-2.9910498,-2.12105,-2.4110498,-2.1410499,-3.0410497,-3.0310497,-3.10105,-3.4510498,-3.7710497,-3.7110498,-4.5510497,-4.98105,-5.10105,-5.5110497,-5.87105,-6.2810497,-6.45105,-6.4210496,-5.5910497,-5.5110497,-5.31105,-5.2810497,-4.77105,-5.0110497,-4.7610497,-3.9810498,-3.9610498,-3.4010499,-4.02105,-3.1910498,-2.35105,-2.09105,-1.6710498,-0.9610498,-1.7310498,-2.8110497,-4.8010497,-7.27105,1.7789502,3.1889503,1.1289502,4.4689503,-1.2210498,-2.4310498,-0.6610498,-4.02105,-5.08105,-3.9210498,-0.6810498,-1.3010498,-2.2510498,0.058950197,-2.1310499
-0.24104981,0.1289502,-0.3610498,-1.2410498,-2.1610498,-2.1910498,-2.7910497,-2.7210498,-2.36105,-2.10105,-2.2510498,-2.1710498,-2.8010497,-3.36105,-3.1710498,-4.1910496,-3.9810498,-4.6710496,-4.24105,-4.73105,-5.48105,-5.60105,-5.68105,-5.87105,-5.74105,-5.83105,-5.8410497,-5.72105,-5.6510496,-5.3010497,-4.62105,-4.2610497,-3.9910498,-4.1710496,-3.5510497,-2.35105,-2.0110497,-2.0410497,-1.5810498,-1.6910498,-2.2410498,-2.5710497,-3.37105,-4.3410497,1.3189502,4.3089504,1.9789501,2.38895,0.8089502,0.8789502,0.028950196,-0.1010498,-4.2610497,-5.9210496,-3.62105,-3.61105,-3.8810499,-1.9210498,1.6989502,0.8789502
0.1589502,1.3089502,-0.1110498,-0.7610498,-2.7410498,-2.11105,-2.7510498,-2.09105,-1.9210498,-2.4610498,-2.33105,-2.6910498,-2.4210498,-2.2710497,-3.1610498,-4.00105,-3.6710498,-4.1310496,-4.33105,-4.4210496,-4.47105,-4.6310496,-4.9210496,-4.98105,-4.72105,-4.75105,-5.21105,-5.45105,-5.35105,-4.5710497,-4.3010497,-4.5510497,-4.0910497,-3.5210497,-3.59105,-2.4310498,-1.4210498,-1.0210499,-1.2310498,-1.4010499,-0.5510498,-1.6810498,-1.8510498,-2.5710497,1.0189502,4.33895,5.3689504,3.6089501,0.8589502,-3.0410497,0.4889502,-1.8210498,-1.8010498,-1.7310498,-1.9810498,-2.85105,-2.5010498,2.1089501,-2.7110498,-4.02105
0.5889502,1.2889502,0.5489502,-1.3410498,-2.5010498,-3.1410499,-3.0010498,-2.3810499,-1.6810498,-2.0710497,-2.1710498,-2.09105,-2.0210497,-3.0010498,-3.4410498,-3.09105,-2.5410497,-2.7110498,-3.3110497,-4.02105,-3.8910499,-4.39105,-4.46105,-4.3210497,-4.1110497,-4.71105,-4.49105,-4.87105,-4.66105,-4.39105,-4.3010497,-3.86105,-3.2510498,-3.0210497,-2.5710497,-2.6410499,-1.8110498,-1.2810498,-0.7110498,-0.92104983,-0.9610498,2.0589502,2.4689503,4.1589503,3.9689503,6.6989503,3.7389503,3.15895,1.2689502,-3.10105,-7.02105,-1.7710499,1.8189502,-4.96105,-3.2910497,-0.8810498,-0.6610498,-1.7510498,0.6789502,0.5589502
0.028950196,1.1389502,1.1689502,-0.8410498,-3.0210497,-2.6310499,-3.10105,-2.4410498,-2.58105,-1.8010498,-2.36105,-2.1910498,-2.7110498,-2.5310497,-2.4010499,-2.7110498,-2.2910497,-3.8210497,-3.11105,-3.5310497,-3.0010498,-3.4810498,-3.59105,-4.00105,-4.47105,-5.04105,-5.16105,-4.98105,-4.54105,-4.5710497,-4.4010496,-1.7410498,-1.7810498,-2.5410497,-2.2310498,-1.3910499,-0.8910498,-0.5210498,-1.1810498,-0.8810498,-0.4410498,1.7689502,2.0089502,3.2089503,1.2789502,4.6789503,1.9589502,1.4089502,0.9589502,3.37895,-0.15104981,-0.6610498,0.5889502,-2.4110498,-1.3210498,-1.4610498,-0.5610498,-2.10105,0.7189502,5.27895
0.5389502,1.1789502,1.3789502,-0.091049805,-2.6410499,-2.6710498,-2.4310498,-1.8710498,-1.9710498,-1.9810498,-1.9310498,-2.0110497,-2.9610498,-2.6710498,-3.7310498,-3.0610497,-3.1710498,-2.7810497,-2.7810497,-2.87105,-2.9110498,-3.0010498,-3.3110497,-3.85105,-4.45105,-4.45105,-4.47105,-4.6510496,-4.33105,-3.7810497,-2.7010498,-3.0510497,-2.3810499,-1.3410498,-1.2310498,-1.8210498,-0.7110498,-0.9710498,-1.6210498,-2.2910497,0.3489502,3.16895,4.81895,5.0989504,2.2289503,4.50895,5.24895,3.2789502,3.1889503,-2.2310498,5.89895,-1.2810498,-0.4610498,-1.9410498,-3.3910499,-4.29105,-3.8210497,2.0189502,2.87895,0.2489502
2.0289502,1.3189502,0.9889502,0.14895019,-2.3910499,-3.7010498,-2.8110497,-2.9010499,-2.4410498,-2.1310499,-1.9610498,-2.2510498,-2.4810498,-2.5610497,-2.5110497,-3.3810499,-2.7410498,-3.1710498,-3.2010498,-3.1610498,-4.04105,-3.9510498,-3.9710498,-3.9110498,-4.23105,-4.10105,-4.06105,-3.8010497,-3.4710498,-2.7010498,-2.4910498,-1.6810498,-1.2610497,-0.2010498,0.2989502,-0.13104981,-1.4410498,0.3989502,-3.5510497,-3.7610497,2.4789503,6.9689503,9.28895,7.75895,5.2189503,3.13895,1.0689502,2.9489503,1.4189502,1.5189502,-5.29105,2.3089502,-4.58105,-4.0710497,-1.9610498,-2.1710498,-7.6710496,4.51895,1.4789501,3.4689503
1.6289502,1.4889503,0.6089502,-0.7210498,-1.3510498,-4.0310497,-4.12105,-3.5710497,-2.2010498,-2.4810498,-2.2110498,-2.35105,-2.0310497,-1.9310498,-2.58105,-2.2110498,-2.3910499,-2.12105,-1.7610497,-1.9410498,-2.9110498,-3.1410499,-3.9510498,-3.9610498,-3.8010497,-4.08105,-4.1910496,-3.9710498,-3.4710498,-3.5210497,-3.10105,-1.9810498,-1.2910498,-0.6910498,-0.8310498,-1.4210498,-1.6710498,-2.0510497,-3.58105,-2.8810499,6.27895,8.398951,9.29895,6.72895,5.0589504,3.5189502,2.4589503,1.6289502,0.8789502,1.3389502,2.0789502,6.01895,-4.73105,-0.47104982,-5.1110497,-2.6710498,-0.0010498047,-1.5610498,0.8989502,3.0589502
1.1289502,1.1789502,0.9089502,-0.18104981,-1.0510498,-1.7910498,-4.2610497,-4.0510497,-3.0110497,-1.0310498,-1.6910498,-1.2510498,-2.3010497,-2.6410499,-2.9510498,-3.3010497,-3.2910497,-3.87105,-3.6510499,-4.06105,-4.5910497,-4.1910496,-3.3010497,-3.7010498,-4.3610497,-4.16105,-3.8110497,-4.68105,-3.9510498,-3.37105,-2.7510498,-2.4810498,-2.37105,-1.6010498,-1.9710498,-1.9710498,-0.61104983,1.0089502,0.7489502,3.7089503,6.64895,7.91895,7.87895,6.8289504,3.63895,2.91895,1.2689502,1.0789502,-0.4210498,-0.5510498,-0.8510498,-0.21104981,-1.8010498,-1.7010498,7.72895,1.2589502,-0.7910498,-0.7510498,3.4889503,6.08895
2.2889502,0.4489502,-0.051049806,-1.0510498,-1.5310498,-2.33105,-1.6010498,-3.6410499,-3.3910499,-1.3710498,0.5689502,-0.31104982,-1.0510498,-1.5110497,-2.7310498,-2.9310498,-3.7710497,-4.0310497,-4.35105,-4.79105,-4.85105,-4.66105,-4.93105,-5.27105,-5.3010497,-5.5510497,-5.71105,-5.64105,-4.50105,-3.86105,-4.2810497,-3.2910497,-2.3910499,-1.9410498,-2.8110497,-3.7210498,-1.2710499,6.7189503,8.67895,7.97895,7.8289504,9.63895,6.74895,6.54895,2.7189503,1.2289501,1.0189502,1.1789502,-0.4410498,-0.4810498,0.4089502,-0.9310498,0.9889502,1.2889502,-7.95105,3.2489502,7.39895,3.2189503,5.08895,5.3689504
0.3389502,0.1989502,-0.1010498,-1.2710499,-2.2510498,-2.4410498,-2.4810498,-3.2510498,-2.4610498,-2.33105,-1.9010499,-1.9510498,-0.9910498,-1.4010499,-1.0810498,-1.3110498,-1.8310498,-1.9110498,-1.1210498,-1.3710498,-2.6910498,-3.87105,-4.22105,-4.77105,-4.54105,-4.5710497,-4.8610497,-4.96105,-4.7610497,-4.4010496,-4.3010497,-3.5710497,-2.1610498,-3.34105,-1.8110498,4.8089504,6.4289503,8.44895,8.99895,8.65895,9.30895,7.87895,7.6989503,6.81895,3.4389503,2.7789502,1.6489502,1.3389502,-0.6610498,-0.8110498,-0.3610498,0.6489502,2.14895,3.0389502,2.87895,-0.2710498,3.6989503,4.02895,3.6089501,-0.1110498
-0.5910498,-0.47104982,-0.8910498,-1.8110498,-1.6110498,-2.1510499,-2.37105,-2.3110497,-2.6410499,-1.8410498,-2.2410498,-0.3010498,0.1589502,0.6289502,-0.2010498,0.3789502,-0.92104983,-0.5510498,0.3189502,0.5389502,0.5189502,0.6789502,-0.25104982,-1.0010498,-1.3210498,-2.1710498,-2.3810499,-1.8510498,-4.1510496,-2.1410499,-2.2810497,1.4289502,2.2289503,5.33895,6.47895,8.63895,10.57895,9.57895,6.54895,6.49895,9.37895,9.19895,6.93895,7.1389503,6.6389503,2.8589501,0.49895018,-0.7310498,-0.1010498,0.14895019,1.1489502,1.2589502,1.1789502,1.9089502,2.5289502,3.2389503,2.2289503,2.5089502,4.5989504,3.0489502
-1.8610498,-1.2010498,-1.2510498,-2.4110498,-2.36105,-2.3210497,-2.60105,-1.4910498,-1.8710498,-0.8710498,-0.7710498,0.4489502,0.8689502,0.8689502,0.7889502,0.5989502,0.63895017,0.7189502,0.2689502,0.5889502,0.8389502,0.6489502,0.4789502,0.6589502,-0.0010498047,-0.61104983,-1.2210498,0.2589502,0.9289502,1.2489502,2.15895,4.0789504,5.8689504,7.39895,9.69895,8.9789505,9.46895,6.64895,7.87895,8.69895,9.38895,8.29895,7.58895,7.35895,6.45895,5.85895,3.3489501,0.4289502,0.57895017,0.20895019,0.4089502,1.3689502,0.6189502,0.9389502,1.8589501,1.1289502,2.5089502,1.4289502,0.7889502,0.5389502
