json-data/2022072912.json
{"header": {"discipline":0,"disciplineName":"Meteorological products","gribEdition":2,"gribLength":79351,"center":7,"centerName":"US National Weather Service - NCEP(WMC)","subcenter":0,"refTime":"2022-07-29T12:00:00.000Z","significanceOfRT":1,"significanceOfRTName":"Start of forecast","productStatus":0,"productStatusName":"Operational products","productType":1,"productTypeName":"Forecast products","productDefinitionTemplate":0,"productDefinitionTemplateName":"Analysis/forecast at horizontal level/layer at a point in time","parameterCategory":2,"parameterCategoryName":"Momentum","parameterNumber":3,"parameterNumberName":"V-component_of_wind","parameterUnit":"m.s-1","genProcessType":2,"genProcessTypeName":"Forecast","forecastTime":0,"surface1Type":103,"surface1TypeName":"Specified height level above ground","surface1Value":10.0,"surface2Type":255,"surface2TypeName":"Missing","surface2Value":0.0,"gridDefinitionTemplate":0,"gridDefinitionTemplateName":"Latitude_Longitude","numberPoints":65160,"shape":6,"shapeName":"Earth spherical with radius of 6,371,229.0 m","gridUnits":"degrees","resolution":48,"winds":"true","scanMode":0,"nx":360,"ny":181,"basicAngle":0,"lo1":0.0,"la1":90.0,"lo2":359.0,"la2":-90.0,"dx":1.0,"dy":1.0}, "data":
[rows 26 to 51 of 181, columns 120 to 179 of 360]
-1.054873,-0.79487306,-0.55487305,-1.114873,-0.88487303,-0.78487307,-0.57487303,0.5351269,-0.87487304,-0.954873,-0.10487305,-0.19487305,-1.914873,0.16512695,1.585127,1.445127,2.325127,2.205127,-1.264873,-0.56487304,-0.25487304,0.665127,0.71512693,-0.44487303,-0.81487304,2.685127,0.14512695,0.55512697,0.68512696,0.68512696,-0.034873046,-1.644873,-1.304873,-3.004873,-2.184873,-1.894873,-3.114873,-3.1648731,-1.244873,-0.22487305,-0.27487305,1.0351269,-0.514873,-1.174873,-2.184873,-1.634873,0.28512695,-1.2148731,-2.6448731,-1.9448731,-0.33487305,3.295127,0.34512696,0.57512695,2.135127,-0.72487307,1.485127,1.265127,2.235127,3.155127
0.15512696,1.215127,2.985127,1.465127,0.88512695,1.5351269,-0.014873046,-0.98487306,0.35512695,-0.25487304,0.08512695,0.17512695,0.13512695,0.8451269,1.335127,1.355127,1.635127,-0.73487306,-0.954873,-0.94487303,-2.114873,-0.08487305,-1.174873,0.67512697,0.5951269,-0.13487305,2.6151268,1.855127,1.4151269,-2.984873,-2.324873,-1.784873,-3.964873,-1.904873,-0.53487307,-1.014873,0.22512695,0.015126953,-0.14487305,0.32512695,0.38512695,0.14512695,-0.98487306,-2.084873,-2.014873,-1.544873,-1.784873,-2.8748732,-1.0648731,-1.114873,1.4151269,0.36512697,4.535127,1.5651269,1.8151269,1.4051269,1.3951269,1.705127,0.735127,-0.114873044
1.965127,1.1451269,1.005127,0.95512694,1.9051269,1.865127,1.755127,1.945127,2.285127,2.285127,2.135127,1.505127,2.295127,1.5451269,1.325127,0.26512694,0.065126956,0.36512697,-0.06487305,-0.42487305,-0.48487306,-0.22487305,-0.94487303,-0.85487306,0.23512696,0.43512696,-0.15487304,-0.69487303,-2.1348732,-1.274873,-1.414873,-1.3248731,-4.0248733,-3.754873,-0.644873,-0.24487305,-0.15487304,-0.32487306,-1.2148731,-4.324873,-2.024873,-0.13487305,-0.9648731,-3.694873,-1.424873,-1.9448731,-2.9048731,0.31512696,-0.16487305,1.005127,0.15512696,0.9051269,1.485127,1.115127,1.225127,0.27512696,0.49512696,0.95512694,-0.39487305,-2.604873
1.0451269,1.335127,1.245127,0.7851269,1.4151269,0.99512696,0.92512697,1.7751269,1.7951269,2.265127,1.885127,1.2951269,0.89512694,0.45512694,0.16512695,0.31512696,-0.114873044,-1.524873,-1.014873,-0.28487304,-1.234873,2.015127,1.585127,2.665127,-0.09487305,0.9051269,-1.144873,-1.6048731,-2.3748732,-0.9048731,-1.374873,-3.274873,-3.484873,-2.494873,0.68512696,0.11512695,-1.7048731,-2.194873,-2.974873,-2.244873,-0.73487306,-2.354873,-5.744873,-1.294873,-0.9048731,0.52512693,0.15512696,-0.9648731,-1.3248731,-0.55487305,-0.43487304,0.39512694,0.605127,4.185127,4.4751267,3.675127,1.8151269,0.61512697,-1.424873,-2.674873
0.25512695,0.27512696,0.25512695,1.0351269,1.2851269,1.375127,0.545127,1.7851269,0.80512697,1.235127,1.195127,0.64512694,0.67512697,0.40512696,1.335127,0.88512695,0.12512696,0.55512697,-0.774873,2.695127,0.975127,0.95512694,-0.034873046,0.88512695,0.725127,0.44512695,1.325127,0.50512695,-1.3248731,1.0551269,-1.984873,1.835127,-0.32487306,0.75512695,-1.1948731,-0.69487303,-1.634873,-2.834873,-3.6648731,-5.074873,-7.284873,-6.374873,-0.67487305,0.105126955,-3.4048731,-2.024873,-2.234873,-1.014873,2.265127,5.875127,4.585127,6.435127,6.715127,5.715127,5.305127,3.6151268,1.9151269,-0.0048730467,-1.5648731,-2.954873
-0.53487307,-1.764873,0.5951269,2.1251268,2.3751268,1.445127,0.35512695,-0.20487304,0.105126955,1.2951269,0.28512695,1.005127,0.87512696,0.36512697,0.58512694,0.86512697,0.64512694,-0.29487306,0.18512696,1.2851269,1.6451269,-0.41487303,-2.534873,2.155127,3.155127,2.755127,1.5251269,0.26512694,0.62512696,-3.484873,2.745127,-0.7148731,-2.454873,-2.244873,-1.2048731,0.15512696,1.385127,-3.314873,-5.684873,-7.644873,-0.88487303,1.4051269,-1.1948731,-6.134873,-3.504873,-4.844873,-1.9748731,7.585127,8.505127,8.4851265,7.605127,8.705127,8.465127,7.055127,5.685127,4.195127,1.975127,0.19512695,-1.8248731,-3.084873
-2.014873,3.915127,4.615127,3.8551269,2.6251268,3.3451269,4.735127,1.7751269,1.375127,2.395127,1.705127,0.975127,0.6551269,0.89512694,1.335127,0.83512694,0.32512695,-0.024873046,-0.22487305,-0.68487304,1.7751269,3.065127,1.585127,1.2951269,2.215127,1.505127,0.34512696,-2.744873,-4.094873,-5.284873,-4.624873,-3.544873,-3.764873,-3.544873,3.315127,2.035127,-0.33487305,0.07512695,-2.974873,-3.6348732,-0.40487304,-0.66487306,-3.364873,-4.884873,-8.734873,-10.174873,5.435127,9.885127,10.635127,10.075127,10.475127,9.785127,8.375127,7.625127,5.705127,4.015127,1.6751269,-0.21487305,-2.364873,-4.554873
2.285127,2.435127,4.005127,5.425127,2.695127,1.705127,1.7751269,3.175127,1.125127,2.485127,0.74512696,-0.29487306,0.605127,0.19512695,-0.38487303,0.795127,0.82512695,0.665127,-0.34487304,3.1251268,4.815127,5.405127,5.485127,4.7251267,3.8651268,4.255127,2.475127,0.52512693,0.8451269,-0.73487306,-0.14487305,2.515127,1.995127,4.315127,3.815127,2.245127,-0.41487303,0.39512694,-0.50487304,-0.53487307,-0.69487303,-2.474873,0.33512697,-5.664873,-8.454873,-9.294873,7.4751267,10.465127,10.835127,10.605127,9.835127,9.475127,8.405127,7.065127,5.525127,3.525127,1.3051269,-0.054873046,-3.774873,-6.204873
2.515127,3.005127,2.235127,1.485127,1.335127,1.385127,2.1051269,1.115127,1.255127,2.045127,2.025127,2.515127,1.255127,0.975127,2.655127,2.065127,1.1451269,-0.20487304,5.785127,5.525127,6.125127,5.735127,5.875127,6.275127,6.365127,5.265127,4.425127,3.325127,1.7951269,1.6651269,1.755127,1.575127,1.2851269,2.275127,1.085127,1.005127,-0.27487305,-0.36487305,-0.62487304,-0.954873,-2.984873,-1.054873,-2.274873,-1.6848731,-6.664873,-2.964873,3.555127,7.895127,10.785127,11.335127,9.7351265,8.025127,7.895127,5.885127,5.2451267,2.975127,0.38512695,-1.524873,-5.0048733,-6.834873
2.015127,1.2851269,1.5451269,1.825127,0.48512694,0.83512694,0.55512697,1.625127,1.095127,0.30512697,-0.42487305,-0.15487304,1.075127,0.15512696,0.7851269,0.64512694,3.5851269,2.305127,1.4151269,5.085127,4.855127,5.355127,5.555127,5.845127,7.135127,6.135127,5.535127,4.655127,2.535127,0.7851269,0.82512695,-0.28487304,-0.9048731,-1.794873,0.16512695,-1.164873,-1.414873,0.11512695,-0.19487305,-1.654873,0.45512694,1.095127,-1.734873,-2.1648731,-0.36487305,-0.34487304,4.605127,9.395127,11.625127,11.105127,8.995127,6.985127,4.835127,5.105127,4.635127,1.865127,-0.644873,-3.424873,-4.714873,-6.824873
0.67512697,-0.28487304,-1.2148731,-0.954873,-1.1048731,-0.92487305,-1.3148731,0.71512693,1.625127,1.2851269,1.0351269,0.16512695,-0.49487305,-0.88487303,1.965127,0.12512696,0.44512695,-1.4648731,1.975127,0.95512694,1.5251269,6.805127,6.145127,3.405127,7.955127,7.205127,6.705127,4.485127,3.005127,1.615127,0.69512695,-0.044873048,-0.9648731,-1.764873,-0.54487306,-1.784873,-1.8348731,0.42512694,-3.234873,0.40512696,-2.604873,0.29512694,1.845127,2.505127,4.185127,5.405127,8.015127,10.625127,10.125127,9.535127,8.045127,6.005127,3.475127,4.9951267,2.8451269,1.005127,-1.8348731,-4.204873,-5.474873,-6.814873
-0.32487306,0.005126953,-0.88487303,-1.044873,-1.4548731,-0.29487306,0.69512695,1.945127,1.115127,-0.014873046,2.015127,1.3151269,1.6551269,1.465127,1.755127,2.485127,1.4251269,0.17512695,0.88512695,-0.054873046,1.5251269,-0.22487305,6.455127,4.235127,6.655127,7.015127,6.215127,4.7451267,2.415127,1.265127,0.99512696,-0.18487304,-1.4548731,-2.084873,-1.984873,-2.494873,-5.034873,1.475127,0.47512695,-2.6348732,1.385127,5.055127,6.215127,6.565127,7.335127,8.825127,9.795127,9.495127,8.865127,8.495127,6.785127,4.705127,3.715127,2.225127,3.0851269,-0.28487304,-2.324873,-3.734873,-5.084873,-5.994873
0.32512695,0.11512695,-0.47487304,0.93512696,1.2751269,0.96512693,1.755127,2.0951269,2.075127,3.065127,2.435127,1.7851269,0.07512695,0.88512695,1.125127,0.67512697,1.615127,1.245127,1.375127,-0.114873044,2.035127,1.6751269,4.855127,2.8751268,7.315127,6.985127,6.075127,4.9951267,3.325127,1.3051269,0.12512696,-0.09487305,-0.81487304,-1.764873,-2.3848732,-3.064873,-3.3848732,-0.22487305,-2.314873,2.295127,4.895127,7.135127,8.635127,8.845127,10.025127,10.115127,8.995127,8.655127,7.925127,7.305127,5.445127,4.155127,2.805127,1.495127,0.63512695,-0.93487304,-2.784873,-3.504873,-4.144873,-5.484873
-0.41487303,-1.114873,-0.47487304,0.80512697,1.635127,2.385127,1.885127,1.725127,2.245127,1.695127,0.08512695,-0.55487305,0.005126953,1.015127,-0.21487305,0.665127,1.3151269,2.8351269,0.18512696,2.535127,2.565127,7.525127,8.935127,2.155127,5.025127,5.935127,5.555127,4.965127,3.495127,1.985127,0.50512695,-0.14487305,-0.6548731,-1.874873,-2.3848732,-2.724873,-1.9748731,-2.274873,-0.20487304,3.1251268,6.165127,6.815127,8.305127,9.335127,9.355127,8.745127,8.255127,8.495127,7.505127,6.605127,4.365127,2.655127,1.345127,1.015127,-0.25487304,-1.004873,-2.774873,-2.974873,-3.8948731,-4.904873
-1.8248731,0.56512696,1.1851269,1.495127,1.505127,1.955127,0.27512696,0.34512696,1.245127,-1.0948731,-1.524873,-1.014873,0.69512695,0.8451269,0.15512696,0.40512696,0.26512694,2.575127,1.345127,0.99512696,1.735127,7.9951267,5.365127,2.195127,1.4251269,7.055127,5.115127,4.255127,3.225127,2.025127,0.68512696,-0.8448731,-1.2048731,-2.024873,-2.614873,-4.944873,-2.474873,3.005127,2.385127,4.7251267,6.065127,6.835127,8.375127,8.375127,7.695127,7.895127,7.775127,6.845127,5.785127,4.925127,3.915127,2.435127,1.595127,2.165127,1.485127,-0.66487306,-1.8548731,-3.1648731,-4.014873,-5.084873
-2.214873,2.515127,1.705127,1.245127,2.545127,1.7951269,0.915127,0.92512697,0.12512696,-1.2048731,0.56512696,1.445127,0.50512695,0.23512696,1.765127,1.5451269,2.035127,1.485127,1.955127,1.605127,0.42512694,6.915127,2.3551269,2.675127,4.025127,4.815127,3.885127,4.155127,2.5851269,1.1551269,-0.62487304,-2.014873,-2.6448731,-3.024873,-3.304873,-1.864873,-2.734873,1.735127,2.5851269,3.235127,4.855127,5.785127,5.675127,5.805127,6.575127,7.065127,6.485127,5.235127,4.575127,4.235127,3.775127,3.325127,2.655127,1.765127,1.105127,-0.08487305,-1.654873,-3.074873,-3.934873,-5.194873
-0.18487304,1.9151269,1.355127,2.175127,1.5451269,2.255127,0.915127,-2.064873,1.365127,1.385127,1.695127,2.235127,2.565127,3.465127,3.5951269,2.765127,1.585127,0.92512697,-0.06487305,0.17512695,3.895127,5.325127,4.005127,3.825127,4.575127,4.195127,3.735127,3.655127,2.545127,2.205127,-0.074873045,-1.504873,-2.354873,-2.9148731,-3.614873,-1.754873,-3.074873,0.67512697,1.605127,3.3451269,3.745127,3.725127,4.105127,5.275127,5.4951267,5.335127,4.665127,4.415127,4.515127,3.275127,3.215127,2.6251268,1.5551269,0.31512696,1.0351269,1.005127,-0.27487305,-1.504873,-3.444873,-4.104873
3.665127,2.435127,1.7851269,3.565127,3.465127,2.985127,-0.014873046,0.31512696,2.635127,1.9251269,3.5851269,2.745127,2.885127,4.285127,2.635127,1.715127,0.605127,0.065126956,0.33512697,2.895127,4.515127,4.005127,2.455127,0.67512697,5.555127,4.555127,3.1151268,2.245127,2.5951269,1.105127,-0.49487305,-2.544873,-3.604873,-4.304873,-4.464873,-3.514873,-0.644873,0.40512696,1.325127,2.825127,1.955127,2.8551269,3.3651268,2.685127,2.735127,3.705127,3.765127,3.695127,3.0951269,2.3451269,2.445127,2.505127,0.24512695,0.38512695,0.035126954,0.49512696,0.58512694,-1.0648731,-1.894873,-3.214873
1.7851269,2.3451269,3.565127,3.565127,3.3651268,2.785127,2.075127,0.14512695,3.235127,3.545127,2.785127,1.765127,2.1051269,4.405127,1.345127,0.41512695,0.19512695,0.30512697,4.365127,6.085127,5.205127,4.865127,2.3451269,4.695127,4.655127,3.6151268,1.5651269,0.88512695,0.48512694,-0.18487304,-1.144873,-3.584873,-4.414873,-4.814873,-4.204873,-1.394873,0.07512695,-0.34487304,-0.34487304,-0.34487304,0.08512695,0.46512696,1.695127,1.9251269,2.955127,3.495127,3.8351269,3.3451269,3.035127,3.285127,3.225127,2.495127,1.505127,1.1851269,2.135127,1.375127,-0.114873044,-0.584873,-1.4448731,-2.614873
2.205127,1.865127,2.635127,2.985127,2.225127,1.755127,2.665127,1.885127,2.385127,0.07512695,2.295127,2.255127,5.095127,5.055127,0.065126956,0.95512694,-0.9048731,6.395127,5.715127,5.455127,4.585127,3.995127,1.865127,4.655127,3.925127,2.715127,1.335127,-0.55487305,0.105126955,-2.594873,0.94512695,-4.144873,-5.314873,-5.384873,-4.594873,-3.104873,-1.7148731,-1.794873,-3.034873,-2.804873,-2.224873,-0.98487306,0.025126953,1.1451269,1.7851269,2.555127,2.515127,1.885127,1.705127,1.965127,3.285127,2.485127,3.385127,3.715127,3.635127,3.065127,2.715127,1.755127,-0.024873046,-1.054873
3.0851269,2.8651268,2.435127,1.625127,2.075127,2.165127,1.265127,0.985127,0.19512695,2.3351269,1.705127,1.085127,6.965127,2.255127,1.5551269,-0.24487305,9.025127,6.485127,4.9951267,4.065127,3.315127,1.995127,-0.20487304,1.635127,1.365127,1.765127,2.465127,-1.494873,2.035127,-1.9748731,-3.064873,-4.914873,-6.7748733,-6.604873,-5.474873,-4.334873,-4.2548733,-4.874873,-5.474873,-4.794873,-3.954873,-2.594873,-1.174873,-1.034873,-0.16487305,-0.54487306,-0.09487305,0.43512696,1.335127,0.51512694,1.465127,2.245127,3.8651268,4.795127,4.505127,3.675127,3.175127,1.995127,0.74512696,0.45512694
3.035127,2.765127,2.275127,3.765127,3.915127,2.3651268,0.82512695,0.015126953,0.605127,1.0251269,0.15512696,0.87512696,3.795127,0.68512696,0.17512695,6.945127,6.4951267,5.165127,3.505127,2.505127,1.1751269,0.975127,-0.86487305,0.42512694,-0.014873046,1.7751269,2.645127,1.4151269,-1.384873,-1.664873,-4.854873,-5.934873,-7.334873,-7.334873,-6.844873,-7.664873,-7.874873,-6.974873,-7.174873,-7.114873,-6.074873,-4.324873,-0.764873,-0.014873046,-1.5648731,-1.9448731,-1.424873,-0.6548731,0.22512695,2.165127,4.115127,5.445127,6.335127,6.985127,6.515127,4.555127,5.035127,2.305127,1.5651269,0.95512694
2.285127,1.2951269,2.3651268,3.495127,0.985127,1.875127,2.0951269,0.82512695,1.885127,0.80512697,-1.294873,5.065127,4.275127,3.025127,2.895127,3.715127,3.645127,2.965127,1.475127,-0.74487305,0.18512696,0.43512696,1.495127,-0.78487307,2.565127,1.9251269,2.3651268,0.20512696,-1.7248731,-2.834873,-6.264873,-6.514873,-7.164873,-7.344873,-7.614873,-8.524873,-9.034873,-8.154873,-8.104873,-6.714873,-0.23487304,1.365127,1.265127,0.99512696,0.28512695,0.68512696,1.4151269,3.635127,5.005127,8.015127,7.235127,6.095127,6.595127,6.025127,5.735127,6.465127,4.895127,4.325127,2.945127,1.8051269
0.81512696,3.255127,4.545127,2.025127,0.8451269,1.005127,0.30512697,0.86512697,1.1451269,0.67512697,5.415127,4.845127,4.075127,3.425127,3.555127,3.155127,2.8551269,1.385127,-0.644873,-2.474873,-2.004873,1.6751269,4.265127,3.195127,0.70512694,0.95512694,1.945127,0.93512696,-1.634873,-3.584873,-5.434873,-6.334873,-7.144873,-7.434873,-7.604873,-6.894873,-7.144873,-6.014873,-4.304873,-1.754873,0.7851269,1.725127,1.8951269,1.4051269,1.945127,3.455127,4.395127,5.085127,6.415127,6.525127,8.545127,9.605127,8.655127,7.065127,6.105127,5.465127,5.765127,4.565127,3.485127,1.2851269
4.345127,6.535127,3.025127,0.58512694,1.375127,0.6551269,-0.54487306,0.57512695,-0.62487304,2.265127,3.525127,3.525127,3.075127,3.1051269,3.075127,2.8551269,2.285127,0.8451269,-1.514873,-2.954873,-0.75487304,0.23512696,3.6251268,1.9051269,0.18512696,-0.80487305,0.5351269,0.61512697,-1.524873,-3.324873,-4.354873,-5.484873,-6.494873,-7.094873,-7.2748733,-6.584873,-6.164873,-5.344873,-4.444873,-2.934873,-1.6848731,-0.74487305,-0.81487304,0.88512695,1.965127,2.015127,2.455127,5.145127,6.015127,6.045127,6.595127,9.155127,9.925127,8.905127,8.325127,7.035127,7.195127,5.855127,4.435127,3.325127
4.845127,5.235127,2.725127,0.11512695,3.145127,0.735127,-0.75487304,-1.014873,0.61512697,1.965127,2.135127,2.0951269,1.1851269,1.195127,1.865127,1.705127,1.595127,0.75512695,-0.73487306,-2.284873,-0.27487305,1.965127,0.80512697,1.015127,-0.054873046,-0.74487305,-0.10487305,-0.39487305,-1.3248731,-3.754873,-4.964873,-5.664873,-5.294873,-5.534873,-5.744873,-5.764873,-5.564873,-4.844873,-4.094873,-2.814873,-1.874873,-1.4648731,-1.144873,-0.12487305,0.42512694,2.995127,4.365127,4.945127,4.945127,4.845127,5.055127,7.005127,8.225127,7.985127,6.595127,7.005127,6.165127,5.365127,4.115127,3.235127
