json-data/2022072318.json
{"header": {"discipline":0,"disciplineName":"Meteorological products","gribEdition":2,"gribLength":79034,"center":7,"centerName":"US National Weather Service - NCEP(WMC)","subcenter":0,"refTime":"2022-07-23T18:00:00.000Z","significanceOfRT":1,"significanceOfRTName":"Start of forecast","productStatus":0,"productStatusName":"Operational products","productType":1,"productTypeName":"Forecast products","productDefinitionTemplate":0,"productDefinitionTemplateName":"Analysis/forecast at horizontal level/layer at a point in time","parameterCategory":2,"parameterCategoryName":"Momentum","parameterNumber":2,"parameterNumberName":"U-component_of_wind","parameterUnit":"m.s-1","genProcessType":2,"genProcessTypeName":"Forecast","forecastTime":0,"surface1Type":103,"surface1TypeName":"Specified height level above ground","surface1Value":10.0,"surface2Type":255,"surface2TypeName":"Missing","surface2Value":0.0,"gridDefinitionTemplate":0,"gridDefinitionTemplateName":"Latitude_Longitude","numberPoints":65160,"shape":6,"shapeName":"Earth spherical with radius of 6,371,229.0 m","gridUnits":"degrees","resolution":48,"winds":"true","scanMode":0,"nx":360,"ny":181,"basicAngle":0,"lo1":0.0,"la1":90.0,"lo2":359.0,"la2":-90.0,"dx":1.0,"dy":1.0}, "data":
[rows 52 to 77 of 181, columns 58 to 115 of 360]
0.056289062,3.446289,4.056289,4.486289,4.676289,4.676289,5.2062893,5.826289,0.6062891,3.506289,-2.273711,-1.6137109,-2.493711,2.8762891,3.486289,1.616289,-2.4037108,-2.563711,-1.493711,1.876289,-3.3737109,-3.593711,-1.1037109,-4.093711,-5.103711,-5.133711,-4.7937107,-4.403711,-2.9137108,0.70628905,0.65628904,1.376289,-2.183711,-2.753711,-0.5037109,1.1762891,-0.79371095,0.12628907,2.316289,0.0062890626,2.726289,-1.413711,1.0562891,0.45628905,3.196289,0.25628906,-1.383711,-1.9637109,0.88628906,-0.103710935,0.62628907,0.18628906,-1.273711,-1.6837109,0.46628907,1.6962891,3.6362891,0.22628906
-2.543711,-2.073711,4.376289,5.096289,3.686289,2.716289,4.626289,7.076289,6.156289,4.276289,2.3362892,-0.29371095,0.06628906,-0.74371094,1.496289,2.436289,1.336289,-1.4737109,-1.4337109,-0.30371094,-0.053710938,-0.053710938,-1.023711,-3.183711,-5.933711,-4.053711,-1.143711,0.82628906,1.0262891,1.1462891,2.296289,-0.22371094,-0.5037109,-2.943711,-0.43371093,2.6362891,0.52628905,0.89628905,2.996289,4.166289,0.71628904,0.53628904,-2.213711,-1.3137109,-1.883711,1.6462891,0.41628906,1.746289,-2.853711,-1.673711,-1.263711,0.87628907,1.346289,-1.883711,-0.16371094,-0.35371095,2.786289,0.116289064
-9.303711,-7.833711,-5.153711,2.1362891,2.536289,0.71628904,0.28628907,2.0762892,2.266289,0.69628906,2.236289,-0.48371094,0.9362891,2.1162891,1.0162891,1.076289,0.96628904,1.246289,-0.72371095,-1.383711,-1.633711,-0.23371094,0.58628905,0.08628906,0.48628905,0.83628905,0.89628905,1.0562891,0.50628906,-0.26371095,-3.4237108,-1.8337109,-0.5037109,-0.65371096,-0.6437109,-0.85371095,-0.30371094,0.14628907,0.82628906,1.1862891,-1.033711,0.83628905,2.446289,-0.71371096,0.056289062,0.71628904,-0.84371096,-1.8037109,1.216289,-0.47371092,-1.4337109,0.076289065,0.41628906,-0.46371093,-1.503711,-0.65371096,1.706289,0.72628903
-10.973711,-9.483711,-4.133711,-1.393711,-2.3637109,1.356289,-1.413711,-0.053710938,-0.61371094,-0.38371095,-0.44371092,-1.1837109,-0.11371094,-0.55371094,0.09628906,-0.14371094,-0.92371094,0.40628907,1.4262891,0.47628906,-0.41371095,-1.493711,-0.19371094,-2.093711,-3.283711,-3.973711,-2.8737109,-0.60371095,-2.3937109,-3.953711,-2.023711,-1.893711,-2.283711,-5.423711,-4.923711,-2.233711,-2.073711,-3.053711,-0.6437109,-1.2137109,-1.1937109,0.18628906,2.216289,-0.74371094,-0.14371094,-1.013711,0.71628904,-1.3237109,-0.99371094,-0.5737109,0.13628906,-0.043710936,-2.1737108,-1.2337109,1.0162891,0.84628904,1.0662891,0.77628905
-9.913711,-9.233711,-3.033711,-4.963711,-5.593711,-1.8137109,0.36628905,1.086289,2.006289,0.46628907,-1.9637109,-0.063710935,-0.42371094,0.53628904,-1.923711,-1.163711,-0.5637109,-0.72371095,1.236289,2.5962892,3.476289,-0.79371095,-1.6937109,-2.6737108,-5.463711,-5.653711,-2.6337109,-2.293711,-3.333711,-0.5637109,-1.1137109,-0.72371095,-0.37371093,-0.103710935,-0.99371094,1.0562891,-2.013711,-0.91371095,-1.173711,-0.7637109,1.2662891,-0.28371093,0.046289064,0.6062891,0.77628905,1.376289,1.2662891,0.31628907,-0.11371094,-0.97371095,1.6562891,0.06628906,-0.66371095,0.25628906,0.78628904,-0.37371093,1.0562891,0.9862891
-11.153711,-7.903711,-4.173711,1.246289,-0.32371095,-0.80371094,0.39628905,-0.48371094,-0.0037109375,-2.063711,-0.21371093,-1.743711,-0.5737109,1.326289,-0.47371092,-0.99371094,-1.3237109,-1.773711,0.47628906,1.486289,2.0962892,0.82628906,1.6962891,-2.713711,-4.423711,-2.703711,-4.673711,-2.523711,-1.1937109,-0.41371095,-1.013711,-0.54371095,0.15628906,-1.8037109,0.47628906,2.046289,-2.203711,-0.07371094,0.95628905,-1.0637109,0.59628904,-0.12371094,0.46628907,-0.49371094,1.2762891,-0.35371095,2.556289,-0.46371093,0.5562891,1.256289,0.5562891,0.6062891,-0.5137109,-0.13371094,-0.37371093,1.6662891,0.95628905,1.506289
-8.583711,-9.183711,-6.2737107,2.916289,5.596289,2.776289,-2.4237108,-4.783711,-3.593711,-2.8737109,-4.903711,-1.673711,-1.3237109,0.21628906,1.7762891,-1.4737109,-2.183711,-2.503711,-2.6737108,-0.35371095,0.6762891,2.416289,3.1162891,-4.323711,-4.033711,-0.9537109,-0.14371094,-0.28371093,-1.1837109,-2.1737108,-0.80371094,0.50628906,-0.053710938,-1.8637109,-1.143711,-0.84371096,-1.793711,-0.053710938,0.116289064,-1.753711,0.35628906,0.43628907,0.7962891,1.006289,0.26628906,1.736289,1.5462891,0.6862891,-0.44371092,-0.45371094,-0.48371094,0.52628905,0.6162891,0.58628905,-1.123711,-2.1737108,1.3962891,1.106289
3.246289,-7.973711,-7.323711,-0.063710935,4.096289,2.656289,4.356289,-5.953711,-3.243711,-1.893711,-2.223711,-2.533711,-1.9737109,-0.99371094,0.9862891,-2.703711,-3.283711,-2.593711,-3.1137109,-1.9537109,-0.41371095,1.4362891,1.4362891,0.35628906,1.6462891,-0.063710935,-1.753711,-0.55371094,-2.263711,-2.483711,-1.0837109,-0.39371094,-1.493711,-1.663711,-0.08371094,-0.9537109,0.036289062,0.89628905,0.76628906,0.25628906,0.52628905,-1.623711,0.69628906,0.71628904,-0.8837109,2.8862891,-0.61371094,-0.37371093,-0.23371094,-1.0837109,-1.3537109,-1.3437109,0.47628906,1.0662891,0.40628907,-0.92371094,-0.87371093,-0.97371095
4.146289,2.036289,-8.103711,3.3562891,0.77628905,2.016289,3.1262891,-3.713711,-2.213711,-2.803711,0.84628904,-2.1637108,-3.1337109,2.156289,-4.203711,-2.193711,-2.6437109,-3.233711,-2.6437109,-2.8737109,-2.033711,-0.24371094,-0.41371095,1.366289,0.75628906,2.276289,0.32628906,0.076289065,-0.8837109,-4.743711,-1.0737109,-1.1937109,-1.623711,0.39628905,-1.633711,-0.27371094,-0.37371093,-0.8137109,0.56628907,-0.60371095,-0.21371093,1.1662891,1.0562891,0.31628907,2.926289,0.16628906,-0.59371096,-1.173711,0.06628906,-1.033711,-1.383711,0.036289062,0.6162891,1.2862891,0.50628906,-1.423711,-1.2137109,0.116289064
3.456289,3.536289,-1.2237109,0.72628903,-1.773711,-0.24371094,3.416289,0.28628907,-2.3937109,-1.9337109,-5.663711,0.41628906,-5.063711,0.16628906,-6.633711,-6.103711,-4.493711,-4.353711,-3.593711,-3.463711,-3.053711,-3.943711,-1.653711,0.78628904,0.17628907,1.466289,1.4062891,0.9262891,1.736289,0.9962891,0.20628907,-0.16371094,0.16628906,-0.28371093,-1.9737109,0.38628906,0.39628905,-1.523711,-0.5837109,0.25628906,-0.7037109,-0.7537109,0.16628906,1.1662891,2.5862892,0.76628906,0.53628904,1.246289,0.7962891,-1.133711,-0.44371092,-0.5637109,-0.91371095,0.31628907,-1.1837109,-0.73371094,0.6862891,0.9862891
5.796289,2.1162891,2.526289,5.786289,2.986289,2.566289,1.096289,1.096289,-2.1637108,-2.313711,-5.463711,-0.39371094,-1.3237109,3.316289,-0.21371093,-3.283711,-3.603711,-4.033711,-4.383711,-3.933711,-4.133711,-3.963711,-4.243711,-3.193711,-1.5637109,-1.1137109,0.016289063,-0.063710935,0.62628907,1.5662891,0.36628905,0.27628908,-0.19371094,0.33628905,0.21628906,0.9962891,0.62628907,0.32628906,-0.6337109,-0.84371096,-0.22371094,0.48628905,-0.32371095,0.23628907,1.0362891,0.96628904,-0.043710936,0.44628906,0.34628907,-0.79371095,0.56628907,0.75628906,-0.043710936,0.97628903,0.6662891,-0.5737109,0.20628907,0.8662891
1.4462891,0.88628906,7.276289,2.176289,0.63628906,-1.793711,-0.85371095,0.056289062,-0.09371094,1.5562891,-1.263711,-0.59371096,-0.7537109,0.8062891,0.28628907,0.33628905,1.856289,-0.8837109,-4.703711,-4.283711,-4.913711,-4.573711,-6.453711,-5.173711,-5.343711,-4.383711,-3.8737109,-4.443711,-1.653711,-0.46371093,-0.79371095,-0.033710938,0.42628905,-0.23371094,0.63628906,-0.16371094,0.6862891,0.9862891,0.0062890626,-0.32371095,-1.0837109,-0.14371094,0.076289065,0.9962891,0.28628907,-0.68371093,0.14628907,0.72628903,0.16628906,-0.14371094,0.7362891,1.246289,-0.8837109,1.346289,1.086289,0.17628907,0.90628904,1.006289
-1.153711,-3.1737108,-0.98371094,-1.393711,-0.6437109,-2.1737108,-3.563711,2.976289,0.47628906,1.596289,1.6362891,-0.043710936,0.17628907,0.58628905,1.5362891,1.086289,2.436289,1.846289,-0.53371096,-2.303711,-4.553711,-4.5237107,-5.093711,-5.913711,-4.903711,-5.363711,-3.243711,-3.6637108,-3.8737109,-3.303711,-2.3837109,-1.9837109,-0.27371094,1.456289,0.77628905,-1.923711,-0.23371094,-0.74371094,-0.013710937,-0.31371093,-1.293711,-0.61371094,0.82628906,0.026289063,-0.34371093,1.856289,-0.103710935,1.356289,-0.33371094,0.116289064,0.30628908,0.46628907,-0.67371094,1.356289,1.0262891,0.29628906,1.9162891,0.34628907
-1.7137109,-6.663711,-7.603711,-2.003711,-0.61371094,0.15628906,2.806289,5.146289,8.406289,6.966289,8.516289,7.326289,6.406289,3.6062891,-0.063710935,0.29628906,0.6062891,1.996289,2.266289,0.89628905,-2.803711,-2.243711,-1.153711,-1.8437109,-1.513711,-2.753711,-3.1637108,-3.8837109,-3.053711,-2.713711,-2.6137109,-1.7337109,-1.9537109,-2.1237109,-0.17371094,0.12628907,0.30628908,0.45628905,0.17628907,0.06628906,0.46628907,0.0062890626,-0.16371094,0.36628905,-0.103710935,0.016289063,0.28628907,0.56628907,-0.023710938,-0.8137109,0.06628906,0.72628903,0.9862891,1.206289,0.90628904,0.49628907,0.33628905,-0.40371093
-4.613711,-3.283711,-2.8737109,0.40628907,2.1362891,3.536289,4.396289,7.106289,7.696289,7.786289,9.386289,9.856289,10.226289,8.526289,1.1362891,1.2962891,1.9262891,3.8662891,3.996289,2.756289,2.196289,0.12628907,0.28628907,-0.71371096,-0.17371094,-0.99371094,-0.71371096,-1.8537109,-1.6837109,-2.103711,-2.493711,-1.5737109,-1.9637109,-2.063711,0.046289064,-0.47371092,0.75628906,-0.103710935,0.6162891,0.016289063,0.116289064,-0.28371093,-0.9537109,0.12628907,-0.36371094,0.70628905,0.58628905,0.75628906,0.30628908,-0.8237109,0.5462891,0.43628907,-0.91371095,0.0062890626,0.34628907,0.36628905,-0.29371095,0.15628906
0.63628906,2.006289,0.69628906,4.836289,5.326289,6.156289,6.086289,7.136289,8.106289,8.566289,9.086289,8.726289,8.106289,7.356289,5.9962893,3.1062891,2.0762892,4.396289,3.476289,4.506289,3.536289,4.106289,-0.85371095,1.206289,-0.52371097,-0.68371093,-0.5137109,-0.063710935,-0.52371097,-1.523711,-1.283711,-1.763711,-1.653711,-2.343711,-0.80371094,0.34628907,0.95628905,-0.11371094,-0.55371094,-0.053710938,-0.66371095,-0.7637109,-0.28371093,-0.9437109,-0.52371097,-0.31371093,-0.43371093,0.50628906,-0.033710938,0.97628903,-0.73371094,0.14628907,0.8062891,0.29628906,1.106289,1.756289,0.18628906,-0.33371094
-1.893711,2.716289,5.946289,7.146289,5.896289,7.076289,6.796289,7.686289,8.626289,9.096289,9.816289,10.016289,6.256289,6.506289,5.236289,5.296289,1.8862891,4.776289,5.066289,1.606289,3.786289,1.9362891,-0.47371092,1.486289,2.476289,0.26628906,-0.40371093,0.016289063,-0.23371094,-0.92371094,-1.1037109,-1.4437109,-0.77371097,-1.5837109,-1.4637109,-0.80371094,0.58628905,-0.013710937,0.026289063,0.77628905,0.37628907,-0.38371095,-0.31371093,-0.41371095,0.016289063,0.30628908,-1.393711,-0.34371093,0.12628907,0.77628905,0.6162891,1.0262891,1.586289,-0.20371094,1.1462891,3.5962892,5.036289,4.446289
-1.4437109,4.186289,6.526289,6.2062893,6.9762893,7.626289,7.546289,7.846289,8.676289,8.706289,10.026289,10.446289,9.426289,6.096289,7.946289,4.4762893,5.886289,2.526289,4.296289,3.6162891,5.356289,3.036289,1.0162891,3.726289,2.746289,1.256289,0.63628906,-1.5737109,-1.4337109,0.49628907,0.56628907,-0.54371095,-0.84371096,-0.72371095,-4.153711,-0.40371093,1.856289,-2.483711,-1.1837109,0.016289063,0.52628905,-0.8237109,0.24628906,-0.023710938,0.42628905,-0.68371093,0.49628907,0.42628905,-0.91371095,0.52628905,4.086289,3.5962892,2.306289,3.566289,3.456289,3.8662891,2.8262892,3.1162891
3.6262891,5.2462893,5.856289,6.396289,6.756289,7.546289,7.936289,8.066289,8.386289,9.066289,9.736289,10.356289,9.846289,9.486289,7.946289,0.64628905,6.306289,5.186289,5.9962893,4.776289,2.986289,2.5862892,0.88628906,1.0362891,3.016289,1.586289,0.45628905,-0.68371093,0.32628906,1.736289,0.50628906,0.9162891,-0.14371094,-0.49371094,-1.773711,-2.013711,-0.67371094,-0.98371094,-0.6437109,0.78628904,-0.72371095,-0.33371094,-0.17371094,-0.19371094,0.6062891,-0.103710935,-0.26371095,0.6062891,-0.023710938,-0.12371094,1.2862891,0.20628907,-0.49371094,1.6662891,1.6362891,0.97628903,0.45628905,-0.15371093
5.336289,5.756289,6.786289,6.986289,6.946289,7.876289,8.416289,8.536289,8.436289,9.386289,9.516289,9.676289,9.546289,9.376289,7.9762893,3.796289,5.116289,6.286289,6.066289,2.896289,3.756289,1.5362891,0.036289062,1.1562891,1.2862891,2.266289,0.056289062,1.7662891,3.026289,2.066289,0.30628908,0.6162891,-0.60371095,-0.5137109,-1.143711,-0.31371093,-1.2137109,0.14628907,-0.72371095,0.51628906,-0.7537109,0.09628906,0.046289064,-0.08371094,-0.33371094,-1.0837109,0.19628906,0.87628907,-2.743711,-2.013711,-0.73371094,-0.79371095,0.56628907,0.76628906,-0.37371093,-0.68371093,-1.763711,-1.5837109
6.486289,6.096289,7.876289,7.4762893,7.776289,7.7062893,8.316289,8.736289,9.346289,9.696289,9.666289,9.896289,9.536289,9.316289,8.366289,3.476289,2.5962892,4.2262893,5.256289,4.936289,2.8862891,2.466289,1.996289,0.8062891,1.1462891,0.83628905,4.186289,4.7462893,3.556289,1.9162891,0.06628906,0.44628906,0.13628906,-1.153711,-2.6137109,-1.143711,-0.8837109,1.096289,-0.8937109,-0.61371094,-0.31371093,-0.19371094,-0.6337109,-0.40371093,0.17628907,1.326289,0.58628905,-0.40371093,-0.33371094,-2.793711,-2.793711,-1.403711,-0.25371093,-1.3037109,-2.343711,-2.093711,-2.593711,-1.8637109
6.026289,6.876289,7.666289,8.416289,8.166289,8.606289,8.866289,8.976289,9.406289,10.306289,10.546289,10.476289,10.166289,9.706289,8.566289,7.336289,2.756289,6.236289,6.666289,4.186289,3.916289,2.556289,3.066289,3.3662891,3.446289,10.676289,9.446289,5.536289,4.836289,2.726289,0.7962891,0.06628906,0.53628904,-1.3337109,-1.6837109,-1.4637109,-1.133711,-0.053710938,-1.773711,-1.8637109,-0.5837109,0.49628907,-1.883711,-0.8837109,1.236289,-0.22371094,0.31628907,-0.8237109,-0.5037109,0.71628904,-4.143711,-1.4537109,-1.3637109,-2.253711,-2.8637109,-2.513711,-2.513711,-1.8237109
6.856289,7.356289,7.576289,8.7562895,8.516289,8.266289,8.826289,9.586289,9.686289,10.336289,9.936289,10.4662895,10.916289,9.876289,9.356289,7.966289,1.8062891,5.386289,6.216289,5.616289,4.326289,2.486289,2.156289,2.3462892,6.366289,6.896289,6.796289,5.586289,3.996289,3.286289,1.5162891,-0.36371094,0.6162891,-0.53371096,-1.523711,-1.383711,-1.043711,-1.1837109,0.9362891,-0.043710936,-0.35371095,-0.22371094,-3.043711,-1.3137109,1.626289,0.71628904,1.506289,-0.84371096,-0.5737109,-0.80371094,0.7462891,-0.80371094,-1.393711,-2.353711,-2.783711,-2.433711,-1.913711,-1.293711
7.406289,7.136289,8.056289,7.666289,8.246289,8.156289,8.746289,8.956289,8.826289,9.136289,9.4662895,9.896289,10.526289,10.886289,9.296289,9.0062895,4.346289,2.8762891,5.216289,6.276289,6.336289,1.4262891,2.266289,3.296289,3.776289,4.646289,4.686289,4.436289,3.296289,3.026289,1.966289,0.6862891,-0.14371094,-1.143711,-1.2237109,-0.46371093,-1.9437109,-1.783711,1.256289,1.246289,-0.72371095,0.70628905,-0.65371096,0.29628906,0.28628907,1.7662891,1.456289,0.36628905,-0.96371096,-0.38371095,0.08628906,2.1062891,-0.44371092,-1.6037109,-3.453711,-1.623711,-1.5737109,-1.793711
7.036289,7.026289,8.196289,7.446289,7.656289,7.796289,8.7162895,7.756289,8.076289,8.196289,8.576289,9.346289,10.076289,9.916289,9.156289,9.416289,5.836289,1.486289,4.666289,5.646289,5.646289,3.296289,0.32628906,-0.033710938,1.0362891,2.936289,4.436289,3.746289,3.546289,3.746289,2.686289,0.84628904,0.51628906,-0.29371095,-0.43371093,0.08628906,-1.2137109,-0.36371094,0.95628905,2.286289,-2.6437109,1.126289,0.53628904,-1.893711,0.20628907,1.366289,0.33628905,-0.32371095,-0.28371093,-1.2337109,-0.8237109,1.4362891,-0.84371096,-1.423711,-2.6637108,-2.483711,-2.323711,-2.093711
6.946289,7.076289,7.4962893,7.7262893,7.916289,7.886289,7.336289,7.426289,8.086289,7.9562893,8.436289,8.366289,8.816289,9.2162895,8.456289,8.976289,7.076289,0.32628906,5.116289,3.676289,3.8462892,2.1262891,-1.8437109,-1.3237109,-1.4837109,1.9262891,3.786289,3.6362891,3.286289,2.996289,2.3462892,0.22628906,0.57628906,0.47628906,2.0762892,1.8062891,1.716289,2.406289,2.646289,1.846289,-1.043711,-0.25371093,0.59628904,-1.283711,-0.49371094,0.9162891,-0.033710938,-0.12371094,-0.39371094,-1.163711,-0.38371095,0.10628906,-0.77371097,-1.023711,-2.6137109,-2.833711,-2.103711,-1.7337109
