json-data/2022072700.json
{"header": {"discipline":0,"disciplineName":"Meteorological products","gribEdition":2,"gribLength":78917,"center":7,"centerName":"US National Weather Service - NCEP(WMC)","subcenter":0,"refTime":"2022-07-27T00:00:00.000Z","significanceOfRT":1,"significanceOfRTName":"Start of forecast","productStatus":0,"productStatusName":"Operational products","productType":1,"productTypeName":"Forecast products","productDefinitionTemplate":0,"productDefinitionTemplateName":"Analysis/forecast at horizontal level/layer at a point in time","parameterCategory":2,"parameterCategoryName":"Momentum","parameterNumber":2,"parameterNumberName":"U-component_of_wind","parameterUnit":"m.s-1","genProcessType":2,"genProcessTypeName":"Forecast","forecastTime":0,"surface1Type":103,"surface1TypeName":"Specified height level above ground","surface1Value":10.0,"surface2Type":255,"surface2TypeName":"Missing","surface2Value":0.0,"gridDefinitionTemplate":0,"gridDefinitionTemplateName":"Latitude_Longitude","numberPoints":65160,"shape":6,"shapeName":"Earth spherical with radius of 6,371,229.0 m","gridUnits":"degrees","resolution":48,"winds":"true","scanMode":0,"nx":360,"ny":181,"basicAngle":0,"lo1":0.0,"la1":90.0,"lo2":359.0,"la2":-90.0,"dx":1.0,"dy":1.0}, "data":
[rows 130 to 155 of 181, columns 174 to 231 of 360]
0.6427759,4.0227757,3.3527758,3.3327758,9.612776,11.6827755,7.592776,6.5227757,6.682776,5.222776,5.312776,4.932776,4.652776,4.872776,4.4827757,1.7027758,0.04277588,-2.3572242,-2.4572241,-3.287224,-4.097224,-0.51722413,0.98277587,3.742776,0.31277588,2.5527759,3.2927759,3.3827758,4.382776,4.202776,5.512776,4.652776,6.012776,5.512776,5.012776,5.902776,6.612776,5.412776,6.4427757,6.852776,6.512776,6.7327757,7.362776,7.782776,7.322776,7.7127757,8.972775,9.662776,10.522776,10.482776,9.872776,9.392776,9.772776,12.242776,12.452776,12.112776,11.582776,10.452776
4.362776,-0.6172241,1.9727759,9.292776,6.9427757,2.5727758,3.3827758,2.3627758,3.502776,2.762776,2.5627759,2.252776,4.352776,3.912776,1.3427758,-0.6472241,-3.837224,-6.007224,-6.8072243,-4.587224,-2.727224,-0.40722412,0.6027759,-0.8372241,1.7927759,1.8327758,3.3127759,3.2827759,3.8927758,4.602776,4.7727757,4.582776,6.322776,5.332776,6.4427757,6.6927757,6.312776,6.2727757,6.682776,7.182776,7.2527757,6.9627757,7.132776,7.292776,7.492776,7.242776,8.242776,8.762775,8.992776,10.082776,9.702776,9.582776,9.892776,9.862776,11.802776,11.122776,10.822776,10.042776
-1.2372241,8.632776,7.842776,8.332776,4.042776,1.9627758,-1.7472241,1.5527759,0.02277588,0.3327759,0.7727759,3.3927758,0.8927759,0.4927759,-2.5972242,-7.5772243,-9.807224,-8.0672245,-6.507224,-3.487224,-2.3572242,-0.45722413,-0.6572241,0.7027759,1.9427758,2.5927758,2.422776,3.262776,4.082776,5.2327757,5.862776,5.4827757,7.572776,6.992776,7.092776,6.582776,7.332776,6.2727757,7.302776,6.762776,7.112776,6.352776,6.892776,6.812776,7.342776,7.652776,7.842776,7.862776,7.952776,8.162776,8.922776,9.112776,9.942776,10.172776,11.132776,10.902776,10.962776,11.222775
11.202776,9.802776,4.822776,0.7027759,-1.5072241,-2.5972242,-1.9572241,-2.5972242,-2.1172242,-1.5072241,-0.40722412,0.35277587,-2.2072241,-5.187224,-7.847224,-10.787224,-8.657224,-7.367224,-5.647224,-3.9372241,-3.1872241,-2.1972241,1.4227759,1.5327759,1.6227759,2.8327758,4.082776,4.592776,4.632776,5.122776,6.362776,6.402776,7.0227757,7.202776,7.4827757,7.202776,7.402776,8.012775,8.132776,8.472775,7.832776,7.4827757,7.282776,7.5227757,6.352776,7.562776,7.9227757,7.9227757,8.352776,8.902776,9.4327755,9.282776,9.922776,10.512775,10.882776,10.032776,12.042776,11.752776
7.582776,-2.027224,-3.9272242,-3.557224,-3.9272242,-4.217224,-4.877224,-4.647224,-3.8872242,-4.197224,-7.0172243,-9.867224,-10.547224,-12.677224,-12.3172245,-10.597224,-7.817224,-6.187224,-5.147224,-3.3472242,-2.3472242,0.7627759,1.5227759,1.9227759,0.81277585,3.5627759,3.3027759,5.512776,5.182776,5.642776,5.932776,7.282776,7.0227757,7.912776,8.172776,8.272776,8.402776,9.112776,8.912776,8.772776,8.842776,9.172776,8.882776,8.102776,7.882776,7.362776,7.602776,7.6927757,8.562776,9.062776,9.692776,10.722775,11.412776,11.422776,12.422776,11.162776,12.292776,10.882776
-4.5572243,-4.457224,-4.7672243,-4.697224,-6.587224,-7.167224,-5.717224,-4.417224,-5.7872243,-9.877224,-10.787224,-11.697224,-12.597224,-11.707224,-10.197224,-8.087224,-6.187224,-4.437224,-3.077224,-1.3572241,0.24277587,0.35277587,0.99277586,1.9827759,3.0527759,2.452776,3.702776,4.152776,5.832776,5.9227757,6.932776,7.332776,7.472776,8.452776,8.672776,9.072776,9.552776,9.462776,9.602776,9.532776,10.132776,10.832776,10.492776,10.042776,9.452776,9.202776,8.542776,8.372776,8.942776,8.9327755,9.452776,10.062776,10.372776,10.852776,11.352776,11.872776,10.812776,10.9327755
-8.927224,-8.007224,-8.007224,-8.407224,-9.277225,-8.197224,-9.917224,-11.0672245,-12.917224,-14.137224,-13.797224,-12.557224,-10.557224,-8.297224,-6.887224,-4.5772243,-3.797224,-1.9672241,-0.7172241,-0.34722412,0.80277586,1.0127759,1.8027759,1.5827758,2.3027759,3.442776,5.1727757,5.302776,6.092776,6.882776,6.7527757,7.4827757,7.912776,8.452776,9.6827755,10.262775,10.642776,10.822776,11.262775,11.292776,11.502776,11.852776,11.632776,11.302776,10.862776,11.292776,10.502776,9.862776,9.272776,8.572776,9.292776,9.352776,10.132776,10.692776,12.512775,13.042776,12.202776,10.612776
-12.177224,-13.007224,-12.807224,-12.987225,-13.037224,-13.757224,-14.5672245,-14.267224,-13.057224,-12.097224,-11.217224,-10.187224,-7.897224,-6.4772243,-4.5172243,-3.4572241,-2.737224,-0.8372241,0.21277589,1.2527759,2.472776,2.772776,2.1327758,2.7927759,3.7927759,5.4827757,5.762776,7.042776,6.842776,7.882776,8.122776,9.132776,9.592776,9.942776,10.862776,11.602776,12.292776,12.772776,12.992776,13.372776,13.552776,13.372776,13.032776,12.952776,12.242776,11.902776,11.792776,11.752776,10.802776,10.472775,8.922776,9.452776,9.752776,10.9327755,13.602776,14.222775,13.232776,11.652776
-11.397224,-11.777225,-12.667224,-13.547224,-14.037224,-13.897224,-13.167224,-11.987225,-10.787224,-9.897224,-8.417224,-6.917224,-6.137224,-5.797224,-5.087224,-4.877224,-3.7072241,-2.477224,-1.0772241,0.21277589,-0.6172241,1.2027758,2.5927758,4.652776,6.392776,6.242776,6.762776,7.062776,8.832776,8.6827755,10.402776,10.212776,11.522776,12.032776,12.4327755,13.312776,14.142776,14.642776,15.002776,15.162776,15.502776,15.072776,14.642776,13.982776,13.742776,13.412776,12.562776,12.102776,11.882776,11.442776,10.652776,9.602776,9.382776,9.832776,9.782776,9.812776,11.132776,10.922776
-11.057224,-11.417224,-11.527225,-11.157224,-11.007224,-10.657224,-10.197224,-9.387224,-8.527225,-7.717224,-6.7472243,-6.627224,-5.947224,-5.187224,-4.097224,-3.237224,-3.497224,-2.8772242,-2.227224,-0.17722411,1.3627759,2.962776,5.5227757,3.5927758,4.632776,6.072776,6.822776,8.142776,9.472775,9.9327755,10.752776,12.032776,12.542776,13.472775,14.152776,14.522776,15.102776,15.102776,15.602776,15.252776,14.852776,14.472775,14.802776,14.922776,14.772776,14.652776,13.862776,13.732776,13.262775,12.542776,12.322776,10.772776,9.532776,8.692776,7.342776,6.112776,8.252776,9.012775
-10.397224,-10.277225,-10.087224,-10.007224,-9.147224,-8.527225,-7.967224,-7.387224,-7.197224,-6.867224,-6.567224,-5.7472243,-5.677224,-5.487224,-4.597224,-3.587224,-4.5172243,-3.087224,-1.9172242,-0.17722411,2.162776,3.752776,5.072776,6.142776,7.722776,8.332776,9.752776,10.572776,11.1827755,11.832776,12.202776,12.602776,13.562776,14.002776,14.922776,15.352776,15.362776,15.6827755,16.122776,16.192776,15.862776,15.172776,14.712776,15.252776,14.772776,15.002776,14.612776,14.442776,13.972775,13.452776,12.732776,11.862776,10.1827755,9.052776,7.592776,5.302776,2.212776,7.742776
-7.7472243,-7.667224,-7.397224,-6.8272243,-6.887224,-7.0572243,-5.9772243,-6.117224,-6.127224,-6.617224,-4.027224,-3.287224,-2.1172242,-3.507224,-3.5972242,-2.247224,-0.10722412,2.912776,3.742776,4.2727757,5.842776,6.102776,6.562776,7.632776,8.832776,8.952776,9.262775,9.692776,10.842776,10.852776,11.772776,10.832776,12.522776,13.252776,11.772776,13.372776,14.312776,14.922776,15.752776,15.702776,15.322776,15.882776,15.262775,14.9327755,15.422776,15.502776,15.512775,14.902776,14.362776,13.702776,12.912776,12.482776,11.392776,10.122776,8.892776,7.202776,5.7127757,3.432776
-4.2272243,-3.837224,-4.157224,-3.587224,-3.777224,-4.0372243,-3.1072242,-1.7372241,-1.2472241,-1.2072241,-0.8372241,-0.027224122,0.04277588,1.3427758,2.452776,3.702776,4.5027757,5.822776,5.532776,6.202776,6.532776,8.022776,8.892776,8.102776,7.0027757,8.442776,8.852776,8.9327755,9.882776,10.502776,11.632776,12.592776,13.022776,13.462776,13.482776,13.942776,14.672776,14.252776,15.012775,14.842776,14.692776,15.142776,14.812776,13.592776,13.582776,11.462776,13.412776,10.992776,14.132776,13.712776,13.702776,13.102776,12.642776,11.352776,10.332776,9.312776,8.322776,7.7727757
-3.1972241,-0.45722413,-0.05722412,-0.6472241,-0.20722412,-0.51722413,0.61277586,1.4027759,1.7027758,2.6527758,3.1127758,3.182776,4.2727757,4.702776,5.312776,6.0227757,6.322776,6.352776,6.302776,5.572776,5.092776,8.132776,9.032776,8.172776,8.752776,8.472775,9.082776,10.202776,11.022776,11.732776,12.662776,13.582776,14.552776,14.942776,14.822776,14.9327755,15.252776,15.422776,13.842776,13.072776,12.442776,14.692776,11.472775,11.882776,11.362776,12.032776,10.532776,10.572776,10.872776,9.772776,11.812776,13.882776,13.352776,13.332776,11.902776,10.982776,9.962776,9.812776
3.8927758,4.2127757,3.6527758,2.232776,2.3227758,2.412776,3.192776,4.6927757,5.2727757,6.162776,5.872776,5.7327757,6.402776,6.382776,6.632776,5.4427757,5.122776,6.6927757,6.2127757,7.362776,8.022776,8.202776,8.382776,8.832776,8.962776,9.422776,9.662776,10.302776,11.082776,11.9327755,12.972775,14.072776,14.912776,15.442776,15.332776,15.002776,14.152776,13.222775,11.882776,10.962776,10.332776,12.302776,10.212776,11.022776,11.742776,11.522776,11.062776,11.302776,10.982776,12.692776,12.752776,9.452776,9.852776,12.472775,12.512775,12.282776,12.122776,11.592776
3.5327759,2.762776,2.3827758,3.182776,3.8627758,5.182776,5.262776,6.082776,6.662776,5.762776,6.072776,6.392776,8.332776,8.822776,8.392776,7.9227757,7.882776,7.722776,8.032776,8.442776,8.712776,8.992776,9.042776,9.252776,9.412776,9.462776,9.572776,10.272776,11.062776,12.122776,12.642776,12.922776,13.402776,13.652776,13.862776,13.942776,12.792776,9.452776,7.7327757,9.552776,9.412776,9.582776,10.442776,10.292776,10.322776,10.242776,11.622776,11.242776,11.042776,11.292776,10.9327755,10.442776,11.312776,11.212776,11.972775,11.202776,10.082776,11.722775
5.612776,7.652776,7.042776,7.682776,7.9427757,8.002776,8.292776,8.142776,8.582776,8.9327755,9.312776,9.562776,9.482776,9.152776,9.132776,9.202776,9.322776,9.462776,9.522776,9.842776,10.072776,9.922776,9.642776,9.612776,9.672776,9.702776,10.002776,10.362776,10.412776,11.202776,11.972775,10.872776,11.142776,13.052776,12.092776,11.382776,2.6227758,6.6927757,7.9827757,8.032776,8.4327755,7.802776,8.362776,8.372776,9.002776,9.742776,10.642776,12.122776,12.802776,13.612776,12.142776,12.292776,10.902776,11.462776,10.842776,8.742776,8.582776,12.412776
8.842776,9.022776,9.292776,9.622776,9.772776,10.152776,10.222775,10.292776,10.492776,10.572776,10.752776,10.832776,10.9327755,10.962776,10.792776,10.392776,10.332776,9.9327755,11.102776,11.112776,10.892776,10.832776,10.522776,10.122776,10.012775,9.372776,9.702776,9.902776,10.132776,10.622776,10.592776,11.482776,12.162776,13.142776,8.542776,5.2127757,6.362776,5.762776,3.8427758,5.652776,7.222776,8.422776,9.312776,9.822776,10.242776,11.202776,11.922776,12.572776,10.702776,11.642776,12.472775,11.942776,11.352776,11.812776,12.652776,12.632776,12.412776,12.742776
9.452776,9.702776,10.552776,11.052776,10.742776,11.022776,11.762775,11.732776,11.352776,11.292776,11.742776,11.812776,11.872776,11.842776,11.892776,11.942776,11.862776,11.642776,11.562776,11.542776,11.762775,11.702776,11.1827755,10.722775,9.842776,9.672776,9.702776,9.382776,9.422776,9.192776,9.402776,9.1827755,7.532776,9.452776,10.712776,0.9727759,2.922776,3.8327758,5.352776,6.402776,7.352776,8.792776,10.032776,10.952776,11.322776,12.122776,12.4327755,12.452776,11.972775,12.292776,12.1827755,12.082776,12.192776,13.302776,13.792776,14.282776,14.122776,13.422776
11.322776,11.062776,10.752776,10.982776,11.222775,12.702776,12.742776,12.452776,12.732776,12.912776,13.232776,13.752776,13.902776,13.592776,13.392776,13.152776,13.162776,13.112776,12.482776,11.952776,11.692776,12.062776,11.4327755,10.612776,10.252776,10.302776,10.042776,9.642776,8.782776,7.902776,7.1927757,7.6727757,8.912776,8.022776,5.642776,4.2527757,2.3627758,4.822776,6.2727757,7.372776,8.592776,9.6827755,10.612776,11.262775,12.042776,12.872776,12.022776,12.092776,11.782776,12.482776,13.302776,13.812776,13.882776,14.452776,14.872776,14.852776,15.212776,14.562776
13.702776,14.592776,13.752776,13.312776,14.052776,14.992776,14.862776,14.652776,14.022776,14.262775,14.552776,14.552776,14.672776,15.132776,15.112776,14.762775,14.072776,13.902776,13.022776,12.292776,12.222775,12.502776,11.752776,11.392776,10.902776,10.662776,10.172776,10.202776,9.662776,9.052776,9.022776,8.4327755,8.072776,8.732776,3.2827759,2.672776,2.982776,4.2127757,6.9627757,7.822776,8.572776,9.292776,9.852776,10.882776,10.992776,11.072776,11.272776,11.722775,11.992776,12.192776,13.192776,14.072776,14.502776,15.032776,15.802776,15.752776,15.622776,15.742776
14.4327755,15.002776,16.392776,16.352776,16.162775,16.232777,16.172775,16.142776,16.122776,15.982776,15.962776,15.422776,15.372776,15.472775,15.272776,15.022776,14.622776,14.042776,13.832776,12.852776,12.322776,12.952776,12.262775,11.092776,11.222775,10.462776,10.262775,8.702776,9.142776,9.312776,9.372776,8.212776,8.642776,6.2527757,4.052776,4.882776,5.202776,5.892776,7.0027757,8.812776,9.102776,9.522776,9.622776,10.382776,10.882776,11.362776,11.702776,12.452776,13.022776,13.732776,14.292776,14.372776,15.4327755,16.842775,16.612776,18.102776,18.062777,17.352776
15.4327755,15.982776,16.382776,16.962776,17.362776,17.562777,17.892776,17.652777,17.312777,16.872776,16.252775,15.562776,15.002776,14.152776,14.892776,15.512775,14.832776,14.462776,13.942776,12.112776,11.152776,9.952776,8.522776,5.492776,5.612776,6.332776,6.5027757,6.7727757,6.972776,7.0227757,7.132776,7.152776,7.152776,7.932776,7.362776,6.622776,6.642776,7.032776,7.652776,8.372776,8.792776,9.042776,10.922776,10.912776,10.072776,11.042776,11.112776,11.672776,12.572776,13.742776,15.212776,16.512775,17.472776,18.602776,18.962776,19.262775,19.162775,18.042776
12.512775,12.882776,14.292776,14.112776,15.922776,16.682775,17.172775,16.922775,15.882776,16.252775,15.602776,14.632776,14.352776,14.1827755,13.002776,13.362776,12.532776,12.542776,11.902776,10.712776,9.552776,7.6927757,4.242776,3.992776,5.622776,6.132776,6.242776,6.7327757,7.352776,7.652776,8.202776,8.122776,8.042776,7.5227757,8.452776,8.322776,8.232776,8.012775,7.952776,7.832776,8.082776,8.312776,8.652776,9.212776,9.622776,10.512775,10.902776,10.832776,10.942776,11.982776,13.402776,13.462776,13.782776,16.752775,15.712776,16.522776,16.932775,15.6827755
12.892776,12.972775,13.112776,13.402776,13.442776,13.632776,13.492776,13.402776,12.792776,12.322776,11.852776,11.362776,11.042776,11.392776,11.782776,11.602776,11.442776,11.722775,11.192776,10.702776,8.022776,4.9227757,3.772776,4.4427757,5.352776,5.852776,5.992776,6.4627757,6.9627757,7.352776,8.012775,8.012775,8.002776,7.582776,7.642776,7.822776,7.832776,7.302776,7.142776,7.1727757,7.182776,7.4227757,7.632776,7.872776,7.452776,7.682776,8.202776,8.4327755,9.652776,9.452776,9.652776,8.142776,5.362776,6.372776,5.802776,3.6027758,6.882776,5.432776
10.852776,10.912776,10.892776,10.712776,10.812776,11.402776,11.592776,12.062776,11.942776,11.612776,11.672776,11.372776,11.4327755,12.4327755,12.312776,12.232776,12.032776,11.092776,10.332776,6.452776,4.902776,4.122776,4.2127757,4.842776,4.532776,5.082776,5.222776,5.7327757,6.162776,6.532776,7.112776,6.9227757,6.812776,6.722776,7.0227757,7.132776,7.0227757,7.132776,7.092776,6.932776,6.622776,6.642776,7.072776,6.932776,6.802776,6.302776,6.162776,6.162776,5.892776,5.632776,4.992776,4.4827757,3.0827758,-1.9272242,-6.547224,4.162776,2.5427759,1.9327759
