json-data/2022072012.json
{"header": {"discipline":0,"disciplineName":"Meteorological products","gribEdition":2,"gribLength":79520,"center":7,"centerName":"US National Weather Service - NCEP(WMC)","subcenter":0,"refTime":"2022-07-20T12:00:00.000Z","significanceOfRT":1,"significanceOfRTName":"Start of forecast","productStatus":0,"productStatusName":"Operational products","productType":1,"productTypeName":"Forecast products","productDefinitionTemplate":0,"productDefinitionTemplateName":"Analysis/forecast at horizontal level/layer at a point in time","parameterCategory":2,"parameterCategoryName":"Momentum","parameterNumber":2,"parameterNumberName":"U-component_of_wind","parameterUnit":"m.s-1","genProcessType":2,"genProcessTypeName":"Forecast","forecastTime":0,"surface1Type":103,"surface1TypeName":"Specified height level above ground","surface1Value":10.0,"surface2Type":255,"surface2TypeName":"Missing","surface2Value":0.0,"gridDefinitionTemplate":0,"gridDefinitionTemplateName":"Latitude_Longitude","numberPoints":65160,"shape":6,"shapeName":"Earth spherical with radius of 6,371,229.0 m","gridUnits":"degrees","resolution":48,"winds":"true","scanMode":0,"nx":360,"ny":181,"basicAngle":0,"lo1":0.0,"la1":90.0,"lo2":359.0,"la2":-90.0,"dx":1.0,"dy":1.0}, "data":
[rows 0 to 24 of 181, columns 0 to 57 of 360]
-5.067986,-5.047986,-5.027986,-5.007986,-4.977986,-4.9479856,-4.917986,-4.8879857,-4.857986,-4.827986,-4.787986,-4.757986,-4.7179856,-4.6779857,-4.6379857,-4.5979857,-4.547986,-4.507986,-4.457986,-4.4079857,-4.3679857,-4.317986,-4.257986,-4.207986,-4.1579857,-4.0979857,-4.037986,-3.9879858,-3.927986,-3.8679857,-3.8079858,-3.7379858,-3.677986,-3.6079857,-3.5479858,-3.4779859,-3.407986,-3.3379858,-3.2679858,-3.197986,-3.127986,-3.0579858,-2.9779859,-2.907986,-2.8279858,-2.7579858,-2.677986,-2.5979857,-2.5179858,-2.437986,-2.3579857,-2.2779858,-2.197986,-2.1079857,-2.0279858,-1.9479859,-1.8579859,-1.7779858
-5.557986,-5.547986,-5.537986,-5.527986,-5.517986,-5.497986,-5.477986,-5.457986,-5.437986,-5.4079857,-5.377986,-5.3479857,-5.317986,-5.277986,-5.227986,-5.187986,-5.1379857,-5.087986,-5.027986,-4.9679856,-4.897986,-4.827986,-4.767986,-4.6979856,-4.6179857,-4.547986,-4.4679856,-4.4079857,-4.327986,-4.257986,-4.1779857,-4.0979857,-4.017986,-3.937986,-3.8479857,-3.7579858,-3.667986,-3.5679858,-3.4779859,-3.377986,-3.2879858,-3.197986,-3.1079857,-3.0079858,-2.917986,-2.8279858,-2.7379858,-2.647986,-2.5479858,-2.4679859,-2.377986,-2.2879858,-2.197986,-2.1179857,-2.0279858,-1.9179858,-1.8179859,-1.7079859
-5.6179857,-5.577986,-5.537986,-5.497986,-5.4679856,-5.4279857,-5.3879857,-5.357986,-5.317986,-5.267986,-5.2179856,-5.167986,-5.107986,-5.057986,-4.9879856,-4.9279857,-4.857986,-4.777986,-4.707986,-4.6379857,-4.577986,-4.527986,-4.477986,-4.4279857,-4.3679857,-4.307986,-4.227986,-4.1579857,-4.077986,-3.9779859,-3.877986,-3.7779858,-3.667986,-3.5679858,-3.4579859,-3.3379858,-3.2279859,-3.127986,-3.0279858,-2.917986,-2.8379858,-2.7479858,-2.667986,-2.5779858,-2.4979858,-2.417986,-2.3279858,-2.2079859,-2.0879858,-1.9579859,-1.8379859,-1.6979859,-1.5479858,-1.3979858,-1.2479858,-1.0979859,-0.9479858,-0.79798585
-5.107986,-5.107986,-5.077986,-5.037986,-4.9879856,-4.9479856,-4.9079857,-4.8679857,-4.827986,-4.777986,-4.757986,-4.727986,-4.687986,-4.647986,-4.587986,-4.537986,-4.477986,-4.397986,-4.307986,-4.1979856,-4.0979857,-4.027986,-3.9679859,-3.927986,-3.917986,-3.917986,-3.917986,-3.917986,-3.917986,-3.917986,-3.907986,-3.877986,-3.8379858,-3.7579858,-3.687986,-3.5979857,-3.4979858,-3.397986,-3.2979858,-3.197986,-3.1079857,-3.0179858,-2.887986,-2.7279859,-2.5779858,-2.427986,-2.2979858,-2.177986,-2.0579858,-1.9679859,-1.8679858,-1.7679858,-1.6479858,-1.5179858,-1.3479859,-1.1779858,-1.0179858,-0.8979858
-3.0579858,-2.927986,-2.8079858,-2.7779858,-2.7779858,-2.8079858,-2.8679857,-2.947986,-3.0479858,-3.187986,-3.3179858,-3.407986,-3.4679859,-3.4979858,-3.5279858,-3.5279858,-3.5079858,-3.4579859,-3.387986,-3.3079858,-3.2479858,-3.2279859,-3.2279859,-3.2579858,-3.2779858,-3.2879858,-3.2679858,-3.2179859,-3.167986,-3.127986,-3.0879858,-3.0479858,-3.0179858,-2.9979858,-3.0079858,-3.0479858,-3.0879858,-3.137986,-3.167986,-3.147986,-3.1079857,-3.0279858,-2.917986,-2.7779858,-2.647986,-2.5679858,-2.5279858,-2.4779859,-2.3479857,-2.177986,-2.0079858,-1.8779858,-1.7879858,-1.7379858,-1.6779858,-1.5879859,-1.4679859,-1.2879858
-1.8279859,-1.6279858,-1.4579859,-1.3379859,-1.3179859,-1.3579859,-1.4279858,-1.5679859,-1.6979859,-1.8179859,-1.9579859,-2.0779858,-2.147986,-2.157986,-2.157986,-2.137986,-2.1079857,-2.0779858,-1.9979858,-1.8979858,-1.7679858,-1.6379858,-1.4879858,-1.4579859,-1.4879858,-1.5579858,-1.6379858,-1.7379858,-1.8179859,-1.8179859,-1.7479858,-1.6679858,-1.6079859,-1.5979859,-1.6279858,-1.6579858,-1.6179858,-1.5479858,-1.4979858,-1.5279858,-1.6079859,-1.6979859,-1.7979858,-1.8479859,-1.8679858,-1.8779858,-1.8779858,-1.8879858,-1.9179858,-1.9479859,-1.9279858,-1.8079858,-1.6279858,-1.4479859,-1.3479859,-1.2779858,-1.2579858,-1.2079859
-1.0579858,-0.92798585,-0.81798583,-0.6979858,-0.60798585,-0.54798585,-0.55798584,-0.7079858,-0.98798585,-1.3079858,-1.5679859,-1.7179859,-1.6679858,-1.5379858,-1.3979858,-1.2579858,-1.1679858,-1.1379858,-1.2079859,-1.3579859,-1.4579859,-1.4579859,-1.4279858,-1.3279859,-1.1879859,-1.0879859,-1.0479858,-0.9479858,-0.80798584,-0.72798586,-0.75798583,-0.79798585,-0.79798585,-0.72798586,-0.6379858,-0.60798585,-0.75798583,-0.96798587,-1.0379858,-0.96798587,-0.93798584,-1.0879859,-1.2179859,-1.1679858,-1.0479858,-0.9479858,-0.93798584,-1.0679859,-1.3579859,-1.6479858,-1.6879859,-1.5479858,-1.5479858,-1.6379858,-1.5779859,-1.2579858,-0.97798586,-0.93798584
-0.5179858,0.04201416,0.43201417,0.75201416,0.9820142,1.1620141,1.2820141,1.3420142,1.3820142,1.4320141,1.4720142,1.1020142,0.52201414,0.20201416,0.25201416,0.38201416,0.30201417,-0.07798584,-0.55798584,-0.80798584,-1.0079858,-1.1979859,-1.3479859,-1.3979858,-1.2979858,-1.3179859,-1.3679858,-1.2879858,-1.1879859,-1.1379858,-1.1479858,-1.2479858,-1.2879858,-1.2179859,-1.0979859,-1.0179858,-0.91798586,-0.8279858,-0.98798585,-1.2779858,-1.4479859,-1.3879858,-1.1679858,-0.90798587,-1.0079858,-1.2779858,-1.4879858,-1.5179858,-1.3779858,-1.1979859,-1.1479858,-1.3179859,-1.5179858,-1.6479858,-1.9279858,-1.9279858,-1.4679859,-0.79798585
-1.5979859,-1.1379858,-0.7779858,-0.49798584,-0.18798584,0.16201416,0.49201417,0.57201415,0.6120142,0.84201413,1.0420141,1.1320142,1.0020142,0.8520142,1.0020142,1.1020142,1.1620141,1.2720141,1.3620142,1.0620141,0.62201416,0.20201416,-0.17798585,-0.54798585,-0.60798585,-0.18798584,0.05201416,0.28201416,-0.01798584,-0.6479858,-1.1179858,-1.4679859,-1.5379858,-1.4579859,-1.3079858,-1.1779858,-1.0979859,-1.3179859,-1.6279858,-1.7479858,-1.5679859,-1.2879858,-1.1579858,-1.1779858,-1.3079858,-1.2579858,-1.2179859,-1.2779858,-1.5379858,-1.6979859,-1.8479859,-2.2079859,-2.0779858,-1.6379858,-1.2779858,-1.3479859,-1.9179858,-1.6279858
-0.7679858,-0.60798585,-0.16798584,-0.10798584,-0.48798585,-0.31798583,-0.08798584,-0.03798584,-0.35798585,-0.40798584,-0.04798584,0.39201415,0.8020142,0.99201417,0.94201416,0.8020142,1.0120142,0.74201417,0.46201417,0.12201416,-0.37798584,-0.66798586,-0.8979858,-0.8379858,-0.55798584,-0.16798584,0.03201416,0.04201416,0.24201415,0.15201417,-0.81798583,-1.4279858,-0.85798585,-0.37798584,-0.53798586,-0.92798585,-1.2979858,-1.5479858,-1.8579859,-1.9779859,-1.9579859,-1.9079858,-1.6179858,-1.0679859,-0.61798584,-1.0579858,-2.157986,-2.9779859,-1.9479859,-2.1079857,-4.007986,-4.187986,-3.447986,-1.2679858,-0.54798585,-2.5779858,-2.7279859,-2.0679858
-0.35798585,-0.49798584,0.31201416,0.8620142,0.43201417,0.25201416,0.0020141602,-0.30798584,-0.5279858,-0.80798584,-0.80798584,-1.3979858,-2.1179857,-1.7379858,-0.6379858,0.13201416,-1.6679858,-3.9879858,-3.7179859,-1.5879859,-1.0479858,0.84201413,1.1220142,-0.41798583,-1.9379859,-0.31798583,2.082014,1.9220141,0.9820142,0.33201417,-0.19798584,-0.21798584,-0.14798585,-0.46798584,-1.0679859,-2.2079859,-2.697986,-2.7579858,-3.3379858,-4.067986,-4.397986,-4.457986,-4.857986,-5.507986,-6.287986,-7.1779857,-8.177986,-8.517986,-7.7179856,-6.767986,-7.307986,-8.797986,-9.467986,-8.887986,-8.447986,-8.917986,-8.837986,-7.067986
-0.61798584,-0.49798584,-0.04798584,-0.05798584,0.0020141602,0.03201416,0.20201416,0.59201413,0.74201417,0.59201413,-0.04798584,-1.3879858,-2.0079858,-1.3779858,0.41201416,0.9120142,-0.55798584,-1.5979859,1.0620141,0.5520142,-1.4679859,-2.397986,-2.7879858,-3.2879858,-3.5379858,-3.197986,-2.417986,-1.8179859,-2.0279858,-2.2979858,-2.2279859,-1.9279858,-1.9179858,-2.0779858,-2.3079858,-2.8079858,-3.137986,-2.9679859,-3.167986,-3.5879858,-3.437986,-3.8179858,-4.707986,-4.557986,-4.4679856,-4.4879856,-4.457986,-4.767986,-5.007986,-5.397986,-6.227986,-6.757986,-6.687986,-6.827986,-7.187986,-7.357986,-7.547986,-7.4279857
-0.50798583,-0.32798585,0.10201416,0.15201417,0.20201416,-0.04798584,-0.18798584,0.18201417,0.19201416,0.0020141602,0.27201417,0.69201416,0.59201413,-0.36798584,-0.50798583,0.40201417,-1.5679859,-1.9179858,-1.6679858,-1.9279858,-1.3579859,-0.62798584,-0.40798584,-0.9579858,-0.9479858,-1.5479858,-2.2679858,-2.417986,-2.3579857,-2.0979857,-1.7779858,-1.5279858,-1.4179858,-1.4479859,-1.7379858,-1.4879858,-1.4179858,-1.5079858,-1.9679859,-2.7079859,-2.667986,-1.9579859,-1.4779859,-1.5779859,-1.8879858,-2.377986,-2.887986,-3.2379858,-3.8479857,-4.1979856,-4.457986,-5.007986,-5.327986,-5.857986,-6.4679856,-6.547986,-6.7379856,-7.357986
-1.3979858,-1.3379859,-1.0479858,-0.71798587,-0.72798586,-0.74798584,-0.13798584,0.03201416,-0.15798584,0.01201416,0.99201417,1.3420142,0.30201417,0.14201416,1.6420141,0.89201415,-1.8879858,-1.5179858,-1.9379859,-2.427986,-2.3679857,-2.0379858,-2.2079859,-2.147986,-1.8979858,-1.5779859,-1.6579858,-2.2079859,-3.137986,-3.3279858,-2.8079858,-2.4979858,-2.4979858,-2.4979858,-2.407986,-2.3579857,-2.2979858,-2.5679858,-2.5679858,-2.0479858,-2.7779858,-3.127986,-2.5879858,-1.6479858,-0.91798586,-0.9479858,-1.2279859,-0.96798587,-0.66798586,-0.34798583,-0.46798584,-1.4179858,-2.647986,-3.4979858,-3.8179858,-4.1779857,-4.747986,-5.077986
-2.4779859,-2.7279859,-2.7779858,-2.8179858,-2.4779859,-2.0879858,-1.4979858,-0.56798583,-0.09798584,-0.13798584,-1.0779859,-2.3579857,-2.1079857,-1.1679858,-1.6679858,-2.437986,-2.7579858,-2.8179858,-2.2979858,-2.447986,-2.5179858,-2.157986,-1.8079858,-2.147986,-2.7579858,-2.8179858,-2.697986,-2.9579859,-3.0379858,-2.7079859,-2.667986,-3.137986,-2.947986,-2.447986,-2.2479858,-2.5479858,-3.0079858,-3.137986,-3.2379858,-3.2979858,-3.0679858,-2.947986,-2.7579858,-2.3079858,-1.9779859,-1.9179858,-1.3879858,-0.85798585,-0.80798584,-0.46798584,-0.28798583,-0.99798584,-1.3379859,-0.99798584,-0.80798584,-1.2879858,-2.5779858,-2.5179858
-3.907986,-3.5379858,-3.3579857,-3.3179858,-3.897986,-3.877986,-3.657986,-3.3579857,-2.7979858,-2.3579857,-2.177986,-1.3479859,-0.6479858,-0.35798585,-0.06798584,0.16201416,0.07201416,-0.81798583,-0.7079858,-0.93798584,-1.2479858,-1.2979858,-0.87798584,-1.0779859,-2.387986,-2.7579858,-2.647986,-2.157986,-1.8279859,-1.2679858,-1.5379858,-1.7479858,-1.8679858,-2.137986,-1.9979858,-2.147986,-2.127986,-2.2079859,-2.0679858,-1.9479859,-2.147986,-2.4779859,-2.917986,-2.8479857,-3.0779858,-3.0679858,-2.637986,-2.7179859,-2.5079858,-1.6979859,-1.1379858,-1.1379858,-1.5579858,-2.187986,-2.2779858,-1.2979858,0.78201413,-3.3679857
-4.357986,-4.457986,-4.5979857,-4.587986,-4.727986,-4.877986,-4.627986,-4.077986,-3.667986,-3.7679858,-3.7379858,-3.657986,-3.6079857,-3.0179858,-3.2979858,-2.697986,-1.9579859,-1.7379858,-1.8179859,-2.3379858,-2.2379858,-2.417986,-2.637986,-1.8679858,-2.5979857,-3.2579858,-2.0079858,-1.4079858,-0.6479858,-0.30798584,-1.5279858,-2.8679857,-2.947986,-2.917986,-2.6079857,-2.2979858,-2.1079857,-1.9179858,-1.6779858,-1.4879858,-1.7579858,-1.7579858,-1.8679858,-2.2379858,-2.5379858,-2.7179859,-2.7479858,-2.2979858,-2.0279858,-1.9179858,-2.157986,-2.0979857,-2.0279858,-1.9079858,-2.407986,-2.3379858,-2.2879858,-2.417986
-5.017986,-5.067986,-4.8679857,-4.7179856,-4.727986,-4.767986,-5.167986,-5.547986,-5.707986,-5.757986,-5.687986,-5.6179857,-5.577986,-5.4879856,-5.257986,-5.287986,-5.047986,-4.2179856,-3.7179859,-3.6079857,-3.7279859,-2.6079857,-1.8179859,-2.2979858,-2.397986,-2.7979858,-3.0279858,-4.167986,-3.8279858,-2.407986,-1.3679858,-2.7179859,-3.627986,-4.287986,-4.357986,-3.8679857,-3.4879858,-3.7679858,-3.407986,-2.947986,-2.4879858,-2.417986,-2.2879858,-2.0179858,-1.6779858,-1.3579859,-1.4879858,-1.0779859,-0.79798585,-1.1979859,-1.5979859,-1.3279859,-0.6479858,-0.62798584,-0.44798583,-2.2079859,-3.5079858,-4.937986
-5.337986,-5.757986,-5.777986,-5.8679857,-5.917986,-6.1579857,-5.9479856,-6.017986,-6.9079857,-6.877986,-6.6179857,-6.2179856,-6.017986,-5.627986,-5.4679856,-6.077986,-6.327986,-5.8879857,-5.767986,-5.647986,-5.527986,-5.1179857,-4.8679857,-4.287986,-3.2379858,-3.187986,-3.8679857,-5.037986,-5.327986,-3.7479858,-2.3579857,-4.9079857,-5.937986,-5.877986,-6.607986,-6.817986,-6.547986,-6.057986,-5.6579857,-5.437986,-4.757986,-3.947986,-3.0379858,-2.377986,-2.5579858,-2.5279858,-2.2679858,-2.0979857,-1.6479858,-0.50798583,0.39201415,0.58201414,-1.8079858,-6.147986,-7.687986,-6.577986,-3.0079858,-3.627986
-5.667986,-5.977986,-6.287986,-6.147986,-6.517986,-7.1979856,-7.187986,-7.397986,-7.6379857,-7.977986,-7.997986,-8.307986,-8.697986,-9.017986,-9.277986,-8.8579855,-8.727985,-8.6079855,-8.737986,-8.627986,-7.797986,-7.6379857,-7.577986,-7.3679857,-5.817986,-3.7479858,-3.7679858,-3.2479858,-3.377986,-2.9779859,-1.3179859,-2.697986,-4.287986,-5.9479856,-5.667986,-6.6179857,-7.8879857,-7.2379856,-6.827986,-6.6979856,-6.577986,-6.317986,-6.167986,-6.247986,-6.187986,-6.127986,-5.8879857,-5.207986,-4.9479856,-4.7179856,-4.8679857,-6.497986,-8.187985,-8.057986,-9.427986,-7.727986,-5.087986,-3.127986
-5.747986,-5.457986,-5.817986,-5.997986,-6.2179856,-6.6979856,-7.227986,-7.567986,-7.777986,-8.297986,-8.807986,-9.177986,-9.097986,-8.727985,-8.577986,-8.377986,-7.6579857,-6.977986,-4.417986,-4.1979856,-2.4679859,-4.917986,-3.8379858,-0.07798584,0.6720142,-0.13798584,-0.99798584,-2.3379858,0.17201416,-3.3079858,-0.61798584,-2.0479858,-2.7279859,-3.137986,-4.937986,-4.9679856,-6.5979857,-6.877986,-7.417986,-7.167986,-7.167986,-7.577986,-8.217986,-8.707986,-8.647985,-7.8879857,-7.037986,-6.6579857,-6.6379857,-6.4279857,-6.397986,-6.997986,-8.557986,-9.527986,-9.747986,-9.347986,-8.837986,-7.937986
-8.257986,-7.897986,-6.497986,-8.057986,-8.067986,-7.227986,-6.747986,-6.497986,-6.577986,-6.207986,-5.067986,-5.357986,-4.3879857,-3.5079858,-3.7679858,-4.187986,-3.8279858,-4.8479857,-3.2279859,-3.937986,-2.0279858,-3.3279858,-1.9879858,-1.9179858,-3.5479858,-1.3979858,-2.8579857,-1.8079858,-1.4179858,-1.6779858,-2.5879858,-1.0079858,-2.387986,-1.6379858,-3.9579859,-5.4679856,-6.077986,-4.607986,-4.827986,-6.827986,-7.207986,-7.857986,-8.637986,-8.407986,-9.467986,-8.737986,-8.047986,-6.4679856,-7.807986,-8.597986,-8.047986,-8.727985,-8.997986,-9.037986,-8.427986,-7.817986,-6.877986,-6.527986
-7.517986,-8.057986,-9.377986,-9.797986,-9.297986,-9.167986,-8.917986,-9.167986,-8.867986,-7.6779857,-6.6979856,-4.707986,-2.657986,-6.337986,-2.887986,-0.03798584,-2.7079859,-2.687986,-2.137986,-2.0779858,-1.3279859,-0.02798584,-2.8379858,-1.7879858,-2.427986,-1.1279858,-0.9579858,-0.81798583,-0.71798587,0.13201416,-0.28798583,1.0720142,-0.78798586,-0.5879858,-2.447986,-4.8679857,-6.7379856,-6.1979856,-6.377986,-5.4679856,-2.8179858,-4.727986,-5.9879856,-7.047986,-9.477985,-10.017986,-8.137986,-9.427986,-9.317986,-8.627986,-6.6579857,-6.827986,-6.797986,-5.877986,-4.7179856,-6.147986,-5.287986,-5.067986
2.4920142,3.352014,4.5520144,5.1120143,4.102014,3.5120142,1.9720142,1.1920142,2.6920142,2.102014,1.8320142,1.7420142,1.4420142,0.8520142,-2.8579857,-2.2179859,-3.4679859,-2.7779858,0.74201417,1.2820141,1.4820142,0.6620142,0.83201414,0.53201413,-0.36798584,-0.23798583,0.75201416,1.0020142,0.10201416,1.1220142,0.01201416,0.63201416,-0.85798585,0.26201415,-2.7579858,-3.6079857,-4.767986,-6.4879856,-6.8879857,-8.447986,-7.2179856,-4.877986,-1.9679859,-7.567986,-8.657986,-7.687986,-6.787986,-4.9679856,-9.367986,-9.427986,-8.167986,-7.3879857,-6.707986,-6.457986,-6.067986,-4.957986,-5.277986,-4.4879856
3.2320142,3.7720141,4.1520143,4.812014,5.582014,6.122014,7.412014,9.182014,7.492014,5.172014,4.6320143,3.592014,3.4020143,-3.3479857,-1.8779858,-1.5279858,-1.0079858,0.45201415,0.46201417,2.622014,0.6120142,1.1020142,2.1820142,1.6920142,1.9820142,1.2920141,1.7220142,0.93201417,1.4220141,1.6920142,1.0620141,2.1420143,0.19201416,-0.28798583,-0.8279858,2.8920143,-2.4679859,-3.417986,-6.547986,-8.757986,-6.9879856,-4.627986,-4.5979857,-6.007986,-4.5979857,-2.7379858,-2.0979857,-3.7979858,-4.1379857,-4.607986,-4.1779857,-1.7679858,-0.84798586,-0.39798585,-3.7779858,-4.107986,-3.897986,-6.067986
