json-data/2022072812.json
{"header": {"discipline":0,"disciplineName":"Meteorological products","gribEdition":2,"gribLength":47894,"center":7,"centerName":"US National Weather Service - NCEP(WMC)","subcenter":0,"refTime":"2022-07-28T12:00:00.000Z","significanceOfRT":1,"significanceOfRTName":"Start of forecast","productStatus":0,"productStatusName":"Operational products","productType":1,"productTypeName":"Forecast products","productDefinitionTemplate":0,"productDefinitionTemplateName":"Analysis/forecast at horizontal level/layer at a point in time","parameterCategory":0,"parameterCategoryName":"Temperature","parameterNumber":0,"parameterNumberName":"Temperature","parameterUnit":"K","genProcessType":2,"genProcessTypeName":"Forecast","forecastTime":0,"surface1Type":1,"surface1TypeName":"Ground or water surface","surface1Value":0.0,"surface2Type":255,"surface2TypeName":"Missing","surface2Value":0.0,"gridDefinitionTemplate":0,"gridDefinitionTemplateName":"Latitude_Longitude","numberPoints":65160,"shape":6,"shapeName":"Earth spherical with radius of 6,371,229.0 m","gridUnits":"degrees","resolution":48,"winds":"true","scanMode":0,"nx":360,"ny":181,"basicAngle":0,"lo1":0.0,"la1":90.0,"lo2":359.0,"la2":-90.0,"dx":1.0,"dy":1.0}, "data":
[rows 0 to 25 of 181, columns 60 to 119 of 360]
272.87054,272.87054,272.87054,272.87054,272.87054,272.87054,272.87054,272.87054,272.87054,272.87054,272.87054,272.87054,272.87054,272.87054,272.87054,272.87054,272.87054,272.87054,272.87054,272.87054,272.87054,272.87054,272.87054,272.87054,272.87054,272.87054,272.87054,272.87054,272.87054,272.87054,272.87054,272.87054,272.87054,272.87054,272.87054,272.87054,272.87054,272.87054,272.87054,272.87054,272.87054,272.87054,272.87054,272.87054,272.87054,272.87054,272.87054,272.87054,272.87054,272.87054,272.87054,272.87054,272.87054,272.87054,272.87054,272.87054,272.87054,272.87054,272.87054,272.87054
272.67056,272.67056,272.67056,272.67056,272.77057,272.77057,272.77057,272.77057,272.77057,272.77057,272.77057,272.77057,272.77057,272.77057,272.77057,272.77057,272.77057,272.77057,272.77057,272.77057,272.77057,272.77057,272.77057,272.77057,272.77057,272.77057,272.77057,272.77057,272.67056,272.67056,272.67056,272.67056,272.67056,272.67056,272.67056,272.67056,272.67056,272.67056,272.67056,272.67056,272.67056,272.67056,272.67056,272.67056,272.67056,272.67056,272.77057,272.77057,272.77057,272.77057,272.77057,272.77057,272.77057,272.77057,272.77057,272.87054,272.87054,272.87054,272.87054,272.87054
272.87054,272.87054,272.77057,272.77057,272.77057,272.87054,272.87054,272.87054,272.87054,272.77057,272.77057,272.77057,272.77057,272.87054,272.87054,272.87054,272.87054,272.87054,272.87054,272.87054,272.87054,272.87054,272.87054,272.87054,272.87054,272.87054,272.87054,272.87054,272.87054,272.87054,272.87054,272.87054,272.87054,272.87054,272.87054,272.87054,272.87054,272.87054,272.87054,272.97055,272.97055,272.97055,272.97055,272.87054,272.87054,272.87054,272.87054,272.87054,272.87054,272.87054,272.87054,272.87054,272.87054,272.87054,272.87054,272.87054,272.87054,272.87054,272.87054,272.87054
272.97055,272.97055,272.87054,272.87054,272.87054,272.87054,272.87054,272.87054,272.87054,272.87054,272.87054,272.77057,272.77057,272.77057,272.77057,272.77057,272.77057,272.77057,272.77057,272.77057,272.77057,272.77057,272.77057,272.67056,272.67056,272.77057,272.77057,272.77057,272.77057,272.57056,272.57056,272.57056,272.57056,272.57056,272.57056,272.57056,272.57056,272.57056,272.67056,272.67056,272.67056,272.67056,272.67056,272.57056,272.57056,272.57056,272.57056,272.57056,272.57056,272.57056,272.57056,272.67056,272.57056,272.67056,272.67056,272.67056,272.77057,272.77057,272.77057,272.77057
272.87054,272.97055,272.97055,272.87054,272.87054,272.87054,272.87054,272.87054,272.87054,272.87054,272.77057,272.87054,272.87054,272.87054,272.87054,272.87054,272.87054,272.87054,272.87054,272.87054,272.97055,272.97055,272.87054,272.87054,272.97055,272.97055,272.97055,272.97055,272.97055,272.97055,272.97055,272.97055,272.87054,272.87054,272.87054,272.87054,272.77057,272.77057,272.77057,272.77057,272.77057,272.77057,272.77057,272.77057,272.87054,272.87054,272.87054,272.87054,272.87054,272.87054,272.87054,272.87054,272.87054,272.87054,272.87054,272.87054,272.87054,272.87054,272.87054,272.87054
272.67056,272.77057,272.77057,272.77057,272.77057,272.77057,272.77057,272.77057,272.87054,272.87054,272.77057,272.77057,272.77057,272.77057,272.77057,272.77057,272.77057,272.77057,272.77057,272.77057,272.87054,272.87054,272.87054,272.87054,272.87054,272.87054,272.97055,272.97055,272.97055,272.97055,272.97055,272.97055,272.97055,272.97055,272.97055,272.97055,272.97055,272.97055,272.97055,272.97055,272.97055,272.97055,272.97055,272.97055,272.97055,272.97055,272.87054,272.87054,272.87054,272.87054,272.87054,272.87054,272.87054,272.67056,272.67056,272.67056,272.67056,272.67056,272.67056,272.77057
272.87054,272.87054,272.87054,272.87054,272.87054,272.87054,272.87054,272.87054,272.87054,272.87054,272.87054,272.87054,272.77057,272.87054,272.77057,272.77057,272.77057,272.77057,272.77057,272.77057,272.77057,272.77057,272.77057,272.77057,272.87054,272.87054,272.87054,272.87054,272.87054,272.87054,272.87054,272.87054,272.87054,272.87054,272.87054,272.87054,272.87054,272.97055,272.97055,272.97055,272.97055,273.07056,273.07056,273.07056,273.07056,273.07056,273.07056,273.07056,272.97055,272.97055,272.97055,272.97055,272.97055,272.97055,272.97055,272.97055,272.97055,272.97055,272.87054,272.87054
272.77057,272.67056,272.77057,272.77057,272.77057,272.77057,272.77057,272.77057,272.77057,272.77057,272.77057,272.87054,272.77057,272.77057,272.77057,272.77057,272.77057,272.77057,272.77057,272.77057,272.87054,272.87054,272.77057,272.87054,272.87054,272.87054,272.77057,272.77057,272.77057,272.67056,272.77057,272.77057,272.77057,272.87054,272.87054,272.87054,272.87054,272.77057,272.87054,272.87054,272.87054,272.97055,272.97055,272.97055,272.97055,272.97055,272.97055,272.97055,273.07056,273.07056,273.07056,272.97055,273.07056,273.07056,272.97055,272.97055,272.97055,272.97055,272.97055,272.97055
273.27057,273.17056,272.87054,272.57056,272.57056,272.67056,272.37054,272.67056,272.67056,272.67056,272.67056,272.67056,272.57056,272.47055,272.37054,272.27057,272.27057,272.37054,272.57056,272.67056,272.67056,272.57056,272.57056,272.67056,272.67056,272.77057,272.87054,272.87054,272.87054,272.77057,272.57056,271.97055,272.17056,272.37054,272.17056,272.17056,272.57056,272.67056,272.77057,272.77057,272.87054,272.87054,272.87054,272.87054,272.87054,272.87054,272.97055,273.07056,273.07056,272.97055,272.97055,272.97055,272.97055,272.97055,272.97055,272.97055,272.97055,272.97055,272.97055,272.97055
273.47055,273.27057,273.57056,273.47055,273.27057,273.17056,273.37054,273.27057,273.47055,273.57056,273.57056,274.07056,272.87054,272.77057,273.27057,273.47055,271.97055,272.27057,272.27057,272.27057,272.57056,272.47055,272.67056,272.67056,272.67056,272.77057,272.77057,272.77057,272.67056,272.67056,272.77057,272.57056,272.57056,272.57056,273.07056,273.17056,273.17056,271.97055,272.57056,272.37054,272.47055,272.77057,272.77057,272.77057,272.87054,272.87054,272.87054,272.87054,272.97055,272.87054,272.87054,273.07056,273.07056,273.07056,272.97055,272.97055,272.97055,272.97055,272.97055,272.97055
274.67056,274.57056,274.57056,274.47055,275.37054,274.47055,273.97055,273.97055,273.97055,274.07056,274.47055,274.07056,274.67056,274.17056,274.37054,274.37054,274.27057,274.17056,271.77057,271.97055,272.27057,272.57056,272.67056,272.67056,272.67056,272.67056,272.67056,272.67056,272.57056,272.57056,272.37054,272.27057,273.77057,273.17056,273.07056,273.17056,273.17056,273.17056,273.07056,273.07056,272.97055,272.77057,272.67056,272.77057,272.47055,272.57056,272.67056,272.87054,272.87054,272.87054,272.97055,273.07056,272.97055,272.87054,272.87054,272.97055,272.97055,272.97055,272.97055,272.97055
275.27057,275.27057,275.67056,276.17056,275.57056,274.97055,274.87054,274.67056,274.47055,274.37054,274.27057,274.27057,275.07056,275.17056,275.17056,275.07056,275.07056,274.97055,274.87054,274.77057,274.87054,274.47055,274.97055,271.87054,272.07056,272.07056,271.67056,272.87054,272.87054,272.77057,272.77057,271.87054,272.17056,272.67056,272.57056,272.47055,273.17056,275.67056,276.17056,273.17056,272.07056,272.77057,281.77057,284.37054,286.07056,272.37054,272.17056,272.57056,272.87054,273.07056,272.67056,272.97055,273.07056,272.87054,272.97055,272.87054,272.97055,272.97055,272.97055,272.97055
276.07056,276.17056,276.07056,276.17056,275.57056,276.07056,276.07056,276.07056,275.97055,275.87054,275.77057,275.97055,275.87054,275.67056,275.67056,275.67056,275.67056,275.57056,275.57056,275.47055,275.37054,275.17056,275.07056,275.17056,275.07056,274.97055,274.97055,274.47055,273.17056,273.27057,273.57056,273.47055,273.37054,273.07056,272.97055,273.17056,272.87054,272.87054,272.57056,272.67056,275.17056,272.07056,272.17056,272.07056,273.27057,272.87054,273.47055,273.47055,273.87054,273.77057,273.87054,274.07056,273.57056,273.97055,273.77057,273.17056,272.47055,271.77057,272.37054,272.77057
277.47055,277.57056,277.27057,277.37054,277.27057,277.27057,277.07056,276.07056,278.77057,276.87054,277.07056,277.17056,277.07056,277.47055,277.47055,276.97055,276.77057,276.47055,276.37054,276.27057,276.07056,275.97055,275.87054,275.67056,275.47055,275.57056,272.47055,271.47055,272.87054,272.67056,272.07056,271.87054,273.37054,273.37054,273.27057,273.27057,273.27057,272.17056,273.37054,272.97055,273.47055,272.57056,282.17056,283.77057,286.27057,286.67056,276.27057,276.57056,272.37054,274.57056,274.67056,274.67056,274.47055,274.47055,274.47055,274.37054,274.07056,274.07056,274.97055,274.27057
277.07056,273.87054,273.17056,273.17056,273.17056,273.17056,283.37054,279.07056,277.77057,277.97055,278.07056,278.07056,277.87054,277.87054,277.77057,277.77057,277.57056,277.37054,277.37054,277.37054,277.17056,277.07056,276.87054,276.27057,276.07056,275.97055,275.77057,273.87054,274.07056,273.67056,274.47055,273.27057,273.37054,272.87054,286.57056,287.47055,273.07056,283.27057,276.27057,285.87054,285.77057,287.87054,287.37054,288.27057,289.37054,287.67056,288.37054,289.07056,287.57056,289.67056,290.77057,291.67056,291.27057,291.47055,275.67056,275.27057,275.57056,275.27057,274.97055,275.07056
279.87054,276.67056,276.87054,278.37054,278.27057,278.17056,278.17056,278.27057,278.77057,278.87054,279.07056,279.47055,279.27057,279.17056,279.17056,279.27057,279.17056,278.97055,278.87054,278.47055,278.07056,277.97055,277.47055,276.97055,276.97055,276.37054,274.67056,273.57056,288.77057,288.27057,287.77057,286.77057,285.67056,285.17056,285.57056,286.57056,287.87054,288.47055,288.77057,287.87054,290.27057,289.27057,289.57056,291.47055,287.17056,291.37054,291.47055,291.97055,292.27057,292.17056,292.37054,292.57056,291.77057,281.17056,272.67056,273.57056,274.37054,275.67056,274.67056,275.97055
278.37054,278.17056,278.17056,278.47055,278.77057,278.87054,279.27057,279.57056,280.07056,280.27057,280.27057,280.37054,280.57056,280.57056,280.37054,280.17056,279.87054,279.57056,279.37054,279.07056,278.57056,278.07056,277.37054,276.97055,276.07056,275.37054,274.87054,277.07056,290.17056,289.67056,288.67056,287.67056,288.57056,288.87054,287.57056,287.17056,287.87054,292.37054,292.87054,292.87054,292.97055,293.67056,293.07056,292.27057,292.57056,292.67056,293.77057,290.97055,293.27057,278.77057,283.67056,274.47055,271.77057,272.67056,272.27057,271.47055,275.17056,275.07056,275.37054,275.57056
278.17056,278.37054,278.47055,278.67056,278.97055,279.37054,279.77057,280.07056,279.87054,279.07056,278.77057,278.57056,279.07056,279.57056,278.97055,277.97055,277.17056,277.17056,277.47055,279.97055,277.47055,283.57056,285.77057,289.67056,290.37054,292.17056,292.47055,292.57056,292.27057,291.27057,290.97055,290.07056,289.37054,289.87054,290.97055,291.97055,293.17056,293.67056,293.97055,291.77057,290.97055,294.97055,296.07056,295.67056,295.47055,291.17056,285.27057,294.97055,294.57056,294.67056,294.07056,293.47055,293.57056,293.27057,293.97055,292.97055,291.97055,291.57056,290.17056,287.07056
277.97055,278.27057,278.37054,278.57056,278.97055,279.57056,279.67056,279.67056,278.37054,286.67056,288.27057,290.17056,294.97055,276.77057,276.57056,288.67056,275.97055,275.77057,280.77057,286.67056,286.67056,278.47055,277.97055,291.67056,291.87054,292.37054,291.57056,291.77057,291.77057,292.27057,292.37054,291.37054,291.87054,292.97055,293.47055,294.17056,293.37054,291.07056,292.67056,294.97055,293.97055,295.27057,295.17056,294.57056,293.57056,292.67056,292.17056,292.57056,292.67056,292.57056,294.87054,295.47055,295.37054,294.97055,295.07056,294.07056,293.67056,293.37054,293.37054,293.27057
278.17056,278.17056,278.37054,278.77057,279.27057,279.37054,278.87054,287.67056,292.07056,293.07056,293.67056,293.87054,294.47055,275.97055,284.47055,289.77057,288.07056,292.67056,284.57056,289.77057,290.97055,294.37054,294.87054,277.77057,292.17056,292.37054,292.27057,293.07056,292.57056,292.47055,292.87054,293.07056,293.77057,293.37054,294.07056,292.17056,289.67056,290.87054,293.87054,296.67056,292.87054,295.17056,293.97055,293.57056,294.27057,293.07056,293.47055,293.77057,291.77057,290.97055,290.67056,291.87054,294.87054,295.07056,295.07056,295.07056,295.37054,295.77057,295.37054,295.47055
296.07056,278.07056,277.97055,278.47055,278.67056,278.97055,278.47055,277.67056,294.07056,295.67056,295.37054,293.37054,294.17056,276.27057,291.07056,288.77057,292.27057,293.47055,293.97055,294.67056,294.87054,295.07056,294.57056,277.57056,293.47055,292.67056,292.67056,292.17056,293.07056,292.17056,291.37054,290.77057,288.57056,288.37054,287.67056,289.87054,290.27057,289.87054,288.67056,291.97055,294.97055,297.27057,293.87054,295.17056,294.77057,295.87054,295.27057,294.07056,293.77057,291.97055,291.87054,292.37054,295.17056,294.97055,295.97055,296.37054,298.67056,298.17056,297.97055,297.07056
278.87054,282.87054,297.57056,296.87054,297.97055,295.97055,285.87054,276.97055,276.57056,291.77057,294.47055,293.97055,294.57056,276.67056,280.57056,275.57056,279.97055,282.27057,292.87054,292.87054,294.57056,295.07056,293.77057,293.57056,293.37054,292.37054,292.77057,291.67056,291.07056,292.87054,292.97055,292.67056,294.97055,293.27057,290.47055,293.17056,289.67056,291.47055,289.57056,292.47055,294.47055,295.47055,295.07056,296.07056,296.47055,295.77057,295.57056,295.97055,297.27057,297.77057,299.37054,298.57056,298.87054,298.67056,298.67056,299.37054,300.07056,299.67056,300.97055,299.07056
298.87054,297.77057,296.67056,294.87054,296.17056,295.27057,294.37054,294.17056,291.87054,291.07056,289.67056,279.77057,296.37054,289.07056,276.87054,291.97055,293.47055,293.47055,294.17056,293.87054,294.37054,293.87054,293.47055,293.47055,292.37054,291.97055,292.67056,292.57056,276.47055,293.27057,290.87054,291.87054,292.87054,293.97055,294.97055,294.07056,292.87054,292.17056,290.27057,292.67056,292.67056,294.27057,295.07056,294.97055,294.37054,295.27057,294.87054,298.37054,295.37054,294.37054,300.77057,300.77057,301.07056,301.57056,301.47055,300.17056,300.47055,301.27057,300.97055,298.87054
296.97055,297.67056,297.57056,296.47055,295.97055,295.47055,296.57056,298.27057,300.27057,300.57056,299.37054,299.07056,283.67056,278.07056,290.17056,291.87054,293.27057,295.67056,294.97055,294.17056,294.27057,293.77057,293.27057,292.57056,292.47055,292.97055,293.27057,290.87054,293.27057,294.67056,294.77057,294.47055,293.57056,294.27057,293.37054,294.47055,295.17056,291.47055,292.57056,290.67056,290.97055,292.67056,292.67056,293.97055,294.47055,296.47055,296.97055,297.67056,298.47055,301.27057,301.97055,301.17056,300.27057,301.17056,300.07056,300.27057,300.17056,299.57056,298.87054,297.37054
299.97055,298.67056,297.57056,296.07056,300.47055,299.57056,300.07056,300.47055,300.77057,300.27057,298.27057,293.17056,295.37054,298.37054,297.77057,296.97055,296.57056,294.87054,295.77057,294.77057,294.57056,293.87054,293.07056,294.17056,293.17056,291.77057,291.77057,292.87054,294.57056,294.47055,293.97055,294.97055,294.67056,292.97055,293.17056,295.67056,293.87054,292.37054,294.17056,293.07056,293.17056,293.97055,294.67056,295.67056,296.37054,296.27057,295.87054,300.27057,299.37054,298.77057,298.77057,298.27057,299.57056,299.77057,299.17056,299.07056,297.17056,297.27057,296.17056,296.67056
295.77057,295.07056,298.37054,299.67056,301.07056,299.97055,301.77057,299.87054,300.37054,300.27057,299.17056,299.67056,299.97055,299.67056,298.47055,298.77057,296.67056,296.67056,295.57056,293.77057,293.37054,293.57056,293.27057,292.87054,291.07056,289.47055,288.87054,292.27057,295.17056,292.07056,293.37054,293.57056,293.87054,293.97055,294.47055,293.67056,293.87054,294.07056,293.57056,294.37054,295.27057,293.57056,294.37054,297.77057,295.87054,296.27057,297.57056,298.97055,298.27057,298.77057,298.17056,297.17056,298.17056,297.17056,297.07056,297.17056,296.37054,295.97055,295.97055,295.97055
