json-data/2022072418.json
{"header": {"discipline":0,"disciplineName":"Meteorological products","gribEdition":2,"gribLength":79265,"center":7,"centerName":"US National Weather Service - NCEP(WMC)","subcenter":0,"refTime":"2022-07-24T18:00:00.000Z","significanceOfRT":1,"significanceOfRTName":"Start of forecast","productStatus":0,"productStatusName":"Operational products","productType":1,"productTypeName":"Forecast products","productDefinitionTemplate":0,"productDefinitionTemplateName":"Analysis/forecast at horizontal level/layer at a point in time","parameterCategory":2,"parameterCategoryName":"Momentum","parameterNumber":2,"parameterNumberName":"U-component_of_wind","parameterUnit":"m.s-1","genProcessType":2,"genProcessTypeName":"Forecast","forecastTime":0,"surface1Type":103,"surface1TypeName":"Specified height level above ground","surface1Value":10.0,"surface2Type":255,"surface2TypeName":"Missing","surface2Value":0.0,"gridDefinitionTemplate":0,"gridDefinitionTemplateName":"Latitude_Longitude","numberPoints":65160,"shape":6,"shapeName":"Earth spherical with radius of 6,371,229.0 m","gridUnits":"degrees","resolution":48,"winds":"true","scanMode":0,"nx":360,"ny":181,"basicAngle":0,"lo1":0.0,"la1":90.0,"lo2":359.0,"la2":-90.0,"dx":1.0,"dy":1.0}, "data":
[rows 104 to 129 of 181, columns 177 to 235 of 360]
-8.710459,-7.830459,-7.450459,-5.400459,-5.620459,-6.910459,-8.020459,-7.840459,-7.090459,-7.630459,-8.120459,-7.480459,-7.320459,-7.450459,-6.640459,-6.600459,-5.520459,-3.140459,-0.670459,-1.0204589,-0.600459,0.069541015,0.379541,0.929541,4.679541,1.919541,1.609541,1.819541,1.959541,0.799541,0.609541,-0.14045899,-0.960459,-1.000459,-2.150459,-2.430459,-3.430459,-4.410459,-4.2104588,-5.470459,-4.900459,-5.390459,-6.420459,-5.310459,-7.580459,-8.430459,-7.820459,-6.370459,-6.4604588,-6.670459,-7.510459,-7.990459,-8.200459,-9.120459,-8.060459,-6.980459,-8.200459,-8.140459,-7.160459
-7.070459,-8.340459,-7.2104588,-6.690459,-8.200459,-8.560459,-8.530459,-8.040459,-8.170459,-8.250459,-8.220459,-7.560459,-6.830459,-6.7104588,-6.580459,-6.840459,-7.000459,-5.820459,-5.540459,-4.530459,-1.430459,0.959541,1.119541,1.959541,1.989541,1.769541,2.699541,4.029541,4.059541,3.489541,3.079541,1.709541,0.839541,0.479541,-0.24045898,-0.530459,-2.570459,-3.360459,-3.940459,-3.850459,-5.080459,-4.580459,-5.280459,-5.180459,-7.580459,-6.780459,-7.550459,-7.170459,-6.980459,-6.470459,-7.650459,-7.480459,-7.270459,-7.640459,-8.440459,-6.010459,-7.770459,-7.930459,-7.370459
-7.080459,-7.100459,-6.950459,-6.520459,-8.240459,-8.940459,-9.490459,-9.410459,-8.700459,-8.670459,-8.520459,-7.590459,-6.830459,-6.320459,-6.020459,-6.150459,-5.720459,-6.820459,-4.900459,-3.880459,-4.250459,-4.340459,-3.220459,-2.020459,0.63954103,2.349541,3.729541,3.839541,3.739541,3.599541,3.539541,4.199541,3.509541,2.6595411,1.539541,1.159541,-0.490459,-1.840459,-2.720459,-2.8404589,-4.150459,-3.800459,-4.590459,-5.170459,-5.770459,-6.100459,-6.7104588,-6.990459,-7.070459,-7.750459,-7.780459,-6.700459,-7.120459,-6.900459,-7.300459,-7.160459,-8.240459,-9.410459,-8.070459
-7.060459,-7.440459,-6.070459,-8.670459,-9.640459,-10.070459,-10.370459,-10.290459,-8.870459,-7.690459,-6.910459,-6.650459,-5.760459,-5.680459,-5.100459,-5.820459,-5.510459,-4.4604588,-3.870459,-3.310459,-3.920459,-4.390459,-4.2104588,-3.630459,-3.020459,-1.570459,-2.000459,1.129541,4.229541,3.589541,3.199541,4.179541,4.739541,3.559541,2.549541,3.249541,1.499541,-0.38045898,-0.99045897,-1.0204589,-2.710459,-3.040459,-4.380459,-4.480459,-5.050459,-5.150459,-6.410459,-6.310459,-6.360459,-7.440459,-7.480459,-7.250459,-7.530459,-6.660459,-6.770459,-8.810459,-8.970459,-9.370459,-8.570459
-1.930459,-1.130459,-7.480459,-8.280459,-8.670459,-9.760459,-10.320459,-9.470459,-7.270459,-5.990459,-6.640459,-6.520459,-5.910459,-5.9604588,-5.950459,-4.620459,-4.980459,-3.010459,-3.300459,-2.360459,-2.390459,-2.660459,-1.980459,-2.490459,-2.130459,-1.800459,-1.890459,-0.35045898,-0.050458983,2.389541,4.479541,4.7895412,5.309541,5.519541,5.009541,3.959541,3.4095411,2.329541,1.089541,0.849541,-0.530459,-2.150459,-2.270459,-3.540459,-3.780459,-3.950459,-5.110459,-5.580459,-5.740459,-7.020459,-7.490459,-7.060459,-7.900459,-5.870459,-6.260459,-7.250459,-8.520459,-9.120459,-7.950459
-7.930459,-7.230459,-7.350459,-9.000459,-9.850459,-9.750459,-9.180459,-7.7104588,-7.740459,-7.650459,-6.980459,-6.800459,-6.230459,-6.800459,-5.870459,-6.040459,-4.930459,-4.110459,-4.400459,-3.180459,-2.780459,-1.160459,-1.320459,-0.690459,0.16954102,-0.460459,-0.21045898,-0.400459,0.319541,1.669541,1.629541,5.009541,5.549541,6.0395412,6.159541,5.489541,5.169541,4.529541,3.799541,2.999541,1.679541,0.12954101,-0.920459,-1.690459,-2.910459,-2.810459,-3.970459,-4.9604588,-5.030459,-6.340459,-6.150459,-6.700459,-6.240459,-5.950459,-5.940459,-7.380459,-8.230459,-8.660459,-6.860459
-6.760459,-7.170459,-8.660459,-8.110459,-7.560459,-7.380459,-7.700459,-7.690459,-8.000459,-8.260459,-8.000459,-7.780459,-6.190459,-7.500459,-7.820459,-6.040459,-4.680459,-4.360459,-2.640459,-2.230459,-2.420459,-2.550459,-2.430459,-0.510459,-0.040458985,1.409541,1.379541,2.619541,3.309541,3.229541,1.339541,1.839541,2.929541,6.299541,6.549541,6.129541,5.929541,5.499541,5.439541,4.5395412,2.239541,1.819541,0.779541,0.24954101,-0.600459,-1.440459,-1.820459,-2.390459,-4.280459,-4.470459,-5.350459,-4.550459,-5.110459,-4.900459,-4.500459,-6.2104588,-6.610459,-7.020459,-6.7104588
-5.860459,-8.210459,-7.4604588,-7.080459,-6.750459,-6.900459,-7.060459,-7.740459,-8.220459,-7.750459,-7.410459,-7.200459,-6.890459,-5.890459,-6.220459,-5.470459,-5.660459,-3.440459,-3.130459,-1.970459,-1.080459,-0.270459,0.27954102,1.269541,1.709541,2.079541,2.629541,3.6595411,3.529541,5.109541,5.259541,3.729541,3.6595411,3.779541,4.219541,6.259541,7.179541,6.179541,6.119541,5.919541,3.579541,2.829541,1.649541,1.269541,1.269541,0.409541,-0.22045898,-0.920459,-1.640459,-2.880459,-3.300459,-3.770459,-3.890459,-4.090459,-4.060459,-4.310459,-4.790459,-5.580459,-5.270459
-6.830459,-8.780459,-7.570459,-7.130459,-7.320459,-7.360459,-7.830459,-7.390459,-7.820459,-7.830459,-7.650459,-7.330459,-6.400459,-5.950459,-5.370459,-4.640459,-4.810459,-2.710459,-2.540459,-1.210459,0.419541,0.21954101,1.169541,4.019541,3.069541,2.799541,4.199541,4.869541,4.279541,4.459541,3.9095411,6.279541,6.189541,5.239541,4.529541,5.359541,6.699541,7.379541,7.229541,5.839541,4.749541,3.679541,3.089541,2.239541,1.629541,0.39954102,-0.17045899,0.93954104,0.319541,-0.940459,-1.180459,-1.700459,-1.310459,-1.610459,-2.720459,-2.690459,-3.320459,-4.030459,-4.520459
-8.220459,-8.520459,-7.410459,-7.340459,-7.690459,-7.700459,-7.150459,-7.380459,-8.030459,-7.9604588,-6.600459,-7.070459,-6.520459,-6.4604588,-4.400459,-4.330459,-4.420459,-2.670459,-1.100459,-0.68045896,1.609541,-0.39045897,2.719541,2.939541,2.759541,3.099541,5.799541,6.0395412,5.989541,5.489541,6.119541,5.899541,6.229541,7.199541,6.589541,5.559541,4.999541,6.219541,5.819541,6.779541,5.459541,4.299541,3.399541,3.309541,2.819541,1.549541,0.679541,0.449541,-0.42045897,-1.290459,-1.890459,-0.300459,-0.050458983,0.56954104,0.33954102,-0.690459,-1.850459,-1.890459,-2.190459
-7.180459,-7.510459,-7.540459,-7.7104588,-7.530459,-7.810459,-7.420459,-6.560459,-6.370459,-7.260459,-7.100459,-7.000459,-6.160459,-5.420459,-4.000459,-3.370459,-2.740459,-2.410459,-2.420459,0.21954101,0.499541,2.229541,3.279541,4.679541,3.899541,5.0395412,6.029541,7.479541,7.129541,7.609541,8.039541,6.859541,7.979541,6.889541,6.909541,6.879541,7.819541,5.409541,5.909541,5.779541,5.7895412,5.379541,4.379541,3.1595411,2.679541,2.499541,-0.16045898,0.12954101,-0.530459,-1.110459,-1.040459,-2.160459,-2.990459,-2.930459,-4.000459,-0.460459,0.22954102,0.059541017,1.359541
-8.650459,-6.850459,-7.9604588,-8.050459,-7.610459,-8.250459,-7.370459,-6.750459,-6.330459,-6.780459,-6.940459,-6.300459,-5.220459,-4.670459,-4.120459,-3.290459,-2.5804589,-1.960459,-1.600459,-0.430459,1.489541,1.609541,3.739541,3.489541,6.209541,5.649541,5.959541,8.239541,8.599541,8.689541,8.759541,9.219541,9.009541,9.309541,9.229541,8.609541,7.969541,7.469541,7.979541,7.019541,6.409541,6.189541,5.879541,4.959541,2.979541,1.939541,0.39954102,-0.55045897,-0.660459,-0.35045898,-0.060458984,-0.42045897,-1.360459,-2.430459,-4.050459,-4.330459,-3.810459,-3.380459,-3.290459
-9.500459,-7.350459,-7.890459,-8.520459,-8.230459,-7.720459,-6.700459,-6.200459,-6.630459,-6.280459,-6.510459,-5.390459,-4.970459,-4.260459,-3.490459,-3.900459,-1.750459,-2.720459,0.24954101,0.289541,1.879541,3.1695411,3.969541,4.909541,5.609541,5.7895412,8.509541,8.819541,8.129541,8.069541,7.679541,9.599541,9.889541,9.829541,9.659541,9.629541,9.759541,8.679541,9.049541,7.749541,6.549541,7.669541,6.329541,5.899541,4.279541,2.729541,0.929541,-0.24045898,0.69954103,1.149541,0.839541,0.12954101,0.009541016,-1.120459,-3.460459,-3.200459,-2.790459,-1.830459,-1.670459
-8.270459,-8.390459,-7.780459,-7.420459,-7.660459,-7.500459,-7.680459,-7.160459,-6.230459,-5.410459,-4.900459,-4.820459,-3.610459,-2.610459,-3.460459,-2.960459,-0.93045896,-1.960459,0.379541,0.14954102,2.329541,3.389541,4.309541,4.979541,5.869541,6.639541,8.319541,7.229541,7.899541,7.449541,8.919541,11.189541,10.569541,10.769541,9.819541,10.249541,10.419541,10.919541,9.939541,7.719541,8.379541,8.869541,7.519541,6.259541,5.349541,3.979541,1.169541,0.449541,0.729541,1.619541,1.759541,1.799541,1.859541,-1.370459,-1.070459,-0.790459,-0.780459,0.109541014,0.849541
-9.660459,-9.380459,-7.610459,-8.080459,-7.920459,-6.410459,-8.230459,-6.4604588,-5.900459,-4.380459,-4.650459,-3.560459,-3.000459,-2.450459,-1.370459,-0.720459,-1.420459,0.069541015,0.13954102,1.409541,2.999541,3.609541,4.689541,4.959541,5.629541,5.869541,8.129541,7.619541,8.919541,7.739541,8.509541,10.419541,10.519541,11.159541,12.199541,11.909541,11.999541,10.739541,11.729541,10.429541,8.979541,8.369541,7.969541,8.589541,6.209541,4.859541,2.069541,-0.010458984,-0.670459,-1.200459,-1.450459,-0.39045897,1.009541,1.459541,1.569541,1.549541,2.139541,2.489541,3.199541
-9.380459,-9.040459,-8.620459,-7.060459,-6.790459,-7.310459,-7.970459,-6.350459,-4.810459,-3.870459,-4.060459,-2.760459,-2.290459,-0.730459,-0.87045896,-0.38045898,0.30954102,-0.340459,0.919541,2.969541,3.749541,4.099541,4.129541,5.649541,5.179541,7.019541,8.599541,8.779541,8.629541,9.189541,9.059541,11.239541,12.799541,10.949541,10.719541,11.149541,10.449541,11.389541,11.759541,9.729541,10.339541,8.909541,9.229541,7.559541,7.749541,6.619541,1.9695411,-0.36045897,-0.68045896,-2.210459,-0.650459,1.529541,2.619541,3.229541,2.689541,1.4695411,2.899541,2.4195411,4.349541
-6.870459,-7.450459,-8.270459,-7.7104588,-6.360459,-8.020459,-7.880459,-5.750459,-4.170459,-4.080459,-2.810459,-1.970459,-1.170459,-0.50045896,-0.14045899,-1.470459,-0.29045898,1.4695411,0.619541,1.9795411,3.809541,5.069541,5.089541,5.029541,5.989541,6.7895412,8.039541,7.199541,9.819541,8.449541,8.439541,10.199541,10.939541,11.629541,10.949541,9.679541,10.539541,10.679541,10.809541,10.999541,9.829541,8.849541,8.679541,8.409541,7.839541,6.919541,0.32954103,-0.530459,-1.220459,-1.190459,-0.400459,2.339541,1.929541,1.539541,1.499541,1.4795411,2.289541,4.199541,3.849541
-8.160459,-7.840459,-8.510459,-6.780459,-8.080459,-8.810459,-7.350459,-5.450459,-5.090459,-3.900459,-1.960459,-1.970459,-0.710459,-0.68045896,1.2295411,1.449541,-0.070458986,0.469541,0.769541,2.029541,3.759541,4.109541,4.699541,5.349541,5.749541,8.649541,7.049541,8.789541,7.739541,8.819541,9.579541,9.049541,8.409541,8.619541,9.109541,10.719541,9.899541,10.129541,11.319541,9.619541,10.209541,9.669541,8.949541,8.539541,6.829541,5.439541,8.879541,-1.390459,-1.910459,-1.890459,0.36954102,1.739541,1.769541,2.1595411,3.249541,1.889541,2.089541,4.099541,5.989541
-9.240459,-8.560459,-7.900459,-9.510459,-9.520459,-7.950459,-5.840459,-5.530459,-3.640459,-2.170459,-1.720459,-1.580459,-0.730459,-0.010458984,-0.44045898,0.029541016,0.409541,0.709541,2.739541,1.699541,3.349541,4.959541,5.059541,4.919541,7.239541,7.469541,6.669541,8.159541,8.389541,8.609541,8.969541,10.589541,10.189541,10.589541,9.589541,9.509541,8.969541,9.979541,11.329541,10.479541,10.529541,10.609541,10.129541,8.339541,7.579541,6.559541,4.949541,-3.8304589,-3.070459,-2.600459,0.26954103,1.829541,1.769541,0.33954102,-0.300459,-0.250459,2.479541,5.139541,6.979541
-10.480459,-10.290459,-9.710459,-10.290459,-8.630459,-8.060459,-6.350459,-5.220459,-3.8304589,-3.050459,-2.730459,-1.010459,-1.160459,-0.780459,1.049541,0.609541,-0.50045896,2.999541,3.279541,1.339541,3.249541,4.559541,4.159541,5.509541,6.369541,7.489541,7.809541,8.489541,8.499541,9.899541,10.049541,10.349541,11.329541,10.859541,12.669541,12.119541,10.709541,11.979541,11.629541,10.969541,11.529541,11.649541,9.599541,8.149541,7.169541,5.579541,-0.570459,-4.950459,-4.510459,-2.130459,0.16954102,0.059541017,-1.340459,-1.810459,-1.160459,1.0995411,3.799541,4.849541,6.749541
-10.500459,-10.840459,-10.570459,-9.740459,-9.200459,-6.900459,-5.380459,-5.010459,-3.910459,-3.020459,-2.680459,-0.730459,-0.690459,1.009541,-0.29045898,2.709541,1.539541,2.489541,1.199541,2.439541,2.939541,2.889541,3.949541,4.949541,5.889541,7.269541,8.119541,8.729541,9.489541,10.619541,10.479541,10.169541,12.079541,11.899541,11.649541,12.439541,13.529541,13.339541,12.489541,12.229541,12.119541,11.919541,10.139541,7.389541,7.0395412,5.579541,0.729541,-3.770459,-3.5804589,-3.620459,-2.3404589,-3.040459,-1.740459,-2.640459,-2.380459,0.829541,2.379541,2.9095411,4.609541
-11.780459,-12.100459,-10.630459,-9.590459,-7.490459,-6.670459,-4.920459,-4.080459,-3.990459,-3.000459,-1.060459,-0.250459,0.579541,0.049541015,1.419541,0.15954101,0.929541,1.199541,1.629541,4.029541,3.639541,3.269541,4.379541,5.369541,6.429541,7.259541,7.819541,9.179541,10.409541,10.709541,11.049541,11.699541,12.469541,12.919541,11.639541,12.049541,11.839541,13.249541,13.629541,12.489541,12.079541,12.159541,10.149541,7.079541,6.519541,4.489541,0.649541,-4.790459,-4.950459,-0.770459,-5.030459,-3.260459,-2.3304589,-3.310459,-2.730459,-3.250459,-1.180459,0.499541,2.679541
-13.390459,-11.050459,-10.690459,-8.900459,-7.570459,-6.120459,-5.310459,-4.560459,-3.720459,-2.450459,-0.68045896,-0.600459,-0.660459,0.519541,-0.38045898,0.74954104,2.259541,1.899541,3.299541,3.649541,3.779541,5.719541,5.909541,6.879541,7.399541,7.529541,8.119541,8.999541,9.669541,10.859541,11.209541,12.039541,12.759541,13.079541,13.339541,12.409541,12.879541,12.539541,12.419541,11.699541,11.659541,11.669541,8.989541,6.639541,5.299541,3.9195411,-3.760459,-5.760459,-4.970459,-1.310459,-4.360459,-3.880459,-2.800459,-3.020459,-4.280459,-3.560459,-3.540459,-1.460459,0.519541
-13.320459,-11.510459,-8.890459,-8.470459,-7.020459,-6.240459,-5.440459,-4.380459,-3.8304589,-1.750459,-1.250459,-1.380459,-1.810459,0.029541016,-0.41045898,0.45954102,1.329541,3.459541,5.069541,5.969541,6.749541,7.2895412,8.029541,8.239541,7.229541,7.409541,8.089541,8.929541,10.219541,10.749541,11.729541,12.819541,11.829541,12.549541,13.369541,11.709541,12.589541,11.459541,11.259541,11.959541,13.339541,8.459541,5.739541,5.899541,4.219541,2.739541,-4.290459,-7.010459,-4.890459,-7.540459,-5.590459,-3.460459,-3.760459,-3.980459,-4.800459,-5.380459,-5.520459,-5.290459,-3.710459
-2.350459,-1.580459,-8.010459,-6.970459,-6.400459,-5.530459,-5.080459,-3.380459,-1.380459,-1.440459,-0.790459,-1.330459,-0.110458985,-0.960459,0.679541,-0.18045898,1.7295411,4.599541,4.759541,4.979541,5.309541,6.429541,7.359541,7.609541,7.319541,7.119541,7.019541,7.909541,9.159541,9.449541,10.709541,11.479541,11.789541,12.629541,12.769541,12.669541,11.989541,11.269541,11.469541,13.859541,6.009541,3.679541,3.759541,3.589541,3.319541,2.329541,-2.940459,-7.360459,-9.180459,-7.550459,-6.200459,-4.590459,-4.420459,-6.520459,-6.240459,-7.510459,-7.770459,-7.940459,-8.440459
-0.270459,-7.620459,-7.100459,-5.570459,-5.630459,-5.170459,-3.680459,-2.020459,-1.700459,-0.32045898,-1.090459,-1.840459,-0.330459,0.11954102,0.989541,1.669541,0.899541,1.569541,3.119541,3.799541,5.759541,4.969541,5.859541,5.969541,6.279541,5.649541,6.059541,7.099541,7.579541,8.329541,9.799541,11.229541,12.239541,12.809541,13.399541,13.399541,12.229541,11.059541,10.949541,9.359541,5.419541,2.399541,2.299541,2.249541,1.249541,-4.250459,-5.790459,-10.000459,-9.970459,-8.760459,-5.410459,-5.740459,-5.880459,-6.820459,-7.410459,-9.240459,-8.160459,-9.320459,-8.970459
