json-data/2022072706.json
{"header": {"discipline":0,"disciplineName":"Meteorological products","gribEdition":2,"gribLength":79068,"center":7,"centerName":"US National Weather Service - NCEP(WMC)","subcenter":0,"refTime":"2022-07-27T06:00:00.000Z","significanceOfRT":1,"significanceOfRTName":"Start of forecast","productStatus":0,"productStatusName":"Operational products","productType":1,"productTypeName":"Forecast products","productDefinitionTemplate":0,"productDefinitionTemplateName":"Analysis/forecast at horizontal level/layer at a point in time","parameterCategory":2,"parameterCategoryName":"Momentum","parameterNumber":2,"parameterNumberName":"U-component_of_wind","parameterUnit":"m.s-1","genProcessType":2,"genProcessTypeName":"Forecast","forecastTime":0,"surface1Type":103,"surface1TypeName":"Specified height level above ground","surface1Value":10.0,"surface2Type":255,"surface2TypeName":"Missing","surface2Value":0.0,"gridDefinitionTemplate":0,"gridDefinitionTemplateName":"Latitude_Longitude","numberPoints":65160,"shape":6,"shapeName":"Earth spherical with radius of 6,371,229.0 m","gridUnits":"degrees","resolution":48,"winds":"true","scanMode":0,"nx":360,"ny":181,"basicAngle":0,"lo1":0.0,"la1":90.0,"lo2":359.0,"la2":-90.0,"dx":1.0,"dy":1.0}, "data":
[rows 125 to 149 of 181, columns 285 to 341 of 360]
3.4870484,2.5170484,0.6170483,-0.86295164,0.15704834,2.0370483,-1.3729516,-1.9529517,0.47704834,2.6070483,0.15704834,-1.1729517,-1.9829516,-1.9529517,-2.1429517,-2.7429516,-2.8829517,-2.7729516,-7.9429517,-4.762952,-4.322952,-4.1429515,-2.4729517,1.1070484,2.9470484,0.09704834,-1.9329517,-2.4729517,-2.4829516,-6.222952,-6.4329515,-6.0029516,-4.4529514,-3.2629516,-3.1329517,-2.6529517,-3.2229517,-4.012952,-4.1129518,-3.4029517,-2.4029517,-2.3029516,-2.2529516,-1.8529516,-1.2229517,-1.1929517,-0.78295165,-1.4929516,-1.5529517,-3.0629516,-1.0129516,-0.6329517,-0.73295164,-0.43295166,0.53704834,1.2170483,0.9870483
1.8770484,1.0070484,-2.6729517,0.06704834,0.9270483,2.6770484,-0.52295166,-0.38295165,2.3670483,3.6470482,3.1670485,1.1770483,-2.8329515,-3.4329517,-2.1929517,-3.0629516,-2.6329517,-1.0829517,-5.282952,-3.8629518,-3.7529516,0.51704836,2.6770484,2.8470483,1.7970483,0.38704833,0.26704833,-1.7329516,-3.4529517,-5.5429516,-6.722952,-5.9629517,-3.1129518,-2.5229516,-2.2029517,-2.5029516,-3.6229517,-3.0829515,-1.8629516,-1.7329516,-1.3529516,-1.0729517,-2.0529516,0.00704834,1.4970484,1.2770483,1.7070483,0.38704833,1.6670483,1.7770483,0.8770483,0.75704837,1.9370483,1.8870484,1.1270484,1.8770484,2.1370482
-0.01295166,-0.64295167,-1.2929517,-1.1429516,1.6970483,-0.43295166,1.7070483,0.41704834,1.8070483,2.4670484,2.1870484,-0.99295163,-2.1829517,-3.0129516,-2.6129518,-3.0629516,-2.4929516,-0.78295165,-0.7629517,-0.64295167,-0.8829517,1.4770484,3.5570483,4.0670485,0.89704835,0.58704835,-0.89295167,-0.23295166,-6.1829515,-6.6829515,-4.782952,-4.7029514,-3.1729517,-2.9029517,-1.6529517,-2.7429516,-2.7729516,-1.6129516,0.18704835,-0.67295164,-1.2529516,-0.24295166,1.0870483,2.8270483,3.9270484,3.9970484,4.467048,3.8070483,2.8170483,3.8470483,3.7470484,3.5270483,3.1870484,3.2070484,3.1470482,3.3070483,2.9370484
-1.8529516,-4.1429515,-0.39295167,-1.6629517,-1.1129516,0.28704834,1.0170484,0.96704835,0.35704833,0.43704835,0.69704837,-0.23295166,-1.5229516,-0.86295164,-2.1129518,-2.4629517,-1.2229517,-0.77295166,-2.1929517,-2.7629516,0.11704834,0.6270483,2.3170483,2.2270484,1.0970483,-0.16295166,0.84704834,-5.2529516,-5.592952,-5.2329516,-4.3929515,-2.6329517,-1.7429516,-0.99295163,-1.2429516,1.3970484,-2.2829516,2.3370483,1.2870483,0.71704835,0.84704834,3.1870484,3.7770483,4.507048,3.2070484,3.9470484,5.5970483,4.0470486,4.8670483,5.6270485,5.3170485,5.3870482,4.2270484,4.2870483,3.9270484,4.5370483,4.3770485
-4.8629518,-4.802952,-1.4429517,-2.2729516,-0.04295166,0.85704833,0.8070483,-1.0229516,-0.89295167,0.03704834,0.44704834,0.25704834,-0.30295166,-2.3229516,-3.8829517,-4.4829516,-3.3529518,-2.0429516,-2.0629516,-0.21295166,-0.9329517,-0.30295166,0.36704835,1.7570484,-5.2729516,-6.972952,-9.402951,-7.5029516,-4.0829515,-3.5129516,-2.1229517,-2.2629516,-0.85295165,-0.80295163,0.06704834,-0.8129517,-0.41295165,0.35704833,2.5970483,1.5970483,3.6670485,4.907048,4.8970485,5.177048,5.0670485,6.407048,5.0570483,6.2970486,6.4370484,6.9170485,5.8770485,6.7270484,4.5470486,5.0670485,5.657048,5.5670485,4.3170485
-7.8529515,-6.4329515,-0.5129517,-1.1329516,0.24704833,1.0470483,1.9370483,-0.40295166,-0.48295167,-0.79295164,0.91704834,0.8770483,-0.71295166,-2.0529516,-5.0229516,-6.2729516,-5.4529514,-4.6429515,-4.6229515,-5.4629517,-3.7729516,-2.1629517,-7.3529515,-10.562952,-9.562952,-9.512952,-8.482952,-6.472952,-3.3829517,-1.3129517,-4.9829516,-2.7429516,-2.7129517,-1.9929516,-0.74295163,0.09704834,2.3570483,3.4470484,4.697048,5.2670484,5.8370485,6.907048,6.9170485,5.8570485,6.6670485,6.4770484,6.9970484,6.4970484,7.6670485,7.487048,8.107048,7.8570485,5.3670483,6.5870485,6.3570485,6.757048,7.5970483
-5.8829517,-3.7729516,-0.34295166,-1.8329517,0.6870483,2.1570482,1.6370484,3.6670485,1.4870484,-0.19295166,2.2270484,2.5470483,0.66704834,-4.802952,-7.262952,-7.322952,-7.8629518,-8.182952,-7.6529517,-7.3929515,-8.692951,-8.472952,-9.152951,-8.452951,-8.452951,-6.9629517,-5.8729515,-5.4629517,-5.592952,-6.2729516,-3.5929518,-2.4429517,-0.31295165,1.2970483,2.6870484,3.4470484,4.697048,5.5870485,6.7870483,7.6670485,7.2270484,9.247048,8.977048,8.227048,8.187048,7.757048,8.097049,7.7870483,7.927048,8.797049,10.177049,8.487048,7.447048,7.3170485,8.187048,8.207048,7.3270483
-6.8529515,-3.5029516,-1.8929516,-0.28295165,0.18704835,0.05704834,1.6070484,1.0070484,0.76704836,3.6170483,4.3970485,1.9970484,-1.2229517,-6.2129517,-7.7329516,-8.112951,-8.982952,-6.9329515,-7.6129518,-9.202951,-9.502952,-9.582952,-10.922952,-10.662951,-7.802952,-5.242952,-4.8729515,-4.9029517,-4.782952,-1.0929517,0.18704835,2.1370482,2.3970482,3.1270483,3.9570484,5.6670485,5.5570483,5.6370482,6.0970483,7.1670485,7.2070484,5.8770485,7.1270485,9.047049,10.447048,10.117048,9.947048,10.527048,9.167048,9.027048,9.277048,7.8570485,8.007049,9.217049,9.017048,8.827048,7.717048
-3.4229517,-1.3929516,-2.7229517,-0.44295165,0.48704833,0.9270483,1.8370483,2.0670483,2.3970482,4.5770483,1.5870483,2.0770483,-3.4629517,-6.9629517,-7.9029517,-8.642952,-7.092952,-8.452951,-9.212952,-8.802952,-8.882952,-9.072951,-9.292952,-8.892952,-8.812952,-8.922952,-8.672952,-7.7029514,-5.1829515,-3.7829516,-3.2129517,-0.39295167,0.8770483,5.1270485,5.3670483,6.407048,6.4370484,6.5870485,8.337049,9.547049,9.437048,8.847049,8.147048,8.637049,9.137049,10.117048,11.017048,11.567048,11.467049,11.967049,11.737048,10.967049,10.567048,10.117048,9.777048,9.547049,9.757049
-4.3529515,-5.052952,-1.7829517,-0.55295163,1.8670484,1.2270484,1.0970483,1.2670484,0.57704836,0.45704833,1.5270483,-0.8729517,-6.2929516,-8.382952,-6.9629517,-6.8629518,-7.4129515,-7.822952,-7.7729516,-7.6429515,-7.3629518,-7.5629516,-6.492952,-6.0029516,-6.322952,-5.572952,-5.7029514,-4.6329517,-3.5929518,-2.9729517,-1.7829517,-1.1629517,0.36704835,0.58704835,1.6070484,5.2870483,4.217048,5.907048,5.0170484,7.1070485,9.217049,7.8770485,8.437048,9.787048,11.407048,11.6270485,10.917048,11.327048,12.467049,12.397048,13.047049,12.767048,12.847049,12.277048,10.977048,10.527048,10.367048
-2.1429517,-0.8829517,-0.53295165,1.0070484,1.6170484,0.66704834,0.50704837,0.89704835,1.1070484,3.0070484,1.0770483,-1.6229516,-5.012952,-6.012952,-6.342952,-4.3529515,-4.9829516,-5.4029517,-5.782952,-5.552952,-4.3829517,-4.2029514,-3.4429517,-3.4429517,-2.8729517,-2.9629517,-2.8829517,-1.7229517,-0.78295165,0.36704835,1.1770483,2.5170484,3.4970484,4.3570485,4.8670483,5.777048,6.8170485,7.717048,8.467049,8.3770485,8.317048,8.097049,7.927048,8.607048,10.237048,10.637049,10.1270485,8.917048,9.967049,13.587049,12.527048,13.037048,13.217049,12.957048,12.147048,11.037048,10.3770485
0.14704834,0.49704835,0.82704836,1.1170484,3.0070484,1.4770484,-0.08295166,1.7870483,2.0270483,2.0070484,-0.6929517,-1.5229516,-3.3929517,-4.1129518,-3.4629517,-3.5229516,-3.1229517,-2.5229516,-3.2429516,-2.0229516,-2.1829517,-1.5329517,-0.6929517,-0.30295166,-0.43295166,0.29704833,1.7670484,3.0070484,3.4770484,2.1270483,2.3470483,3.9970484,5.407048,5.467048,6.1470485,6.9770484,7.7870483,8.3770485,8.597049,9.787048,10.407048,10.787048,11.107048,11.507049,11.587049,11.587049,10.847049,11.327048,12.3770485,11.3770485,13.427049,14.637049,13.967049,12.867048,12.297049,11.867048,10.757049
-2.5129516,-2.7029517,1.9270483,0.7470483,2.8270483,0.64704835,2.6270483,2.6170483,2.8970482,1.5670483,-0.83295166,-1.1829517,-1.2129517,-2.4329517,-1.5129516,-2.2529516,-1.6629517,-0.66295165,0.03704834,0.69704837,0.52704835,1.2270484,2.1070483,1.9370483,3.6570482,3.6770484,3.3970482,3.7070484,5.9770484,6.3870482,6.277048,6.527048,7.197048,7.7870483,8.027048,8.407048,9.137049,9.817048,10.447048,11.3770485,11.937048,11.987048,12.307049,12.457048,12.837049,13.367048,12.677049,11.907048,11.257049,11.567048,10.3770485,11.637049,12.867048,13.177049,12.827048,11.807049,12.097049
-0.84295166,-1.9829516,-0.48295167,4.157048,1.8570484,0.36704835,3.0670483,0.82704836,1.1470484,1.7870483,-0.16295166,-0.92295164,1.6070484,1.4070483,1.4370483,1.1870483,1.5870483,2.6570482,2.8970482,4.1270485,4.0870485,4.2470484,4.5870485,5.027048,4.8470483,6.757048,6.1670485,6.3970485,6.907048,7.2470484,7.8570485,8.207048,8.467049,8.787048,9.457048,9.897048,10.527048,11.287048,12.027048,12.597049,13.347049,13.047049,13.167048,13.527048,13.937048,14.337049,13.647048,12.887049,13.737048,12.497048,11.437048,11.567048,11.417048,11.637049,13.557049,12.327048,11.907048
-0.37295166,-1.4729517,3.2670484,1.5070484,-0.5029517,1.8870484,2.3670483,2.6170483,2.7270484,4.0570483,3.5270483,3.1570482,2.3770483,2.3170483,2.8770483,3.8170483,5.2470484,5.0970483,6.1270485,6.1670485,6.8170485,5.5670485,3.9070482,6.717048,6.3970485,5.6870484,6.0170484,7.1870484,7.6670485,8.297049,9.287048,9.817048,10.097049,11.007049,11.677049,12.187048,12.567048,13.247048,13.717049,14.297049,14.617048,14.687048,15.017048,15.277048,15.387049,15.307049,14.947048,14.537048,14.057049,12.987048,12.717049,12.597049,12.087049,11.427049,11.367048,10.797049,10.917048
0.03704834,-2.2629516,0.51704836,0.13704833,2.6370482,2.7370484,0.8070483,3.5270483,5.0670485,5.5170484,5.427048,5.967048,5.8670483,4.3970485,4.3970485,5.157048,4.7670484,5.2870483,6.3170485,7.8970485,7.0170484,5.7270484,6.1370482,6.737048,7.4770484,8.157048,8.717049,9.257049,9.767048,10.137049,10.857048,11.337049,11.847049,12.367048,12.6270485,12.967049,13.617048,14.797049,15.207048,15.407048,15.6270485,15.947048,16.627048,17.047049,16.807049,16.717049,16.507048,16.117048,15.477048,15.227048,14.217049,13.137049,12.657048,11.957048,10.957048,11.157048,11.287048
-1.0529517,0.25704834,2.6770484,1.9770484,3.6470482,3.6370482,3.8170483,5.407048,6.7070484,7.6070485,7.6870484,7.4970484,7.1070485,7.697048,7.1470485,7.3170485,7.5170484,7.5870485,7.6070485,7.8070483,8.507049,8.957048,8.697048,9.277048,9.767048,10.307049,10.277048,10.867048,11.637049,11.937048,12.597049,12.897048,12.997048,13.207048,13.697048,13.707048,14.317048,15.187048,15.347049,15.427049,16.067049,16.507048,17.477049,17.98705,18.147049,17.877048,17.717049,17.307049,16.687048,15.587049,15.447048,14.457048,12.947048,12.017048,11.587049,11.387049,10.747048
4.8570485,1.1170484,2.4170485,2.5370483,4.4770484,2.5770483,5.4970484,7.9370484,9.497048,9.6270485,9.437048,9.907048,10.147048,10.047049,8.077048,6.7470484,4.3670483,7.1870484,10.287048,11.137049,10.617048,10.237048,10.737048,11.047049,11.397048,12.177049,12.747048,12.637049,12.577048,13.117048,13.577048,13.667048,13.977048,13.757049,13.837049,14.527048,15.227048,15.967049,16.40705,16.567049,16.087048,16.517048,17.117048,17.367048,18.507048,19.197048,19.297049,18.73705,17.23705,15.237048,15.407048,14.447048,14.177049,12.887049,11.897048,10.907048,10.207048
10.937048,7.927048,1.9570483,1.4770484,4.8370485,3.8270483,5.8570485,8.207048,9.757049,11.1270485,10.957048,10.697048,11.207048,11.257049,11.757049,11.557049,11.847049,11.597049,12.357048,12.457048,12.007049,11.577048,12.187048,12.137049,12.217049,12.617048,12.907048,13.227048,12.927049,13.147048,14.067048,14.107048,13.897048,14.297049,14.447048,14.727048,13.237048,13.897048,14.667048,14.937048,15.827048,15.677049,15.497048,14.837049,15.967049,16.197048,16.547049,17.777048,18.087048,15.327048,14.227048,14.607048,13.727048,13.357048,11.637049,9.687048,8.567048
11.8770485,11.317048,7.8870482,-0.5629517,4.0470486,3.0370483,3.8670483,6.407048,10.717049,10.907048,11.467049,11.3770485,11.497048,12.157048,12.247048,12.257049,12.337049,12.567048,12.707048,13.777048,14.477048,13.1270485,12.587049,13.207048,12.897048,13.417048,13.147048,13.337049,14.347049,14.797049,14.867048,14.3770485,14.297049,12.637049,13.437048,13.577048,12.997048,12.927049,11.437048,16.517048,8.677049,13.587049,15.227048,16.417048,16.927048,17.367048,17.117048,16.82705,18.047049,14.567048,13.137049,12.137049,13.397048,11.957048,9.597049,8.207048,7.677048
12.577048,13.357048,13.887049,14.577048,11.427049,0.22704834,1.8970484,0.29704833,2.2470484,0.9270483,5.8270483,8.237048,10.1270485,10.427049,11.667048,12.187048,13.097049,13.267048,14.177049,13.367048,13.067048,13.327048,13.557049,14.007049,14.267048,14.347049,14.637049,15.067048,15.237048,15.217049,14.827048,14.457048,12.927049,12.1270485,13.437048,13.257049,13.247048,12.467049,13.337049,13.317048,14.777048,14.707048,15.347049,15.917048,16.047049,17.097048,17.197048,15.907048,15.957048,8.247048,9.707048,8.397048,8.837049,9.107048,8.257049,8.567048,9.6270485
13.447048,14.027048,14.537048,15.187048,15.427049,16.497047,17.867048,17.707048,15.307049,7.8970485,5.6370482,5.4570484,8.997048,7.3170485,9.317048,10.787048,12.347049,13.087049,13.577048,14.077048,14.037048,13.947048,14.687048,15.667048,15.557049,15.117048,14.167048,14.437048,14.947048,15.217049,14.357048,13.297049,13.907048,13.207048,12.967049,13.297049,13.057049,12.507049,12.477048,12.947048,12.737048,12.837049,13.037048,12.897048,13.487048,14.307049,14.647048,14.687048,12.507049,7.3670483,8.237048,7.0370483,8.187048,8.317048,8.847049,9.227048,8.587049
15.637049,14.817048,14.497048,15.427049,16.587048,16.90705,17.397049,17.57705,17.837048,16.967049,16.697048,16.277048,16.687048,16.377048,15.767048,15.097049,14.327048,15.157048,15.097049,15.517048,14.337049,15.237048,15.137049,15.157048,15.187048,15.067048,15.247048,14.857048,14.657048,14.437048,13.747048,13.507049,13.287048,12.147048,13.047049,13.187048,12.347049,12.467049,11.917048,10.297049,11.387049,11.757049,11.347049,9.957048,9.907048,10.997048,10.367048,9.867048,9.107048,5.5370483,5.5570483,9.497048,8.937048,8.587049,8.737048,8.787048,8.907048
15.887049,15.517048,15.477048,15.887049,15.857048,16.747047,17.23705,17.387049,17.217049,17.307049,16.807049,17.127048,16.517048,16.07705,16.387049,15.817048,14.947048,14.997048,15.707048,15.487048,15.267048,15.647048,15.867048,15.247048,15.117048,14.407048,14.867048,14.017048,14.207048,13.807049,13.707048,13.187048,12.697048,12.847049,12.407048,11.737048,12.307049,11.577048,10.347049,9.767048,11.117048,11.727048,10.337049,10.447048,7.8770485,7.277048,6.7970486,9.237048,6.7970486,6.1070485,4.6870484,5.7070484,9.6270485,10.457048,9.247048,8.597049,9.257049
15.187048,15.527048,15.727048,15.787048,15.687048,16.287048,16.337048,16.567049,17.017048,16.667048,16.607048,16.32705,16.087048,15.977048,16.067049,15.727048,15.517048,15.187048,15.287048,16.137049,16.287048,15.837049,15.937048,16.177048,15.407048,14.617048,13.317048,14.437048,14.347049,13.357048,12.997048,12.167048,10.617048,11.037048,11.417048,10.217049,11.207048,8.687048,10.437048,10.857048,12.257049,11.327048,11.047049,9.967049,9.997048,8.397048,6.677048,2.0170484,5.8870482,3.2670484,5.007048,7.3770485,8.8770485,8.257049,9.447048,8.897048,8.007049
