json-data/2022072100.json
{"header": {"discipline":0,"disciplineName":"Meteorological products","gribEdition":2,"gribLength":79379,"center":7,"centerName":"US National Weather Service - NCEP(WMC)","subcenter":0,"refTime":"2022-07-21T00:00:00.000Z","significanceOfRT":1,"significanceOfRTName":"Start of forecast","productStatus":0,"productStatusName":"Operational products","productType":1,"productTypeName":"Forecast products","productDefinitionTemplate":0,"productDefinitionTemplateName":"Analysis/forecast at horizontal level/layer at a point in time","parameterCategory":2,"parameterCategoryName":"Momentum","parameterNumber":3,"parameterNumberName":"V-component_of_wind","parameterUnit":"m.s-1","genProcessType":2,"genProcessTypeName":"Forecast","forecastTime":0,"surface1Type":103,"surface1TypeName":"Specified height level above ground","surface1Value":10.0,"surface2Type":255,"surface2TypeName":"Missing","surface2Value":0.0,"gridDefinitionTemplate":0,"gridDefinitionTemplateName":"Latitude_Longitude","numberPoints":65160,"shape":6,"shapeName":"Earth spherical with radius of 6,371,229.0 m","gridUnits":"degrees","resolution":48,"winds":"true","scanMode":0,"nx":360,"ny":181,"basicAngle":0,"lo1":0.0,"la1":90.0,"lo2":359.0,"la2":-90.0,"dx":1.0,"dy":1.0}, "data":
[rows 26 to 51 of 181, columns 236 to 294 of 360]
0.37246826,-1.5875317,0.77246827,0.41246825,1.0224682,-0.8575317,-0.51753175,-2.5675318,-3.8575318,-3.6275318,0.97246826,-2.1175318,-3.8475318,-2.7175317,-2.8175318,-3.8575318,-5.4675317,-6.227532,-5.577532,-5.617532,-4.747532,-3.4475317,-1.4575317,-0.037531737,0.17246826,0.86246824,2.5824683,3.1224682,5.0924683,5.7424684,6.0924683,5.332468,5.3224683,5.0124683,4.0124683,2.9924684,1.3024683,0.012468262,-2.8375318,-2.9575317,5.942468,3.8024683,-1.1075318,-2.2075317,-2.2675316,-3.6975317,-5.847532,-3.4675317,0.23246826,-6.6275315,-7.557532,-5.997532,-2.0775318,-1.3775318,-0.30753174,-1.4575317,-2.6175318,-2.3775318,-1.2975317
-0.31753173,-0.31753173,-1.5275317,-3.1975317,-1.1175318,-3.4175317,-3.7175317,-3.7575316,-4.0075316,-2.8375318,-4.247532,-4.997532,-5.4475317,-6.707532,-8.097531,-8.597531,-7.937532,-6.577532,-5.9875317,-4.6775317,-1.9075317,-1.4975318,-2.1675317,0.67246825,1.3824682,2.2724683,2.0124683,2.5424683,4.022468,4.2224684,4.132468,3.5224683,3.6324682,2.0824683,1.4924682,0.84246826,-0.50753176,-1.9975318,-2.4775317,-1.2175317,-0.9175317,-1.2375318,-1.5575317,-2.8675318,-3.4675317,-4.807532,-1.4775318,-4.5875316,-1.8775318,-2.8875318,-3.7275317,0.52246827,-0.24753174,-0.29753172,-4.9075317,-4.1975317,-1.7975317,-0.22753173,1.9524683
1.3624682,-0.7375317,-1.8075317,-2.8175318,-5.1375318,-5.557532,-5.227532,-3.0975318,-3.6075318,-5.7575316,-3.7875319,-2.6175318,-5.847532,-6.347532,-7.3775315,-7.477532,-7.457532,-7.417532,-6.597532,-5.267532,-3.9275317,-0.8675317,1.7324682,1.9424683,1.8524683,1.6124682,0.87246823,0.8924683,1.8424683,1.0624683,0.53246826,-1.3775318,-0.42753175,0.47246826,0.39246827,-0.22753173,-0.6175317,-0.50753176,-0.65753174,-0.47753173,-0.51753175,-1.4975318,-3.7575316,-5.1975317,-5.617532,-7.577532,-5.5275316,-5.517532,-4.477532,-5.1575317,-3.3675318,-3.5375319,-3.6675317,-3.5975318,-3.8775318,-3.0775318,0.21246827,2.0724683,0.07246826
0.72246826,-1.9075317,-1.4975318,-2.7975318,-3.0475318,-4.267532,-3.9575317,-4.1475315,-2.8175318,-2.8675318,-2.1675317,-1.4575317,-3.7875319,-5.7375317,-6.8975315,-9.017531,-8.287532,-6.1775317,0.06246826,-0.8075317,1.1724683,2.4324682,0.7624683,1.8724682,2.2924683,1.5624683,1.3024683,-0.11753174,-0.19753174,0.13246827,-1.7275318,-0.89753175,-1.2075317,-1.0175318,-0.6775317,-0.40753174,-0.56753176,-1.0675317,-1.5875317,-2.1475317,-3.1975317,-4.3875318,-4.8875318,-5.5475316,-6.7775316,-8.567532,-6.0875316,-6.3375316,-4.1375318,-5.3575315,-4.6975317,-1.3975317,-1.4175317,-2.8175318,-3.4475317,-2.1975317,-2.2675316,-2.5375319,-2.7275317
-0.46753174,0.25246826,0.54246825,-2.6675317,-4.1475315,-4.4075317,-4.577532,-3.8475318,-6.957532,-5.2575316,-6.0275316,-3.6275318,-3.2175317,-4.3375316,-4.767532,-5.3375316,-4.4875317,-3.8375318,-1.5275317,-1.1775317,1.9924682,1.4724683,0.42246827,0.6324683,0.31246826,-0.14753173,-0.22753173,-0.46753174,-0.63753176,-0.94753176,-1.5075318,-1.6075318,-0.9175317,-1.0175318,-1.2375318,-1.3575318,-0.88753176,-1.2075317,-1.3875318,-1.9675317,-2.9575317,-3.5475318,-4.437532,-5.2375317,-5.0075316,-4.497532,-3.7775316,1.6824683,-2.6675317,-0.6075317,-0.057531737,2.3124683,2.0324683,3.0024683,2.3224683,1.2624682,2.1824682,-0.97753173,-0.7375317
-2.0175316,-1.5275317,-0.65753174,-1.4075317,0.5024683,-1.7275318,-3.9375317,-4.827532,-7.057532,-4.9075317,-5.557532,-5.457532,-4.6375318,-3.6475317,-3.0375319,-3.0675318,-2.6875317,-2.1575317,-1.6575317,0.112468265,2.2824683,2.2024682,-0.84753174,-1.6875317,-1.4375317,0.04246826,-0.52753174,-0.47753173,-0.77753174,-0.45753175,1.0424683,0.0024682616,-1.6275318,-1.4175317,-0.29753172,-1.0675317,-2.0575318,-1.8475318,-2.4675317,-2.3475318,-2.0375319,-1.5975318,-2.0875318,-3.0175316,-2.8075318,-0.43753174,-0.0075317384,-1.9775318,-1.8775318,-0.6175317,-0.8575317,1.1024683,1.3424683,2.4824684,0.52246827,0.23246826,-1.2775317,-1.8475318,-2.2875319
0.97246826,-1.0575317,-0.07753174,-1.8975317,-1.5975318,-1.9175317,-2.6775317,-1.9175317,-2.0575318,-3.6175318,-3.4775317,-2.5375319,-2.1375318,-4.497532,-3.6675317,-3.7675316,-3.3675318,-1.8375317,-0.43753174,0.34246826,0.10246826,-0.34753174,-1.9275317,-1.7875317,-3.4475317,-3.8975317,0.24246827,0.5824683,-1.2175317,-0.34753174,2.3724682,-0.6175317,4.022468,-0.20753174,-1.6575317,-1.4975318,-1.8175317,-2.1675317,-1.6075318,-0.25753173,0.77246827,1.0124682,1.3324683,1.9424683,2.1524682,2.0224683,1.2424682,1.5024682,1.1624683,0.80246824,-0.37753174,-0.71753174,-0.017531738,-0.8675317,-0.25753173,-0.70753175,-4.1475315,-4.9275317,-4.517532
0.28246826,0.0024682616,2.3524683,2.4724684,0.53246826,-0.65753174,-3.0475318,-2.9375317,-4.497532,-3.2675316,-3.9275317,-3.4075317,-3.1775317,-3.6775317,-5.1475315,-4.1275315,-3.8775318,-3.1875317,-3.7275317,-2.5175316,-2.5775318,-1.7375318,-2.4975317,-3.5375319,-0.69753176,-4.2375317,-1.1675317,-1.0775317,-0.24753174,-3.2175317,-3.6475317,-5.347532,-8.027532,-1.2175317,-1.0075318,-0.18753174,-1.6175318,-1.9075317,-0.27753174,1.7024683,1.8824682,2.4624681,2.3524683,2.5224683,1.6724683,2.5024683,1.4924682,-1.2975317,-1.1975317,-1.7975317,-0.9175317,-1.4275317,-0.5475317,-1.8775318,-0.20753174,-3.4675317,-3.2975318,-4.767532,-3.3875318
-0.21753174,0.53246826,2.9124682,1.8924682,0.6424683,-0.97753173,-1.5075318,-0.04753174,-0.097531736,0.06246826,-0.7975317,-2.5775318,-3.9475317,-3.6575317,-2.0075316,-3.6275318,-2.0175316,-3.6675317,-2.7575316,-2.0375319,-2.2975318,-1.9475317,-2.1275318,-1.7875317,-3.1175318,-2.4575317,-1.7175317,-1.3375317,-0.75753176,-1.5075318,-0.30753174,-2.4275317,-7.167532,3.5424683,3.8124683,3.5324683,-1.7475318,0.28246826,-0.37753174,0.09246826,0.8324683,4.022468,4.3624682,3.1124682,2.4424682,-0.97753173,-1.1775317,-3.3175318,-0.96753174,-0.41753173,0.47246826,-1.6075318,-2.2975318,-2.7775316,-2.1975317,-2.4275317,-0.88753176,-0.77753174,-2.7275317
1.8424683,1.8924682,3.9724684,2.6024683,-0.97753173,-2.2975318,-2.6075318,-2.8075318,-2.2075317,-2.8875318,-3.3975317,-1.0575317,-0.78753173,-0.9175317,-0.97753173,-1.6375318,-1.4275317,-2.4675317,-2.5975318,-3.6175318,-3.4475317,-2.4575317,-2.4175317,-1.8875318,-1.2975317,-4.0875316,-1.1175318,-1.2275318,0.92246825,-2.0875318,-1.6975317,-0.71753174,-4.3975315,3.0024683,2.0924683,2.0324683,1.5124682,3.1224682,2.3124683,3.0924683,6.0924683,5.882468,4.1624684,1.1824683,-1.8375317,-3.7175317,-1.3275317,-0.48753175,-0.17753173,-1.3675318,-1.4775318,-2.4275317,-2.9075317,-4.3575315,-4.7775316,-5.167532,-4.1775317,-4.8575315,-4.4075317
-0.6775317,-0.90753174,0.43246827,0.54246825,1.8624682,1.1824683,-0.84753174,-2.9275317,-3.6275318,-2.9575317,-1.1775317,0.31246826,0.71246827,0.12246826,-1.3075317,-1.1775317,-1.4275317,-1.5175318,-1.0475317,-2.8275318,-1.5875317,-1.9575317,-1.9175317,-0.70753175,-1.4075317,-1.5375317,-1.5075318,-3.2375317,-1.6875317,-1.8875318,-1.1875317,-2.2975318,-3.0875318,2.2424684,2.1724682,1.6624683,2.1624682,3.0024683,1.2824683,2.1424682,2.2424684,2.3724682,0.5824683,-2.1275318,-4.167532,1.2424682,2.1524682,-0.33753175,1.2424682,0.39246827,-1.6975317,-2.9675317,-3.7275317,-3.1675317,-3.6175318,-3.3875318,-2.2375317,-3.7475317,-3.7875319
-1.8875318,-1.6475317,0.77246827,0.71246827,3.2924683,1.5124682,1.5824683,-0.0075317384,-3.1775317,0.62246823,-1.0375317,-2.0275316,-1.2175317,-1.8675318,-2.7975318,-4.037532,-3.2375317,-2.5175316,-2.4875317,-1.6175318,-1.8175317,-2.7575316,-1.4175317,-2.4775317,-2.2275317,-2.5075316,-2.9775317,-2.1175318,-0.42753175,-1.0775317,-2.6775317,-2.9975317,-1.6675317,1.0424683,1.7924683,1.6624683,1.4024682,1.0524683,1.4624683,0.85246825,-0.56753176,-1.6475317,-2.3875318,-2.0975318,-3.5475318,-0.47753173,-0.6775317,-1.4575317,-0.37753174,0.10246826,-1.3075317,-1.9575317,-3.0375319,-3.8175318,-3.0975318,-3.9275317,-2.2775316,-2.7075317,-3.9575317
-2.1875317,-2.5475318,-1.2775317,-0.41753173,1.0624683,-0.067531735,0.27246827,0.68246824,-1.0175318,-0.37753174,-0.97753173,-2.3975317,-3.1375318,-3.8075318,-4.9075317,-4.6075315,-2.5975318,-2.6475317,-2.8275318,-3.8175318,-3.7775316,-3.2075317,-1.7875317,-1.9175317,-2.8975317,-3.4175317,-5.1975317,-4.5275316,-2.9775317,-2.3775318,-0.64753175,-1.3775318,-0.8675317,-1.5275317,-0.95753175,0.62246823,2.0724683,0.30246827,-1.8675318,-1.4775318,-2.0375319,-3.1375318,-2.6175318,-2.9875317,-2.4275317,-0.57753175,-1.0275317,-0.84753174,-0.16753174,0.67246825,-0.037531737,0.43246827,-1.3875318,-1.8475318,-1.5675317,-1.4975318,-1.8575318,-3.3875318,-3.6375318
2.0924683,2.0024683,3.6424682,1.7024683,1.5524683,1.9724683,-0.26753175,0.06246826,1.3324683,0.22246826,1.3824682,0.60246825,1.0724683,0.49246827,-0.53753173,-1.4075317,-2.6875317,-2.2275317,-1.8075317,-1.9275317,-2.3275318,-2.9175317,-3.3275318,-3.7675316,-1.3575318,-1.7375318,-1.7075317,-1.3875318,-0.82753175,-0.64753175,-1.4275317,-2.0075316,-1.0675317,-1.3775318,-1.3075317,-0.83753175,-2.4475317,-3.6775317,-3.4975317,-3.7075317,-3.0375319,-1.9975318,-1.8475318,-2.3475318,-0.6075317,0.37246826,1.1024683,0.99246824,0.67246825,1.7924683,0.16246825,-1.1275318,-0.51753175,-0.81753176,-1.5675317,-1.8875318,-2.4775317,-0.84753174,-3.6775317
1.9124683,1.1824683,1.3624682,1.8824682,-0.31753173,-0.0075317384,0.04246826,-1.5075318,-0.96753174,1.0124682,0.28246826,-1.4275317,0.8824683,0.41246825,-0.9275317,-1.5875317,-1.7375318,-2.8775318,-3.0175316,-4.4075317,-3.4175317,-2.8075318,-3.7375317,-4.1775317,-3.4275317,-2.8575318,-2.5775318,-2.5975318,-1.5375317,-1.7375318,-1.4875318,-1.4175317,-1.7975317,-1.9575317,-1.7775317,-3.5275316,-3.7275317,-3.4075317,-3.4775317,-3.3375318,-2.5575318,-1.6675317,1.0724683,1.1124682,1.5324683,1.4024682,3.3624682,2.9224682,3.1524682,3.0824683,0.47246826,1.2624682,0.60246825,0.59246826,-1.3175317,-0.75753176,-1.0375317,-1.4375317,-3.3075318
-1.1275318,0.15246826,-1.0075318,1.0324683,-1.8875318,0.9424683,-0.6775317,0.97246826,1.9524683,2.3424683,2.3324683,-0.95753175,0.41246825,-1.5175318,-2.5875318,0.7024683,-0.70753175,-3.0475318,-3.8375318,-4.5475316,-3.8475318,-4.417532,-4.247532,-4.807532,-4.577532,-5.307532,-4.687532,-3.8375318,-2.3075318,-3.6275318,-2.0575318,-2.1075318,-2.9275317,-3.4575317,-1.3375317,-4.2375317,-4.6575317,-4.9075317,-3.1175318,-2.6475317,-0.19753174,1.2724682,1.7724682,3.6024683,3.7324684,2.9424682,3.1524682,2.6424682,2.4124682,2.2724683,1.6824683,1.4124683,1.1524682,1.0024682,0.26246825,0.13246827,4.582468,2.2824683,-1.0475317
-1.2075317,-2.1375318,-1.5275317,0.42246827,0.052468263,0.32246825,1.5624683,1.8924682,1.0824683,0.93246824,-0.07753174,0.49246827,-2.0275316,-3.6075318,-3.1575317,-1.5375317,-4.867532,-3.3275318,-3.7875319,-4.8575315,-5.2575316,-5.477532,-5.537532,-6.3875318,-7.187532,-6.017532,-6.707532,-6.9275317,-4.517532,-2.9475317,-2.1775317,-2.4975317,-3.0775318,-2.4775317,-4.3375316,-4.1975317,-6.1375318,-2.5875318,-2.4075317,2.4124682,-0.78753173,1.0124682,1.1424682,3.9224682,4.002468,4.422468,3.3324683,0.34246826,2.2224684,1.4124683,1.5624683,0.06246826,1.6724683,1.3824682,0.17246826,1.4524683,0.42246827,0.04246826,-0.097531736
-0.7475317,-0.38753173,-1.4475317,-3.1075318,0.85246825,2.1524682,1.7324682,0.24246827,1.2524682,1.2424682,-0.51753175,-0.8075317,-1.2075317,-0.77753174,-6.097532,-1.9575317,-6.8775315,-3.0775318,-5.247532,-5.1275315,-6.827532,-6.367532,-7.097532,-6.997532,-6.767532,-6.7775316,-1.4675317,-0.34753174,-1.4575317,-1.7775317,-2.6175318,-3.0175316,-4.1475315,-1.3975317,-2.1175318,0.19246826,-0.17753173,-2.3275318,-1.4875318,-1.9175317,1.3624682,0.8324683,3.2324684,4.212468,6.2424684,4.042468,2.4224682,2.5524683,3.4024682,3.3724682,2.3924682,2.0724683,0.71246827,0.36246827,1.5924683,0.46246827,-0.72753173,-0.53753173,-0.42753175
-2.9475317,-2.9375317,0.6424683,1.9924682,3.9724684,2.2724683,0.43246827,-3.2775316,-3.8875318,-1.4475317,-2.9075317,-2.1375318,-4.957532,-3.5275316,-4.957532,-6.867532,-6.0075316,-6.3975315,-5.1075315,-6.9875317,-6.6975317,-6.0875316,-6.1475315,-6.3975315,-7.787532,-4.597532,1.6924683,-0.35753173,-2.9975317,-3.4675317,-2.8875318,-4.247532,-2.7975318,-3.7075317,-5.0875316,-3.2075317,-2.0275316,-1.3575318,-0.037531737,-0.9875317,-0.97753173,1.4924682,3.6924682,3.7624683,5.712468,5.422468,4.9124684,5.212468,3.5524683,2.7324684,1.7424682,2.9624681,2.5224683,0.7024683,-0.07753174,-0.16753174,-0.36753175,-0.69753176,-0.26753175
-3.1775317,-1.1275318,-1.2975317,-1.3275317,-2.5575318,-1.3575318,-3.1475317,0.29246825,1.5624683,-1.2475318,-1.5775317,-3.1775317,-0.48753175,-1.1375318,-2.0075316,-2.9275317,-4.537532,-6.017532,-7.1275315,-7.267532,-6.847532,-5.787532,-7.2975316,-6.6475315,-4.8975315,-0.72753173,1.2424682,-1.7575318,-4.5275316,-4.997532,-6.187532,-4.4475317,-4.727532,-4.577532,-3.5375319,-4.057532,-3.1475317,-3.0975318,5.1024685,-0.37753174,-0.41753173,1.8924682,1.1524682,2.6424682,6.9524684,4.5324683,5.6224685,3.7224684,2.2924683,1.2724682,-0.10753174,0.38246825,0.97246826,-0.14753173,-0.6775317,-0.94753176,-0.34753174,0.54246825,2.4524682
-1.3875318,-1.5875317,-1.8575318,-7.847532,0.62246823,0.06246826,3.9724684,-0.52753174,-1.6275318,-0.26753175,-0.7375317,0.082468264,2.2724683,0.052468263,-1.9275317,-1.2875317,-3.2975318,-2.3275318,-6.6575317,-6.827532,-4.1375318,-10.367532,-9.777532,-7.5075316,-5.7975316,-0.76753175,-1.8175317,-3.3275318,-4.9275317,-5.6775317,-4.6975317,-3.6275318,-3.6075318,-1.9375317,-2.5075316,-3.8475318,-3.0475318,-0.32753173,-0.75753176,-0.19753174,1.6224682,2.2824683,2.3724682,5.2024684,7.292468,5.812468,2.1424682,0.21246827,3.5424683,2.6724682,1.2324682,2.3924682,1.0724683,-0.08753174,2.2124681,3.0924683,1.8824682,2.9524682,0.39246827
-2.1975317,-2.5975318,0.77246827,1.0124682,2.4824684,0.15246826,-1.8475318,-2.2975318,-6.9475317,-2.0175316,1.0924683,0.68246824,-2.4975317,-3.1975317,-5.1375318,-3.8575318,-6.1075315,-5.767532,-7.3175316,-6.2175317,-7.287532,-4.1475315,-1.4575317,-4.077532,-4.4875317,-2.7075317,-3.2775316,-4.707532,-4.1775317,-2.2975318,-2.1375318,-2.2375317,-1.5975318,-0.77753174,-2.0975318,-2.7575316,-1.6175318,0.41246825,-1.4975318,-0.69753176,0.022468261,-0.6675317,5.4924684,5.482468,6.272468,5.422468,5.6224685,4.692468,5.3624682,2.5024683,0.8924683,1.8424683,1.6924683,1.6424682,5.4924684,4.252468,4.0724683,3.8324683,3.0024683
0.60246825,-2.5075316,-1.1575317,6.7624683,-0.22753173,1.5124682,2.6324682,-0.26753175,-2.0675318,-4.8975315,-2.1375318,4.192468,-1.0175318,-1.2275318,-1.2375318,-6.5075316,-3.1775317,-5.6475315,-6.6375318,-2.9675317,-3.9575317,-3.1575317,-5.1975317,2.8824682,-0.42753175,-0.57753175,-3.7075317,-4.117532,-4.9075317,-3.2675316,-1.4775318,-1.5975318,-2.5675318,-1.3475318,-1.0875317,-1.4675317,-1.5275317,-2.3375318,-1.5575317,-0.7475317,-0.63753176,-0.35753173,4.522468,8.192469,6.5524683,4.6024685,4.082468,3.7424684,4.1224685,2.8724682,1.3524683,0.16246825,2.4124682,3.5724683,5.462468,5.212468,4.4124684,3.4324682,2.4624681
-0.21753174,2.9924684,3.5124683,1.7224683,3.3624682,3.4924684,-3.8675318,-4.7175317,-1.3275317,2.5224683,6.042468,-0.8075317,-0.9975317,-3.9575317,-2.6275318,-3.8075318,-2.7175317,-2.6675317,-4.2975316,-7.167532,-6.517532,-5.7775316,-0.63753176,1.1424682,-1.3475318,-2.3575318,-2.8375318,-2.8975317,-3.7275317,-3.0875318,-6.187532,-4.457532,-4.1275315,-3.8175318,-2.7875319,-3.6075318,-2.5175316,-2.3775318,-0.9975317,-0.64753175,0.45246828,3.9524682,5.502468,5.4124684,4.6424685,3.1524682,1.5924683,2.7124681,2.6624682,1.8224683,3.2524683,6.002468,6.1124682,5.7424684,4.962468,4.3524685,4.192468,3.9124682,4.042468
0.62246823,2.3324683,4.5324683,2.8124683,2.2624683,-2.1375318,1.3924682,6.8624682,-0.8675317,-0.7375317,-2.5075316,-3.8875318,-3.6175318,-1.9575317,2.3624682,0.14246826,-5.307532,-4.6975317,1.5224682,2.0224683,2.7824683,0.91246825,4.8424683,2.3624682,0.49246827,0.5124683,-2.1075318,-2.0375319,-2.0575318,-2.5375319,-2.2975318,-0.62753177,-2.2875319,-1.8975317,-0.71753174,-1.0075318,-1.7175317,-1.4475317,-1.3175317,-1.9675317,2.7724683,2.7124681,2.7924683,3.5524683,4.4724684,3.2624683,2.6324682,2.9924684,3.0524683,3.6724682,7.6824684,7.172468,6.082468,5.002468,3.8124683,3.3024683,3.4724684,2.8824682,3.3524683
-5.1375318,-0.39753175,5.1424685,2.1424682,0.17246826,-3.2475317,-1.5175318,-1.7175317,-5.437532,2.2524683,-2.7575316,-2.7075317,-3.7375317,-2.4275317,-5.6275315,-4.477532,-4.7775316,-6.4875317,-5.3575315,-2.4075317,1.8724682,-0.29753172,1.4724683,1.7524682,-0.32753173,-2.4575317,-3.8775318,-3.6975317,-1.9575317,-3.3175318,-4.6075315,-4.0475316,-2.5175316,-1.9075317,-1.7875317,-2.3075318,-1.8675318,-2.1175318,0.7024683,2.0924683,2.2924683,2.9524682,2.5724683,3.3624682,2.2924683,0.04246826,3.7524683,3.1624682,2.7624683,5.962468,5.712468,5.4924684,4.7224684,4.3624682,3.1224682,2.4224682,1.6324682,2.7124681,3.6124682
