json-data/2022072812.json
{"header": {"discipline":0,"disciplineName":"Meteorological products","gribEdition":2,"gribLength":79615,"center":7,"centerName":"US National Weather Service - NCEP(WMC)","subcenter":0,"refTime":"2022-07-28T12:00:00.000Z","significanceOfRT":1,"significanceOfRTName":"Start of forecast","productStatus":0,"productStatusName":"Operational products","productType":1,"productTypeName":"Forecast products","productDefinitionTemplate":0,"productDefinitionTemplateName":"Analysis/forecast at horizontal level/layer at a point in time","parameterCategory":2,"parameterCategoryName":"Momentum","parameterNumber":2,"parameterNumberName":"U-component_of_wind","parameterUnit":"m.s-1","genProcessType":2,"genProcessTypeName":"Forecast","forecastTime":0,"surface1Type":103,"surface1TypeName":"Specified height level above ground","surface1Value":10.0,"surface2Type":255,"surface2TypeName":"Missing","surface2Value":0.0,"gridDefinitionTemplate":0,"gridDefinitionTemplateName":"Latitude_Longitude","numberPoints":65160,"shape":6,"shapeName":"Earth spherical with radius of 6,371,229.0 m","gridUnits":"degrees","resolution":48,"winds":"true","scanMode":0,"nx":360,"ny":181,"basicAngle":0,"lo1":0.0,"la1":90.0,"lo2":359.0,"la2":-90.0,"dx":1.0,"dy":1.0}, "data":
[rows 52 to 77 of 181, columns 0 to 56 of 360]
-1.9151245,-1.6551245,-1.2051245,-2.3851244,-4.1251245,-4.0151243,-4.6151247,-2.9651246,0.2948755,2.1548755,3.5548754,0.3748755,-1.8051245,0.5348755,-1.7151245,-0.3451245,-1.0751245,-4.4051247,-2.1551244,-0.39512452,3.1048756,6.8648753,-3.7251246,-4.0951247,-5.7651243,5.9948754,6.1448755,7.5148754,2.2248755,0.9948755,-1.1851245,0.17487548,-3.3951244,-1.3351245,2.1448755,-0.4551245,0.9948755,-0.2551245,0.6748755,-0.1951245,-0.42512453,1.7148755,4.3348756,2.1048756,-2.4151244,-3.7051246,0.20487548,2.9348755,-4.2051244,-0.03512451,-1.0751245,0.77487546,4.3048754,5.8648753,5.8748755,0.7648755,3.0648756
0.8648755,1.6848755,1.1048754,-0.7151245,-3.0951245,-3.1951246,-3.0651245,-5.0251245,-2.2551246,1.6948755,-0.1651245,1.7848755,2.4148755,1.4848754,1.9748755,-6.6451244,-2.2751245,-0.2851245,0.5748755,-0.6751245,2.4848754,5.4548755,-1.7751245,-1.3251245,-1.3751245,-0.09512451,5.5148754,4.6048756,1.4848754,2.6448755,-2.6651244,-0.5151245,0.20487548,-0.8251245,1.2748755,2.0048754,-0.12512451,2.1848755,1.4548755,0.8848755,3.5848756,1.7448754,2.7848754,4.0348754,3.6248755,-4.1251245,4.5648756,-2.3051245,-4.8651247,-4.1151247,0.3048755,3.3648756,5.6548753,5.1248755,5.7148757,4.0048757,4.4448757
1.3348755,1.7948755,0.9048755,1.9448755,1.8148755,3.7948754,2.9548755,3.8548756,-0.54512453,1.6448755,-1.2951245,0.6348755,1.2548755,0.8548755,-4.4451246,-3.1551244,-1.0451245,0.35487548,0.6348755,0.44487548,2.7448754,4.2248755,3.8648756,-3.4351244,1.1648755,2.6948755,0.7548755,5.9048753,5.6748753,1.6748755,4.2348757,4.0348754,3.0248754,3.2148755,3.1648755,2.2748754,4.0348754,3.4848754,4.5048757,5.4448757,5.9748755,5.6748753,7.2548757,2.6548755,3.2348754,4.6848755,4.1948757,-1.8751245,3.6248755,-7.7651243,6.8148756,3.6848755,1.9448755,-0.36512452,-6.6551247,-5.6351247,-4.2751245
0.9048755,2.7348754,2.5648756,3.0548754,4.7748756,1.2148755,3.6448755,2.1848755,5.7848754,1.3248755,0.47487548,-5.2951245,0.28487548,2.3648756,3.4948754,2.1048756,1.8248755,2.2448754,3.2448754,2.1248755,2.2348754,3.4848754,3.2048755,2.9848754,3.4548755,1.3648754,3.2048755,4.7948756,3.5548754,5.3848753,4.3748755,4.2048755,3.8048754,0.28487548,-1.3151245,1.6648755,4.6348753,1.6148754,3.7848754,0.8548755,5.4348755,5.9948754,7.0848756,6.7848754,4.4848757,6.2548757,3.7448754,2.2048755,2.1248755,-0.20512451,-4.9551244,-3.7951245,-9.235125,-7.6551247,-5.4851246,-2.8151245,-7.3651247
-0.3151245,3.2548754,4.2648754,4.2048755,4.6548753,-1.5151246,0.6048755,5.9948754,1.3148755,0.4848755,-5.3851247,-4.0851245,-0.8151245,1.7548755,2.6048756,2.7548754,2.6248755,2.6848755,3.5848756,3.6248755,2.6748755,3.8648756,4.6048756,4.5048757,4.3948755,2.3848755,0.6948755,-1.0451245,3.1348755,3.5748756,4.2548757,4.7848754,4.4048753,5.0448756,3.5848756,1.6948755,3.4848754,0.8048755,0.21487549,0.1948755,0.9848755,1.4248755,4.3048754,5.3748755,6.4548755,6.6248755,5.9148755,6.4548755,5.4948754,4.9548755,-1.8851246,-6.8951244,-5.9451246,-12.035125,-5.7851243,-5.2251244,-4.5951247
2.7648754,4.3148756,5.1248755,4.6348753,2.5448754,3.0148754,5.3548756,5.8048754,4.0948753,3.5548754,3.7248755,-0.4451245,-2.9151244,-0.3451245,0.7448755,2.5448754,3.0148754,3.8448756,4.4248753,4.0548754,3.1248755,3.5748756,5.4148755,5.3348756,4.7348757,4.0548754,3.1248755,2.0048754,2.1648755,4.1248755,4.0348754,4.1548753,3.7948754,3.6448755,3.2148755,3.0448754,4.9048753,-0.4151245,2.8448756,2.6448755,2.9548755,-0.045124512,1.9648755,1.5348755,4.0048757,5.0048757,7.1448755,3.9248755,1.6348755,2.1948755,-3.0251245,-5.0051246,-9.525125,-6.2151246,-6.0651245,-8.595124,-6.2351246
1.1948755,0.77487546,1.9848754,1.0248755,0.89487547,1.6648755,1.8248755,1.5248755,1.7448754,1.9848754,2.1148756,0.9348755,0.18487549,0.2248755,-1.8651245,-1.2851245,0.5748755,3.4148755,3.3348756,3.1848755,3.5748756,1.0248755,-1.0851245,-1.9351245,2.6348755,4.5848756,1.9848754,2.9748755,3.2448754,2.8148756,2.4948754,2.8848755,2.6848755,2.3248756,2.0948756,4.5948753,5.1648755,3.7548754,0.9348755,2.8048754,2.9548755,-0.9051245,-0.07512451,-0.2551245,2.6348755,3.0248754,4.2948756,1.0048755,1.1648755,0.31487548,3.0948756,-2.1451244,-6.5251245,-17.015125,2.7448754,-7.0651245,-10.855124
-2.2951245,-3.1751244,-3.0451245,-2.7551246,-2.7551246,-1.9951245,-2.6951246,-1.7151245,-1.7951245,-1.7751245,-1.4851245,-2.3651245,-1.7851245,-3.0751245,-0.43512452,0.2648755,0.71487546,-0.72512454,0.4648755,2.4748755,3.9948754,3.0248754,3.0348754,3.1048756,2.8648756,3.9848754,2.2348754,1.9548755,-0.8151245,1.5648755,3.4048755,-0.025124513,-2.6951246,-0.8951245,0.9748755,3.3148756,-1.7751245,-0.4551245,2.8448756,2.8148756,-0.7051245,-2.3351245,-3.5051246,-2.3851244,-1.4651245,-0.0051245117,3.7648754,1.5648755,0.124875486,-2.6451244,3.0048754,3.4148755,-2.1751244,-0.085124515,0.71487546,-1.8651245,-3.2751245
-6.0151243,-6.1151247,-6.4951243,-6.0151243,-6.4251246,-6.0451245,-6.3551245,-6.7251244,-6.1051245,-5.4851246,-2.9351244,-3.7151246,-4.2551246,-3.0751245,-2.0651245,-1.8951246,-1.0251245,-1.0851245,-0.6951245,-0.7351245,2.8648756,0.7548755,2.6048756,2.5648756,2.7548754,3.3948755,1.7648755,1.4948754,0.5448755,1.3948755,-0.085124515,-1.9551245,-1.8951246,0.08487549,-0.3551245,-0.97512454,-1.0151246,-5.6351247,1.4648755,1.5848755,-2.3151245,-0.4851245,-3.1451244,-3.6451244,-3.3451245,-1.3351245,0.8648755,2.4348755,-5.3751245,-2.6251245,0.6848755,7.7148757,6.4948754,-0.3251245,0.52487546,-2.2451246,2.0948756
-7.7451243,-9.0651245,-9.045124,-9.025125,-7.8151245,-6.8451247,-5.8851247,-6.2751245,-5.3951244,-6.2051244,-6.2251244,-5.8351245,-4.1151247,-3.2251246,-2.3651245,-2.8051245,-1.0951245,-2.0551245,-1.3451245,-0.14512451,0.16487549,-0.085124515,0.7248755,1.4148755,1.4148755,0.89487547,1.6548755,2.1048756,1.7748755,1.8048755,-0.42512453,0.9948755,1.8648754,4.9148755,3.5348754,3.0748756,-1.9151245,0.8848755,-2.3351245,1.7748755,0.8448755,2.3848755,1.7448754,1.2848755,-0.78512454,-1.7951245,0.2248755,1.4148755,-2.8851244,-1.8451245,2.0348754,5.9648757,3.3248756,-0.12512451,1.1648755,5.3848753,0.23487549
-7.7451243,-7.7851243,-8.135124,-7.9851246,-7.0751247,-6.2651243,-4.8151245,-3.4251244,-4.5551243,-4.6551247,-3.4251244,-3.1051245,-2.7651246,-3.7051246,-5.0851245,-3.8351245,-2.5851245,-1.8851246,-1.4951245,-0.4851245,-0.03512451,0.8048755,0.044875488,0.2648755,0.18487549,0.9148755,2.3548756,1.1748755,2.1948755,1.7248755,2.1648755,0.9848755,3.6548755,-3.0151246,5.8448753,2.0348754,3.0148754,2.6748755,-0.3851245,0.20487548,0.044875488,1.2848755,2.5448754,-0.5551245,-1.4651245,-0.2651245,-1.7051245,-0.8351245,-1.8851246,-4.2451243,0.6148755,0.8848755,1.7348754,-1.0351245,1.8748755,-0.40512452,0.9248755
-7.9651246,-8.705125,-8.405125,-8.285125,-7.7851243,-7.9951243,-6.6851244,-5.7051244,-4.6451244,-4.0651245,-3.5951245,-4.2351246,-4.4751244,-4.3751245,-2.8351245,-2.1951246,0.2648755,1.5748755,-1.3451245,0.6848755,1.8748755,3.4448755,-0.3551245,-0.10512451,-0.8451245,-0.4851245,1.0748755,1.5648755,2.1948755,0.4648755,0.17487548,3.0448754,3.9148755,3.5348754,-1.0751245,3.1848755,3.9348755,5.7848754,0.44487548,1.7748755,1.0648755,3.4348755,0.35487548,-0.7551245,-2.3151245,-1.7751245,-4.1351247,-2.2851245,-1.5551245,0.024875488,-3.3251245,-1.5451245,-6.0451245,-9.215124,-2.9151244,-5.8551245,-4.3851247
-7.2251244,-6.4851246,-5.0051246,-1.4651245,-0.085124515,-5.5151243,-2.7151246,-2.2551246,-6.1551247,-6.8851247,-4.9151244,-5.6951246,-4.6351247,-2.4951246,-1.1951245,-2.7751245,-2.0051246,-2.0751245,-2.7051246,-0.7751245,0.7848755,1.6748755,2.1648755,0.96487546,-0.9651245,0.3748755,2.4648755,1.6648755,2.0548754,1.3248755,2.2148755,2.9948754,3.6448755,2.7048755,-7.2051244,0.21487549,4.2448754,7.4048753,8.504875,6.0948753,7.4048753,3.2248755,-0.7451245,-4.2951245,0.11487549,-1.1751245,-3.5751245,1.4348755,-4.6151247,-2.3851244,1.6748755,-0.9551245,-3.4551246,-3.0651245,-3.8151245,-3.7851245,1.6548755
-3.5651245,-0.3151245,0.9048755,-1.1651245,-1.1951245,-1.8551245,-3.7151246,-1.5551245,-2.4551246,-1.1251245,-1.3351245,-0.6451245,-3.3251245,-2.1651244,-1.1251245,-1.0051246,-2.2351246,-3.0851245,-3.9851246,-3.0951245,-1.5951245,0.9048755,1.2948755,2.6048756,2.4548755,4.7148757,2.6748755,4.1348753,4.4648757,5.6348753,3.9448755,3.9548755,3.9548755,4.4948754,5.2648754,-1.1751245,2.5348754,4.6148753,6.4648757,3.5448754,6.4748755,2.1648755,-7.2151246,-0.3151245,3.6348755,-0.8951245,-3.9151244,-1.9851245,-3.9351244,-4.8051243,3.3948755,-4.7651243,-1.9451245,-1.2151245,-2.5651245,-5.9351244,-8.905125
2.0448754,2.3848755,2.0848756,-0.09512451,1.1648755,0.2248755,-3.0551245,-2.8051245,-3.9451246,-1.4751245,-2.8251245,-3.2951245,-3.3351245,-3.3251245,-3.9251244,-3.5551245,-4.3451247,-4.1651244,-3.7151246,-3.1851244,-2.2851245,-1.9051245,0.21487549,0.08487549,1.8148755,3.6048756,2.6648755,2.6748755,3.3848755,4.2148757,3.9048755,4.6548753,5.0448756,4.1248755,4.3148756,5.4148755,-2.2151246,4.3148756,7.7348757,5.6848755,2.1848755,4.7048755,-1.6751245,1.6948755,-2.5951245,-2.7051246,-5.1851244,-3.5351245,-2.4951246,-1.3951246,-1.5051246,-6.7651243,-8.995125,-0.6151245,-2.1351244,-1.3851246,0.96487546
-1.4651245,-2.8851244,-0.7651245,-0.27512452,-1.0251245,-4.3651247,-4.3651247,-3.8451245,-6.6751246,-5.3551245,-4.3051243,-4.2251244,-4.9951243,-4.5251245,-4.5051246,-5.0551243,-5.1351247,-3.7951245,-2.7551246,-3.3851244,-1.8451245,-0.8351245,-2.3051245,-1.1151245,-0.3751245,1.1048754,5.9248753,3.5548754,2.8548756,3.3248756,2.3248756,4.1448755,4.7248755,2.8448756,5.0748754,3.6448755,-2.9151244,0.4248755,3.4448755,6.6548753,6.9048753,2.3648756,-0.025124513,-0.4551245,-5.1951246,-1.4751245,-6.4551244,-0.7651245,-3.9451246,0.25487548,-3.9351244,-4.3651247,-4.8751245,-5.9051247,-4.8751245,-4.4551244,-5.7751245
-2.6151245,-0.6151245,-2.3651245,-3.2851245,-4.5451245,-7.1451244,-7.5351243,-7.7751245,-7.9051247,-7.9451246,-6.8851247,-4.8051243,-6.2351246,-6.0651245,-4.8951244,-4.4051247,-4.8951244,-2.5651245,0.5948755,2.7048755,-0.6751245,-1.4151245,-1.3251245,-1.1251245,-0.78512454,-0.78512454,-0.5951245,-1.7751245,-0.85512453,-0.5551245,1.4848754,1.8348755,3.9148755,2.2948754,2.6148756,4.4248753,-1.9351245,-2.5351245,-0.20512451,5.1148753,5.0548754,1.3348755,3.0448754,0.23487549,0.52487546,-3.9151244,-3.1951246,-2.8251245,2.5148754,-1.7251245,-0.07512451,-0.8951245,-3.6451244,-3.8251245,-4.7251244,-5.0451245,-6.3151245
1.4148755,0.8248755,0.24487549,-3.5151246,-5.9751244,-5.9851246,-6.9251246,-8.965124,-6.9751244,-7.1151247,-6.9351244,-6.7051244,-5.0651245,-6.2651243,-3.1351244,0.06487549,1.6348755,1.4048755,0.31487548,-1.6751245,-1.3451245,-2.1051245,-2.0051246,-3.0151246,-2.5551245,-2.9551246,-2.9551246,-3.6751244,-3.1751244,-1.9151245,-0.4851245,1.4448755,1.9548755,0.52487546,4.5648756,4.4848757,2.7148755,-3.5051246,-1.7451245,3.4848754,4.3148756,1.3648754,2.2848754,-0.39512452,-1.2751245,-3.1351244,-3.9351244,0.3048755,-1.1951245,-0.1951245,3.2548754,-2.8051245,-3.0251245,-4.2251244,-5.6351247,-4.5251245,-4.6151247
3.3148756,3.1548755,1.0348755,-2.2751245,-0.5251245,-2.0751245,-0.8951245,-1.4851245,-2.1751244,-0.7051245,-0.6351245,-1.8451245,-1.7551246,0.7248755,2.9648755,1.6648755,-0.8351245,1.0348755,0.9348755,-3.8951244,-2.2151246,-0.7151245,-0.9851245,-1.1251245,-3.6951246,-3.5551245,-3.8351245,-4.1251245,-3.6751244,-2.0751245,-1.0751245,0.14487548,1.7948755,3.4348755,5.1648755,6.0348754,4.7248755,-4.6851244,-1.0351245,5.1348753,6.6648755,4.8848753,-2.6051245,-0.6851245,-4.0651245,-2.5351245,-4.9951243,-2.7451246,-1.8051245,-2.1251245,-2.0751245,-2.3251245,-2.0751245,-3.1051245,-5.5851245,-0.91512454,0.21487549
4.5948753,4.8148756,5.9448757,4.3448753,4.6148753,4.3648753,4.4348755,4.3548756,3.6548755,-2.6651244,-1.1151245,-1.5451245,0.014875488,1.1248755,2.1948755,0.96487546,-0.4451245,0.47487548,-2.7551246,-3.2951245,-2.7351246,0.32487547,1.6348755,1.3748755,-2.2551246,-3.1551244,-2.6951246,-2.8351245,-2.3651245,-1.0851245,0.5548755,2.0648756,3.0248754,4.7948756,4.6448755,4.5748754,4.5148754,6.7448754,2.5048754,6.4148755,10.6848755,5.9948754,7.3848753,-1.7951245,-2.6251245,-1.3951246,-2.3151245,-1.2851245,-1.2251245,-2.3251245,-2.0951245,-0.4751245,1.2748755,1.0948755,-0.3251245,2.9548755,-1.9751245
5.0848756,5.9048753,6.1948757,6.6748753,6.5548754,5.5248756,6.1548753,5.7448754,5.5148754,5.2648754,1.0348755,0.71487546,3.2748754,1.4548755,2.7748754,1.8448755,0.6148755,2.3948755,1.8048755,1.2448754,1.9648755,1.7448754,3.0648756,1.3148755,-0.7551245,-2.2951245,-0.7351245,-3.3551245,-2.0951245,1.5748755,3.1148756,2.5248754,1.2348754,1.0848755,1.9948754,2.8148756,4.6448755,4.6348753,8.094875,-1.6551245,3.9348755,5.0048757,6.4748755,1.9148755,-5.6951246,-3.7651246,-1.8951246,-0.10512451,1.1248755,0.9048755,2.2648754,4.2348757,3.6048756,4.0648756,-0.24512452,7.5248756,2.6748755
5.2548757,6.5048757,7.1348753,7.0048757,6.4148755,6.2448754,6.4448757,5.2748756,4.7648754,8.614876,8.574876,7.5448756,6.2748756,3.7548754,3.8548756,1.9948754,0.9348755,3.1048756,3.2448754,2.5448754,3.8948755,2.7248755,4.7448754,0.21487549,-2.8751245,-1.0351245,0.5448755,2.9248755,-1.2951245,1.7148755,4.0548754,1.4748755,1.1248755,2.8848755,1.8448755,1.5948755,2.0148754,2.8448756,2.1348755,-5.2551246,-0.9051245,3.0048754,2.1248755,3.3548756,0.4648755,1.7448754,-2.6151245,-2.9651246,-0.11512451,1.1148754,3.6248755,-0.4451245,1.9248755,0.6648755,1.3748755,8.944876,6.6948757
5.5348754,7.0248756,5.8248754,7.2248755,6.2448754,4.9148755,4.8048754,3.9748755,6.3148756,6.5948753,9.124875,8.544875,4.9248753,5.3148756,4.3348756,-0.27512452,1.2948755,2.5548754,2.3348756,3.6648755,3.6048756,3.5448754,3.0548754,4.0948753,2.7048755,3.9048755,1.0648755,2.1548755,-3.1851244,3.0648756,0.9448755,-0.66512454,0.044875488,1.9648755,2.8448756,2.6248755,2.8848755,3.8848755,2.2648754,-4.2751245,-4.4051247,0.9148755,2.8648756,6.6748753,4.6048756,-3.8051245,-1.8151245,-0.46512452,0.9248755,-0.6351245,-1.7151245,0.8148755,2.1348755,1.6348755,3.4748755,6.0848756,4.1548753
5.9148755,6.3548756,5.2748756,7.6648755,5.6548753,3.3448756,1.9748755,4.5448756,5.8648753,5.6248755,8.354876,6.1348753,4.6548753,2.2748754,2.3048754,1.6748755,2.5348754,3.0248754,2.9348755,2.7848754,3.1048756,1.8948755,2.9548755,2.8848755,4.6048756,3.5148754,2.2448754,0.5548755,0.9448755,3.8648756,1.8648754,-1.0551245,0.9248755,2.3848755,3.6248755,3.1848755,3.5548754,6.2048755,1.2948755,-2.1651244,-0.6751245,-3.8151245,1.2448754,5.2348757,3.3048754,-2.0551245,-3.1651244,-1.9351245,0.41487548,-2.9951246,3.8948755,3.7348754,1.7148755,2.4548755,4.5448756,4.8048754,4.0848756
5.9448757,5.8748755,3.7848754,7.6748753,3.3648756,-0.18512452,-0.7351245,1.5148755,4.8648753,5.9648757,6.3748755,2.1848755,1.0048755,-1.0351245,1.8148755,0.6948755,1.7348754,3.1448755,1.8848755,0.3748755,-1.6151245,0.9748755,3.7048755,1.2948755,2.8748755,0.4248755,0.14487548,1.3848755,0.18487549,2.3548756,2.2548754,1.5848755,0.6548755,2.1448755,2.6548755,3.8848755,4.0348754,3.5048754,3.6848755,-0.1951245,0.03487549,-0.045124512,1.7248755,0.004875488,1.3248755,-0.27512452,0.08487549,2.6648755,3.5548754,9.294875,6.5648756,4.6248755,1.3148755,2.7448754,5.9548755,3.2648754,5.9448757
5.2348757,4.6548753,2.6448755,2.7448754,0.5648755,0.35487548,2.5448754,3.3048754,4.8948755,6.7348757,5.5648756,4.3648753,3.5848756,2.3148756,-1.0551245,3.3048754,1.3848755,1.6548755,1.4248755,-0.30512452,-1.0451245,1.6348755,2.0448754,0.5048755,3.2348754,0.004875488,1.9548755,0.17487548,1.2948755,1.2148755,1.1148754,1.2848755,0.6848755,0.8448755,2.5848756,4.5048757,2.8548756,2.3948755,0.28487548,1.6348755,-4.7251244,-2.9251244,2.9548755,-0.39512452,6.3748755,0.5048755,3.0248754,4.9748755,5.7448754,1.7948755,4.0648756,-1.8451245,0.4948755,-0.085124515,6.8748755,6.1448755,6.7148757
