json-data/2022072700.json
{"header": {"discipline":0,"disciplineName":"Meteorological products","gribEdition":2,"gribLength":47718,"center":7,"centerName":"US National Weather Service - NCEP(WMC)","subcenter":0,"refTime":"2022-07-27T00:00:00.000Z","significanceOfRT":1,"significanceOfRTName":"Start of forecast","productStatus":0,"productStatusName":"Operational products","productType":1,"productTypeName":"Forecast products","productDefinitionTemplate":0,"productDefinitionTemplateName":"Analysis/forecast at horizontal level/layer at a point in time","parameterCategory":0,"parameterCategoryName":"Temperature","parameterNumber":0,"parameterNumberName":"Temperature","parameterUnit":"K","genProcessType":2,"genProcessTypeName":"Forecast","forecastTime":0,"surface1Type":1,"surface1TypeName":"Ground or water surface","surface1Value":0.0,"surface2Type":255,"surface2TypeName":"Missing","surface2Value":0.0,"gridDefinitionTemplate":0,"gridDefinitionTemplateName":"Latitude_Longitude","numberPoints":65160,"shape":6,"shapeName":"Earth spherical with radius of 6,371,229.0 m","gridUnits":"degrees","resolution":48,"winds":"true","scanMode":0,"nx":360,"ny":181,"basicAngle":0,"lo1":0.0,"la1":90.0,"lo2":359.0,"la2":-90.0,"dx":1.0,"dy":1.0}, "data":
[rows 135 to 161 of 181, columns 120 to 179 of 360]
282.4001,282.4001,282.30008,282.10007,282.10007,282.4001,282.70007,282.80008,282.70007,282.30008,281.80008,282.00006,282.4001,282.50006,282.50006,282.50006,282.4001,282.60007,283.20007,283.9001,284.00006,283.60007,283.50006,283.9001,283.9001,283.80008,284.10007,284.70007,285.20007,285.9001,285.60007,284.60007,284.10007,284.10007,284.20007,284.10007,284.10007,284.10007,284.10007,283.80008,283.50006,283.70007,284.20007,284.50006,284.70007,284.80008,285.10007,285.4001,275.60007,273.80008,274.80008,281.20007,282.10007,281.20007,281.00006,281.10007,281.30008,281.50006,281.9001,282.00006
282.60007,282.4001,282.10007,281.9001,281.9001,282.10007,282.20007,282.30008,282.10007,281.9001,281.9001,282.10007,282.20007,282.30008,282.20007,282.30008,282.70007,283.10007,283.80008,284.20007,283.9001,283.30008,283.30008,283.60007,283.50006,283.10007,283.20007,283.80008,284.20007,284.9001,285.4001,285.00006,284.20007,283.30008,282.9001,282.80008,283.30008,283.50006,283.50006,283.20007,283.10007,283.60007,284.20007,284.80008,285.00006,285.10007,285.30008,275.60007,279.80008,279.60007,279.80008,281.9001,280.70007,280.9001,281.00006,281.10007,281.50006,281.80008,282.10007,282.20007
281.70007,281.80008,281.30008,281.30008,281.60007,281.80008,281.9001,281.9001,281.9001,281.9001,281.9001,282.10007,281.9001,281.9001,281.80008,281.9001,282.4001,282.80008,283.10007,283.30008,282.9001,282.60007,282.50006,282.4001,282.10007,281.9001,282.00006,282.30008,282.30008,283.20007,285.00006,285.70007,284.70007,283.4001,282.9001,282.9001,283.00006,282.9001,282.80008,282.70007,282.80008,283.00006,283.70007,284.60007,284.80008,284.80008,284.70007,284.60007,279.30008,283.20007,281.70007,280.50006,280.30008,280.20007,280.4001,280.80008,281.10007,281.4001,281.50006,281.60007
280.50006,280.30008,279.9001,279.9001,280.80008,281.30008,281.70007,281.9001,281.80008,281.70007,281.70007,281.60007,281.80008,281.80008,281.80008,282.10007,282.30008,282.70007,282.70007,282.60007,282.30008,281.9001,281.80008,281.70007,281.4001,281.4001,281.50006,281.80008,281.9001,282.10007,283.30008,284.10007,283.4001,282.9001,282.80008,282.9001,282.50006,282.00006,281.80008,281.9001,282.20007,282.70007,283.10007,283.4001,283.80008,283.80008,284.00006,283.70007,282.9001,281.70007,280.50006,280.10007,279.9001,279.80008,279.9001,280.10007,280.30008,280.4001,280.70007,280.9001
279.50006,279.20007,278.70007,278.60007,279.30008,280.00006,280.9001,281.50006,281.60007,281.30008,281.00006,281.00006,281.30008,281.10007,280.80008,280.9001,281.4001,281.70007,282.20007,282.30008,282.20007,282.00006,281.70007,281.30008,281.00006,280.9001,281.30008,281.9001,282.20007,282.00006,282.00006,282.10007,281.9001,282.10007,282.00006,282.00006,281.9001,281.50006,281.30008,281.50006,281.80008,282.30008,282.50006,282.70007,283.10007,282.9001,282.80008,282.30008,281.30008,280.80008,280.60007,280.4001,280.20007,279.9001,279.9001,279.9001,279.80008,279.70007,279.80008,280.00006
278.50006,278.50006,278.30008,278.4001,279.00006,279.70007,280.20007,280.50006,280.60007,280.10007,279.80008,279.70007,279.70007,279.70007,279.50006,279.50006,279.80008,280.10007,280.4001,280.80008,281.20007,281.60007,281.70007,281.20007,280.50006,280.30008,280.70007,281.4001,281.60007,281.20007,280.80008,280.60007,280.80008,281.4001,281.70007,281.70007,281.60007,281.20007,281.00006,281.30008,281.50006,281.70007,281.80008,281.80008,281.80008,282.10007,282.00006,281.20007,280.60007,280.50006,280.50006,280.4001,280.20007,279.9001,279.80008,279.70007,279.70007,279.50006,279.20007,279.30008
277.00006,277.60007,278.20007,278.50006,278.9001,279.20007,279.30008,279.4001,279.20007,278.9001,278.70007,278.50006,278.70007,278.80008,278.9001,279.00006,279.00006,279.00006,279.10007,279.10007,279.50006,280.00006,280.10007,280.10007,279.70007,279.60007,279.80008,280.20007,280.50006,280.4001,279.80008,279.70007,280.00006,280.70007,281.10007,281.20007,281.10007,280.9001,280.70007,280.80008,280.9001,280.80008,280.60007,280.9001,281.30008,281.50006,281.20007,280.70007,280.4001,280.00006,279.9001,279.80008,279.80008,279.70007,279.70007,279.70007,279.20007,278.9001,279.00006,279.20007
276.10007,276.80008,277.50006,278.00006,278.10007,278.00006,278.00006,278.00006,278.00006,278.10007,278.10007,277.9001,277.9001,278.30008,278.50006,278.50006,278.30008,278.00006,277.80008,277.80008,277.60007,277.80008,278.20007,278.4001,278.30008,278.4001,278.60007,279.30008,279.80008,279.70007,279.20007,278.80008,279.20007,279.60007,279.9001,280.20007,280.20007,280.00006,280.00006,280.10007,280.20007,280.10007,280.30008,280.60007,281.10007,280.9001,280.80008,280.50006,280.20007,279.80008,279.60007,279.60007,279.60007,279.80008,279.80008,279.4001,278.60007,278.80008,279.10007,279.30008
275.9001,276.20007,276.4001,276.80008,276.80008,276.70007,276.80008,276.9001,277.10007,277.20007,277.50006,277.50006,277.4001,277.4001,277.70007,277.60007,277.4001,277.4001,277.10007,277.00006,276.50006,276.10007,276.60007,276.9001,276.70007,276.70007,276.80008,277.80008,278.60007,278.70007,278.30008,277.9001,277.80008,278.30008,278.80008,279.00006,279.00006,278.9001,279.00006,279.10007,279.80008,280.4001,280.80008,281.30008,281.30008,280.9001,280.50006,280.20007,280.10007,279.60007,279.50006,279.4001,279.50006,279.70007,279.80008,278.9001,278.30008,278.4001,278.60007,279.10007
275.80008,275.80008,275.70007,275.80008,275.9001,275.9001,276.20007,276.4001,276.60007,276.70007,276.9001,277.00006,276.80008,277.00006,277.30008,277.30008,276.9001,276.60007,276.4001,276.20007,275.70007,275.10007,275.00006,275.10007,275.00006,275.00006,275.20007,275.70007,276.30008,277.10007,277.4001,277.10007,277.20007,277.70007,278.30008,278.4001,278.30008,278.10007,277.9001,277.60007,277.9001,278.70007,279.70007,280.60007,281.10007,280.80008,280.4001,279.9001,279.80008,279.70007,279.80008,279.9001,279.9001,279.9001,279.60007,279.00006,278.60007,278.50006,278.50006,279.00006
275.30008,275.4001,275.50006,275.70007,275.70007,275.70007,275.70007,275.70007,275.80008,276.00006,276.20007,276.30008,276.20007,276.10007,276.10007,276.10007,276.00006,275.9001,275.70007,275.4001,275.20007,274.70007,274.50006,274.50006,274.30008,274.30008,273.70007,273.70007,274.60007,275.70007,276.20007,276.4001,276.4001,276.70007,277.60007,277.70007,277.60007,277.30008,277.10007,276.9001,276.30008,276.20007,277.20007,278.4001,280.10007,280.70007,280.70007,280.4001,280.20007,280.10007,279.60007,279.4001,279.30008,279.30008,279.20007,278.70007,278.30008,278.20007,278.50006,279.20007
275.00006,275.20007,275.4001,275.50006,275.50006,275.30008,275.30008,275.4001,275.4001,275.20007,275.30008,275.60007,275.60007,275.4001,275.20007,275.20007,275.30008,275.30008,275.4001,275.4001,275.10007,274.60007,274.30008,274.10007,274.00006,274.00006,273.60007,273.20007,273.60007,274.60007,275.30008,275.60007,275.4001,275.50006,276.10007,276.4001,276.70007,276.50006,276.20007,275.60007,275.30008,275.4001,275.60007,276.30008,277.4001,278.9001,279.4001,279.60007,279.70007,279.60007,279.50006,279.50006,279.30008,279.10007,278.9001,278.80008,278.50006,278.20007,278.4001,279.00006
274.50006,274.50006,274.80008,274.9001,274.9001,274.80008,274.9001,275.10007,275.00006,274.70007,274.60007,274.60007,274.80008,274.9001,274.80008,274.9001,274.9001,275.00006,275.20007,275.30008,275.10007,274.70007,274.30008,274.10007,273.9001,273.80008,273.60007,273.30008,273.00006,273.50006,274.70007,274.80008,274.50006,274.80008,275.20007,275.60007,275.70007,275.4001,275.4001,275.20007,274.70007,274.70007,274.80008,275.20007,276.10007,277.20007,278.00006,278.50006,279.10007,279.4001,279.4001,279.30008,279.00006,278.9001,278.70007,278.60007,278.4001,278.20007,278.00006,278.10007
273.9001,273.80008,274.00006,273.80008,274.00006,274.20007,273.80008,274.50006,274.50006,274.4001,274.30008,274.30008,274.30008,274.30008,274.30008,274.30008,274.4001,274.70007,274.9001,274.9001,274.70007,274.50006,274.30008,274.00006,273.80008,273.70007,273.4001,273.20007,272.80008,272.70007,273.70007,274.20007,274.00006,274.30008,274.80008,274.9001,274.50006,274.60007,275.20007,275.30008,274.80008,274.60007,274.80008,275.30008,276.30008,276.80008,277.20007,277.60007,278.20007,278.70007,279.00006,278.9001,278.50006,278.00006,278.00006,278.00006,277.80008,277.50006,277.50006,277.9001
273.4001,273.30008,273.20007,273.30008,273.60007,273.9001,274.00006,274.00006,273.9001,274.00006,274.10007,274.20007,274.10007,274.00006,273.80008,273.80008,273.9001,273.9001,274.10007,274.00006,274.00006,274.00006,273.9001,273.70007,273.50006,273.4001,273.20007,273.10007,272.80008,272.50006,272.60007,273.30008,273.4001,273.60007,274.00006,274.20007,273.9001,273.9001,274.20007,274.60007,274.60007,274.4001,275.00006,275.4001,275.70007,275.9001,276.4001,276.80008,277.00006,277.70007,278.00006,277.9001,277.50006,277.30008,277.20007,276.60007,276.50006,276.50006,276.60007,277.00006
272.60007,272.60007,272.70007,273.10007,273.4001,273.60007,273.60007,273.60007,273.60007,273.00006,273.70007,273.70007,273.60007,273.50006,273.4001,273.30008,273.20007,273.10007,273.10007,272.9001,272.9001,272.9001,272.9001,273.00006,273.20007,273.20007,273.20007,273.20007,273.00006,272.70007,272.4001,272.70007,273.00006,273.30008,273.60007,273.80008,273.60007,273.30008,273.30008,273.30008,273.4001,273.30008,274.00006,274.60007,274.9001,274.80008,274.9001,275.30008,275.70007,276.00006,276.30008,276.4001,276.30008,276.20007,275.9001,275.60007,275.50006,275.30008,275.4001,275.4001
271.80008,271.60007,271.80008,272.10007,272.4001,272.70007,273.00006,273.30008,273.30008,273.30008,273.30008,273.10007,273.00006,272.9001,272.80008,272.70007,272.50006,272.30008,272.20007,272.20007,272.20007,272.20007,272.30008,272.30008,272.50006,272.50006,272.50006,272.70007,272.60007,272.4001,272.30008,272.10007,272.30008,272.4001,272.70007,273.00006,273.00006,272.70007,272.70007,272.60007,272.70007,272.70007,272.9001,273.10007,273.50006,273.60007,273.60007,273.70007,274.30008,274.70007,275.10007,275.4001,275.4001,275.20007,275.00006,274.9001,274.80008,274.60007,274.50006,274.30008
271.30008,271.30008,271.30008,271.60007,271.80008,271.80008,272.00006,272.20007,272.30008,272.50006,272.60007,272.70007,272.4001,272.10007,271.80008,271.70007,271.60007,271.4001,271.30008,271.50006,271.50006,271.4001,271.50006,271.60007,271.50006,271.60007,271.60007,270.4001,271.80008,271.80008,271.70007,270.70007,270.00006,271.60007,271.70007,271.4001,271.10007,272.10007,271.20007,271.4001,271.30008,271.20007,271.10007,271.20007,271.30008,271.50006,271.70007,271.80008,271.80008,273.20007,272.60007,273.9001,273.9001,274.20007,274.50006,274.60007,274.50006,274.20007,274.10007,274.10007
270.60007,270.80008,270.20007,270.70007,270.20007,271.30008,271.10007,271.4001,272.10007,272.10007,272.20007,271.60007,272.00006,271.80008,271.70007,271.50006,271.50006,271.4001,271.20007,271.00006,271.4001,270.50006,271.50006,271.10007,271.00006,269.00006,268.00006,269.00006,269.80008,268.4001,266.30008,266.10007,269.9001,268.10007,268.70007,270.00006,270.4001,269.30008,268.70007,269.00006,269.4001,269.70007,270.50006,270.10007,270.30008,270.20007,270.50006,270.80008,270.80008,271.00006,271.10007,270.60007,270.70007,270.9001,271.20007,271.30008,272.80008,272.70007,273.10007,272.4001
266.70007,265.30008,266.00006,265.20007,267.20007,270.50006,271.80008,271.50006,271.70007,271.9001,271.80008,271.50006,271.00006,270.60007,270.4001,270.60007,268.9001,266.30008,266.9001,267.20007,267.80008,269.60007,269.4001,265.4001,262.30008,261.10007,261.50006,259.50006,260.20007,259.00006,258.60007,260.00006,259.10007,257.60007,259.80008,260.70007,262.60007,264.30008,267.30008,269.4001,269.70007,267.70007,267.70007,268.60007,268.60007,269.60007,269.60007,269.70007,270.10007,269.4001,269.4001,269.70007,270.00006,270.30008,270.4001,270.70007,270.60007,271.10007,271.20007,271.30008
264.9001,265.30008,265.60007,267.30008,267.30008,267.10007,266.60007,266.20007,266.30008,266.10007,265.30008,264.9001,265.00006,264.50006,264.10007,262.70007,260.9001,259.30008,258.4001,257.80008,256.00006,255.50008,256.20007,256.50006,257.60007,258.30008,257.30008,257.20007,257.4001,257.30008,257.00006,256.70007,258.00006,260.80008,261.30008,260.80008,262.70007,262.20007,263.9001,265.60007,265.80008,264.60007,264.50006,265.4001,264.9001,264.50006,264.4001,264.9001,265.10007,265.70007,265.9001,266.80008,266.10007,266.50006,266.9001,267.30008,268.00006,268.4001,269.20007,269.4001
265.80008,266.80008,266.10007,266.30008,267.10007,266.9001,265.9001,265.80008,265.60007,267.60007,264.9001,265.20007,265.10007,265.70007,266.60007,259.30008,256.70007,255.00008,254.70007,254.20007,251.10007,247.70007,247.50008,252.20007,250.00008,250.90007,247.80008,249.60007,252.20007,254.40007,256.10007,255.00008,250.80008,256.4001,255.80008,256.10007,256.70007,259.60007,259.10007,259.50006,259.70007,260.00006,261.10007,264.50006,267.20007,267.10007,262.80008,262.60007,263.4001,263.70007,263.50006,263.00006,262.50006,263.4001,263.10007,263.10007,262.20007,261.20007,261.70007,261.50006
266.50006,266.4001,265.9001,264.50006,263.60007,261.60007,258.60007,263.4001,265.30008,265.10007,263.60007,258.4001,256.50006,253.50008,253.60007,249.80008,247.20007,248.30008,249.80008,250.90007,253.20007,254.20007,255.20007,255.50008,257.80008,256.30008,246.40007,258.70007,258.10007,251.80008,248.20007,248.10007,249.00008,254.50008,255.70007,255.20007,255.10007,254.30008,254.70007,254.70007,254.20007,254.00008,253.80008,256.60007,256.80008,260.9001,259.10007,256.00006,254.50008,253.50008,252.80008,252.50008,253.40007,252.90007,249.50008,247.20007,247.40007,247.10007,246.20007,246.80008
259.60007,258.00006,256.60007,254.90007,252.70007,251.50008,251.00008,251.00008,251.40007,251.30008,250.20007,248.00008,246.60007,243.20007,240.90007,240.30008,242.90007,244.30008,244.20007,243.20007,244.20007,246.20007,247.60007,249.50008,254.60007,254.70007,252.40007,253.60007,253.00008,254.00008,251.20007,253.10007,258.20007,259.20007,259.00006,252.30008,253.40007,253.50008,252.40007,249.90007,248.30008,242.70007,243.40007,245.30008,250.40007,250.30008,249.60007,244.00008,248.80008,248.90007,242.50008,242.70007,240.60007,241.60007,240.20007,239.50008,240.20007,241.00008,240.70007,241.90007
250.80008,249.70007,247.80008,246.40007,244.40007,243.20007,241.70007,241.50008,240.90007,240.90007,240.10007,239.40007,238.80008,236.00008,236.30008,232.40007,231.90007,233.20007,234.70007,237.10007,240.50008,243.00008,244.80008,246.20007,246.70007,247.10007,248.60007,248.10007,247.90007,246.60007,247.10007,249.10007,249.20007,248.10007,247.80008,250.40007,246.20007,247.80008,255.50008,245.30008,240.00008,242.00008,251.40007,241.70007,250.30008,239.40007,242.50008,240.00008,236.30008,241.30008,243.30008,239.90007,239.70007,240.60007,242.00008,242.80008,244.10007,244.40007,243.30008,242.50008
243.50008,242.50008,241.50008,241.10007,239.70007,237.90007,236.60007,235.00008,233.80008,232.40007,233.90007,232.70007,232.50008,233.70007,233.20007,232.60007,232.90007,232.30008,232.30008,234.00008,236.90007,239.20007,241.10007,241.60007,241.90007,242.50008,242.60007,242.60007,242.20007,242.70007,242.40007,242.00008,242.30008,241.90007,240.00008,239.00008,238.40007,239.60007,238.60007,239.10007,240.30008,244.50008,253.70007,257.9001,249.50008,246.20007,242.60007,240.50008,236.80008,239.90007,241.70007,239.40007,243.10007,247.70007,245.90007,245.30008,244.90007,244.50008,244.10007,244.20007
235.80008,234.90007,234.40007,233.70007,233.20007,232.40007,231.10007,230.00008,230.00008,229.70007,227.70007,225.50008,224.80008,227.60007,229.80008,229.50008,233.20007,234.10007,235.00008,235.30008,236.70007,237.30008,237.80008,238.10007,238.70007,238.90007,238.90007,238.50008,237.90007,237.70007,236.90007,236.50008,236.10007,235.70007,234.60007,234.10007,233.60007,232.90007,232.40007,233.70007,239.10007,237.70007,245.10007,230.50008,235.30008,236.20007,228.80008,237.80008,239.70007,235.00008,242.40007,250.00008,248.70007,246.70007,245.80008,244.60007,244.60007,244.60007,243.90007,243.50008
