json-data/2022072212.json
{"header": {"discipline":0,"disciplineName":"Meteorological products","gribEdition":2,"gribLength":47820,"center":7,"centerName":"US National Weather Service - NCEP(WMC)","subcenter":0,"refTime":"2022-07-22T12:00:00.000Z","significanceOfRT":1,"significanceOfRTName":"Start of forecast","productStatus":0,"productStatusName":"Operational products","productType":1,"productTypeName":"Forecast products","productDefinitionTemplate":0,"productDefinitionTemplateName":"Analysis/forecast at horizontal level/layer at a point in time","parameterCategory":0,"parameterCategoryName":"Temperature","parameterNumber":0,"parameterNumberName":"Temperature","parameterUnit":"K","genProcessType":2,"genProcessTypeName":"Forecast","forecastTime":0,"surface1Type":1,"surface1TypeName":"Ground or water surface","surface1Value":0.0,"surface2Type":255,"surface2TypeName":"Missing","surface2Value":0.0,"gridDefinitionTemplate":0,"gridDefinitionTemplateName":"Latitude_Longitude","numberPoints":65160,"shape":6,"shapeName":"Earth spherical with radius of 6,371,229.0 m","gridUnits":"degrees","resolution":48,"winds":"true","scanMode":0,"nx":360,"ny":181,"basicAngle":0,"lo1":0.0,"la1":90.0,"lo2":359.0,"la2":-90.0,"dx":1.0,"dy":1.0}, "data":
[rows 0 to 26 of 181, columns 183 to 243 of 360]
272.9317,272.9317,272.9317,272.9317,272.9317,272.9317,272.9317,272.9317,272.9317,272.9317,272.9317,272.9317,272.9317,272.9317,272.9317,272.9317,272.9317,272.9317,272.9317,272.9317,272.9317,272.9317,272.9317,272.9317,272.9317,272.9317,272.9317,272.9317,272.9317,272.9317,272.9317,272.9317,272.9317,272.9317,272.9317,272.9317,272.9317,272.9317,272.9317,272.9317,272.9317,272.9317,272.9317,272.9317,272.9317,272.9317,272.9317,272.9317,272.9317,272.9317,272.9317,272.9317,272.9317,272.9317,272.9317,272.9317,272.9317,272.9317,272.9317,272.9317,272.9317
272.7317,272.7317,272.8317,272.8317,272.8317,272.8317,272.8317,272.8317,272.8317,272.8317,272.8317,272.8317,272.8317,272.8317,272.8317,272.7317,272.7317,272.7317,272.7317,272.7317,272.7317,272.7317,272.7317,272.7317,272.7317,272.7317,272.7317,272.63168,272.63168,272.63168,272.63168,272.63168,272.63168,272.63168,272.63168,272.63168,272.63168,272.7317,272.63168,272.63168,272.63168,272.63168,272.63168,272.63168,272.63168,272.63168,272.63168,272.63168,272.63168,272.63168,272.63168,272.63168,272.63168,272.63168,272.63168,272.63168,272.63168,272.63168,272.63168,272.63168,272.63168
273.03168,273.03168,273.03168,273.03168,273.03168,273.03168,273.03168,273.03168,273.13168,273.13168,273.03168,273.03168,273.03168,273.03168,273.03168,273.03168,273.03168,273.03168,273.03168,273.03168,273.03168,273.03168,273.03168,273.03168,273.03168,273.03168,273.03168,273.03168,273.03168,273.03168,273.03168,272.9317,272.9317,272.9317,273.03168,273.03168,272.9317,272.9317,272.9317,272.9317,272.9317,272.9317,272.9317,272.9317,272.9317,272.8317,272.8317,272.9317,272.9317,272.9317,272.9317,272.9317,272.9317,272.9317,272.8317,272.9317,272.9317,272.9317,272.8317,272.8317,272.8317
273.13168,273.13168,273.13168,273.13168,273.13168,273.13168,273.13168,273.13168,273.13168,273.13168,273.13168,273.13168,273.13168,273.13168,273.13168,273.13168,273.13168,273.13168,273.13168,273.03168,273.03168,273.03168,273.03168,273.13168,273.03168,273.03168,273.03168,273.03168,273.03168,273.03168,273.03168,273.13168,273.13168,273.13168,273.13168,273.13168,273.13168,273.13168,273.03168,273.03168,273.03168,273.03168,273.03168,273.03168,273.03168,273.03168,273.03168,272.9317,272.9317,273.03168,273.03168,273.03168,273.03168,273.03168,273.03168,273.03168,273.03168,273.03168,273.03168,273.03168,273.03168
273.03168,273.03168,273.03168,273.03168,273.03168,273.13168,273.13168,273.13168,273.13168,273.13168,273.13168,273.13168,273.13168,273.13168,273.13168,273.13168,273.13168,273.13168,273.13168,273.13168,273.13168,273.03168,273.03168,273.03168,273.03168,273.13168,273.13168,273.03168,273.03168,273.03168,273.03168,273.03168,273.03168,273.03168,273.03168,273.03168,273.03168,273.03168,273.03168,273.03168,273.13168,273.13168,273.13168,273.13168,273.13168,273.13168,273.13168,273.13168,273.13168,273.13168,273.13168,273.13168,273.13168,273.13168,273.13168,273.13168,273.13168,273.13168,273.03168,273.03168,273.03168
273.13168,273.13168,273.13168,273.13168,273.13168,273.13168,273.13168,273.03168,273.03168,273.03168,273.03168,273.03168,273.03168,273.03168,273.03168,273.03168,273.03168,273.03168,273.03168,273.03168,273.03168,273.03168,273.03168,273.03168,273.13168,273.13168,273.03168,273.03168,273.03168,273.03168,273.03168,273.03168,273.03168,273.03168,273.03168,273.03168,273.13168,273.13168,273.13168,273.13168,273.13168,273.13168,273.13168,273.13168,273.13168,273.13168,273.13168,273.13168,273.13168,273.13168,273.13168,273.13168,273.13168,273.13168,273.13168,273.03168,273.13168,273.13168,273.03168,273.13168,273.13168
273.03168,273.03168,273.13168,273.13168,273.03168,273.03168,273.03168,273.13168,273.03168,273.13168,273.13168,273.03168,273.03168,273.03168,273.03168,273.03168,273.03168,273.13168,273.03168,273.13168,273.03168,273.03168,273.03168,273.03168,273.03168,273.03168,273.03168,273.03168,273.13168,273.13168,273.03168,273.03168,273.03168,273.13168,273.13168,273.13168,273.13168,273.13168,273.13168,273.13168,273.13168,273.13168,273.13168,273.13168,273.13168,273.13168,273.13168,273.13168,273.13168,273.13168,273.03168,273.03168,273.13168,273.03168,273.03168,273.03168,273.03168,273.13168,273.13168,273.13168,273.13168
273.03168,273.03168,273.03168,273.03168,273.03168,273.13168,273.13168,273.13168,273.13168,273.13168,273.13168,273.13168,273.13168,273.13168,273.13168,273.13168,273.13168,273.03168,273.03168,273.13168,273.13168,273.13168,273.03168,273.03168,273.13168,273.13168,273.13168,273.13168,273.13168,273.13168,273.13168,273.13168,273.13168,273.13168,273.13168,273.13168,273.13168,273.13168,273.13168,273.13168,273.13168,273.13168,273.13168,273.13168,273.13168,273.13168,273.13168,273.13168,273.13168,273.13168,273.13168,273.13168,273.13168,273.13168,273.13168,273.13168,273.13168,273.13168,273.13168,273.13168,273.13168
273.03168,273.03168,273.13168,273.03168,273.03168,273.03168,273.03168,273.13168,273.03168,273.03168,273.13168,273.03168,273.03168,273.13168,273.03168,273.13168,273.03168,273.03168,273.03168,273.03168,273.13168,273.13168,273.13168,273.13168,273.13168,273.13168,273.03168,273.13168,273.13168,273.13168,273.03168,273.13168,273.13168,273.13168,273.13168,273.13168,273.13168,273.13168,273.13168,273.13168,273.13168,273.13168,273.13168,273.13168,273.13168,273.13168,273.13168,273.13168,273.13168,273.13168,273.13168,273.13168,273.13168,273.13168,273.13168,273.13168,273.13168,273.13168,273.13168,273.13168,273.13168
273.13168,273.03168,273.13168,273.13168,273.13168,273.13168,273.03168,273.03168,273.03168,273.03168,273.03168,273.03168,273.03168,273.03168,273.03168,273.03168,273.03168,273.13168,273.13168,273.13168,273.13168,273.13168,273.13168,273.13168,273.13168,273.13168,273.13168,273.13168,273.03168,273.13168,273.13168,273.03168,273.13168,273.13168,273.13168,273.13168,273.13168,273.13168,273.13168,273.13168,273.13168,273.13168,273.13168,273.13168,273.13168,273.13168,273.13168,273.13168,273.13168,273.13168,273.13168,273.13168,273.13168,273.13168,273.13168,273.13168,273.13168,273.13168,273.13168,273.13168,273.13168
273.03168,273.13168,273.03168,273.03168,273.13168,273.03168,273.13168,273.03168,273.13168,273.13168,273.03168,273.03168,273.03168,273.03168,273.03168,273.03168,273.03168,273.13168,273.13168,273.13168,273.13168,273.13168,273.13168,273.13168,273.13168,273.13168,273.13168,273.13168,273.13168,273.13168,273.13168,273.13168,273.13168,273.13168,273.13168,273.13168,273.13168,273.13168,273.13168,273.2317,273.13168,273.13168,273.13168,273.13168,273.13168,273.13168,273.13168,273.13168,273.03168,273.03168,273.03168,273.03168,273.13168,273.03168,273.13168,273.13168,273.13168,273.13168,273.13168,273.13168,273.13168
273.03168,273.13168,273.03168,273.03168,273.03168,273.03168,273.03168,273.03168,273.13168,273.03168,273.03168,273.03168,273.13168,273.03168,273.03168,273.03168,273.03168,273.03168,273.13168,273.03168,273.13168,273.13168,273.13168,273.13168,273.13168,273.13168,273.13168,273.13168,273.13168,273.13168,273.13168,273.13168,273.13168,273.13168,273.13168,273.13168,273.13168,273.13168,273.13168,273.13168,273.13168,273.13168,273.13168,273.13168,273.13168,273.13168,273.13168,273.13168,273.13168,273.13168,273.13168,273.13168,273.13168,273.13168,273.13168,273.13168,273.13168,273.13168,273.13168,273.03168,273.13168
273.03168,273.03168,273.03168,273.03168,273.03168,273.03168,273.03168,273.03168,273.03168,273.03168,273.03168,273.03168,273.03168,273.03168,273.03168,273.03168,273.03168,273.03168,273.03168,273.03168,273.03168,273.03168,273.03168,273.03168,273.03168,273.03168,273.03168,273.03168,273.03168,273.03168,273.03168,273.03168,273.03168,273.03168,273.03168,273.03168,273.03168,273.03168,273.03168,273.03168,273.03168,273.03168,273.03168,272.9317,273.03168,273.03168,273.03168,273.13168,273.13168,273.13168,273.13168,273.03168,273.13168,273.13168,273.13168,273.13168,273.13168,273.13168,273.03168,273.03168,273.03168
273.03168,273.03168,273.03168,273.03168,272.9317,272.9317,272.9317,272.9317,272.8317,272.8317,272.8317,272.8317,272.9317,272.9317,272.8317,272.8317,272.9317,272.8317,272.9317,272.9317,272.9317,272.8317,272.9317,272.9317,272.9317,273.03168,273.03168,273.03168,273.03168,273.03168,273.03168,273.03168,273.03168,273.13168,273.03168,273.03168,273.03168,272.9317,272.9317,273.03168,273.03168,273.03168,273.03168,273.03168,273.03168,273.03168,273.03168,273.03168,273.03168,273.03168,272.9317,272.8317,272.9317,272.8317,272.8317,272.8317,272.63168,273.03168,275.63168,276.13168,276.13168
271.13168,271.4317,272.7317,272.9317,272.8317,272.8317,272.8317,272.8317,272.7317,272.63168,272.7317,272.7317,271.53168,272.4317,272.4317,272.53168,272.2317,272.13168,272.13168,272.13168,272.2317,272.03168,272.3317,271.8317,272.8317,272.7317,272.8317,272.7317,272.8317,273.03168,273.03168,273.03168,273.03168,273.03168,273.03168,273.03168,273.13168,273.03168,273.03168,273.03168,273.03168,273.03168,273.03168,273.03168,273.03168,273.03168,273.03168,273.03168,273.03168,273.03168,272.7317,272.63168,272.7317,272.4317,272.7317,274.03168,275.9317,277.9317,272.7317,273.4317,272.8317
272.2317,272.03168,272.03168,271.53168,271.3317,271.4317,271.8317,271.9317,271.8317,272.13168,271.7317,272.13168,272.4317,272.4317,272.8317,272.7317,272.53168,271.9317,271.8317,272.03168,272.3317,272.3317,271.9317,271.9317,272.03168,272.53168,272.53168,272.53168,272.53168,272.4317,272.4317,272.2317,272.63168,272.63168,272.7317,272.8317,272.8317,272.8317,272.9317,272.9317,272.8317,272.9317,273.03168,272.9317,273.03168,272.9317,273.03168,273.03168,272.9317,272.9317,272.8317,272.9317,272.9317,272.9317,272.9317,272.9317,272.63168,272.53168,272.7317,272.8317,272.9317
272.63168,272.4317,272.63168,272.63168,271.9317,271.53168,271.4317,271.4317,271.4317,271.4317,272.53168,272.3317,272.4317,271.9317,271.63168,271.9317,271.53168,271.53168,271.8317,272.7317,272.7317,272.7317,272.2317,272.8317,272.7317,273.03168,272.7317,272.3317,272.8317,272.8317,272.8317,272.8317,272.8317,272.8317,272.8317,272.7317,272.8317,272.8317,272.7317,272.7317,272.8317,272.3317,272.3317,272.63168,272.7317,272.8317,272.9317,272.9317,272.9317,273.03168,272.7317,272.2317,272.13168,280.3317,282.03168,280.4317,279.13168,278.8317,277.2317,281.3317,280.03168
271.4317,271.4317,271.2317,271.7317,271.63168,271.53168,271.63168,271.9317,272.03168,271.4317,271.3317,271.63168,271.4317,271.4317,271.7317,271.4317,271.63168,271.63168,272.03168,272.13168,272.2317,272.4317,272.63168,272.8317,272.8317,272.8317,272.63168,272.53168,272.8317,272.8317,272.9317,272.8317,272.9317,272.8317,273.03168,272.9317,272.7317,272.63168,272.63168,272.63168,272.53168,272.7317,272.7317,272.7317,272.63168,272.7317,272.63168,272.7317,272.8317,272.8317,272.4317,272.13168,272.4317,283.9317,284.9317,285.13168,284.9317,286.4317,284.7317,279.53168,273.13168
271.9317,271.2317,271.3317,271.3317,271.3317,271.4317,271.3317,272.8317,276.3317,276.63168,274.9317,276.03168,276.2317,271.3317,275.53168,274.8317,271.63168,271.63168,271.63168,271.63168,271.7317,273.53168,271.53168,271.53168,271.9317,272.3317,272.2317,272.53168,272.53168,272.8317,272.9317,272.9317,272.9317,273.13168,272.9317,272.7317,272.7317,272.7317,272.53168,272.53168,272.3317,272.13168,272.4317,272.53168,272.7317,272.63168,272.4317,272.63168,272.3317,272.63168,276.4317,276.3317,285.63168,284.8317,285.03168,286.2317,286.53168,272.4317,272.2317,285.9317,286.13168
271.4317,271.3317,273.8317,276.13168,276.53168,276.7317,276.9317,277.13168,277.53168,277.8317,278.63168,278.63168,278.3317,277.9317,277.4317,276.9317,276.2317,275.63168,275.13168,274.8317,275.3317,275.03168,275.03168,273.53168,273.03168,271.8317,271.9317,271.9317,272.3317,272.4317,271.9317,273.03168,272.2317,272.4317,272.53168,272.8317,272.4317,272.3317,272.2317,272.03168,271.8317,271.9317,272.13168,272.3317,272.03168,276.63168,276.63168,273.7317,276.63168,275.13168,276.7317,276.63168,276.4317,276.2317,273.53168,271.63168,271.9317,272.03168,272.03168,286.63168,286.53168
271.3317,275.2317,275.9317,277.8317,277.4317,278.3317,278.4317,278.53168,279.03168,279.4317,280.13168,280.2317,280.2317,280.3317,279.7317,279.3317,279.63168,279.2317,279.63168,279.63168,279.2317,280.2317,280.7317,280.53168,280.2317,279.7317,278.63168,278.03168,277.9317,277.13168,277.13168,277.8317,277.9317,277.63168,277.8317,271.7317,276.03168,276.4317,277.2317,277.3317,277.13168,277.13168,277.2317,277.4317,277.2317,277.2317,277.03168,283.4317,276.03168,284.13168,281.7317,276.7317,276.9317,276.7317,276.7317,276.63168,276.63168,276.53168,274.13168,272.03168,286.7317
271.53168,271.63168,271.53168,277.03168,277.8317,278.03168,278.63168,278.8317,279.03168,279.4317,279.8317,279.7317,279.63168,280.3317,278.7317,276.9317,276.7317,276.8317,277.03168,277.9317,278.9317,279.9317,280.7317,281.53168,280.8317,279.8317,282.03168,283.13168,282.8317,282.53168,281.8317,280.03168,279.13168,278.53168,279.7317,280.53168,280.53168,281.63168,284.2317,285.2317,279.3317,279.63168,284.63168,284.2317,277.63168,284.7317,284.7317,285.3317,285.2317,286.3317,286.13168,286.53168,287.4317,287.13168,287.2317,286.63168,287.03168,287.13168,288.13168,285.8317,273.63168
273.03168,272.2317,271.7317,276.7317,277.13168,276.9317,277.4317,277.53168,277.3317,278.13168,278.8317,279.4317,279.53168,276.2317,275.53168,275.9317,274.53168,276.3317,279.3317,279.7317,272.7317,275.3317,271.63168,272.13168,272.4317,273.13168,274.53168,273.03168,274.2317,276.13168,278.63168,281.03168,280.8317,281.7317,281.03168,280.63168,283.4317,285.53168,282.4317,279.13168,279.2317,280.4317,284.63168,285.3317,284.8317,284.4317,282.9317,286.53168,288.03168,287.2317,286.13168,286.13168,286.63168,285.4317,285.8317,284.4317,284.9317,284.53168,285.9317,287.7317,286.53168
273.7317,272.9317,273.8317,273.2317,272.2317,277.3317,277.3317,276.9317,277.3317,277.7317,278.4317,279.4317,279.8317,280.03168,278.7317,279.53168,275.53168,274.9317,274.53168,277.7317,278.8317,279.53168,275.3317,278.13168,279.63168,277.9317,278.7317,276.03168,278.53168,280.3317,283.03168,283.3317,283.03168,284.53168,283.13168,281.3317,280.03168,277.7317,278.8317,282.4317,281.53168,280.9317,282.13168,285.03168,285.2317,286.13168,283.8317,284.9317,283.8317,284.4317,284.03168,281.03168,284.03168,285.53168,286.7317,284.03168,284.3317,284.9317,285.03168,285.03168,284.13168
276.3317,275.63168,274.7317,274.13168,273.2317,272.63168,272.7317,277.13168,277.9317,279.3317,279.8317,278.4317,278.3317,279.2317,279.13168,280.9317,274.8317,273.3317,271.8317,276.2317,278.8317,280.9317,281.13168,279.7317,280.3317,280.03168,279.3317,281.2317,281.3317,282.53168,281.4317,282.4317,282.3317,281.3317,281.13168,280.53168,280.53168,277.63168,279.03168,278.03168,281.13168,277.9317,278.9317,280.3317,282.3317,282.53168,283.4317,284.53168,286.13168,287.13168,284.13168,285.2317,284.3317,287.03168,286.8317,276.7317,276.53168,277.03168,277.63168,286.03168,284.3317
280.2317,280.13168,276.2317,275.2317,274.53168,278.2317,277.7317,277.63168,278.3317,279.4317,280.4317,277.63168,277.53168,277.63168,278.2317,278.53168,279.53168,277.53168,272.3317,274.2317,277.3317,278.13168,278.63168,280.2317,280.53168,281.03168,280.7317,281.03168,281.2317,281.4317,282.3317,280.63168,278.53168,277.8317,279.2317,281.4317,281.9317,281.13168,280.7317,279.4317,278.2317,277.9317,281.63168,279.03168,276.53168,279.4317,281.9317,282.03168,283.63168,280.03168,284.53168,285.4317,286.03168,284.8317,282.4317,282.4317,278.8317,287.4317,286.53168,287.53168,286.3317
280.13168,280.2317,280.03168,279.9317,279.63168,279.2317,278.9317,278.8317,279.03168,279.4317,280.53168,281.8317,282.9317,283.9317,284.53168,284.7317,285.2317,275.9317,274.53168,274.9317,275.4317,277.2317,278.4317,279.7317,278.9317,279.63168,280.3317,280.2317,279.53168,276.03168,278.63168,281.13168,280.7317,276.4317,277.4317,280.7317,279.7317,282.2317,280.2317,280.4317,277.13168,281.2317,279.8317,281.9317,282.13168,280.53168,279.4317,279.3317,281.63168,280.13168,279.13168,283.63168,284.9317,284.53168,284.9317,285.2317,287.9317,287.63168,286.9317,284.2317,285.7317
