json-data/2022072512.json
{"header": {"discipline":0,"disciplineName":"Meteorological products","gribEdition":2,"gribLength":47985,"center":7,"centerName":"US National Weather Service - NCEP(WMC)","subcenter":0,"refTime":"2022-07-25T12:00:00.000Z","significanceOfRT":1,"significanceOfRTName":"Start of forecast","productStatus":0,"productStatusName":"Operational products","productType":1,"productTypeName":"Forecast products","productDefinitionTemplate":0,"productDefinitionTemplateName":"Analysis/forecast at horizontal level/layer at a point in time","parameterCategory":0,"parameterCategoryName":"Temperature","parameterNumber":0,"parameterNumberName":"Temperature","parameterUnit":"K","genProcessType":2,"genProcessTypeName":"Forecast","forecastTime":0,"surface1Type":1,"surface1TypeName":"Ground or water surface","surface1Value":0.0,"surface2Type":255,"surface2TypeName":"Missing","surface2Value":0.0,"gridDefinitionTemplate":0,"gridDefinitionTemplateName":"Latitude_Longitude","numberPoints":65160,"shape":6,"shapeName":"Earth spherical with radius of 6,371,229.0 m","gridUnits":"degrees","resolution":48,"winds":"true","scanMode":0,"nx":360,"ny":181,"basicAngle":0,"lo1":0.0,"la1":90.0,"lo2":359.0,"la2":-90.0,"dx":1.0,"dy":1.0}, "data":
[rows 140 to 167 of 181, columns 252 to 314 of 360]
279.4147,279.4147,279.2147,279.3147,279.3147,279.4147,279.5147,279.4147,279.3147,279.2147,279.2147,279.2147,279.1147,279.0147,279.0147,279.0147,279.0147,279.1147,279.0147,278.9147,279.0147,278.9147,278.8147,278.8147,278.9147,278.9147,279.1147,279.2147,279.4147,279.7147,279.9147,280.2147,280.4147,279.5147,261.1147,254.0147,262.3147,264.8147,266.4147,264.9147,268.7147,278.9147,279.1147,279.3147,279.2147,279.0147,278.8147,278.8147,279.0147,278.4147,277.9147,277.8147,277.7147,277.4147,277.1147,276.8147,276.9147,276.8147,276.6147,276.7147,276.6147,276.4147,276.4147
278.9147,279.0147,279.0147,279.0147,279.1147,279.2147,279.4147,279.3147,279.2147,279.1147,278.9147,278.6147,278.5147,278.5147,278.5147,278.6147,278.6147,278.6147,278.7147,278.6147,278.6147,278.6147,278.5147,278.4147,278.5147,278.7147,278.9147,278.9147,279.1147,279.6147,279.9147,280.5147,280.8147,274.3147,265.5147,260.1147,259.8147,264.7147,264.8147,277.4147,278.6147,278.8147,278.8147,278.7147,278.8147,278.5147,278.3147,278.3147,278.2147,277.8147,277.7147,277.9147,278.0147,277.8147,277.4147,276.9147,276.6147,276.7147,276.6147,276.2147,275.8147,275.5147,275.8147
278.5147,278.6147,278.7147,278.9147,278.9147,279.0147,279.1147,279.1147,279.0147,278.8147,278.7147,278.4147,278.3147,278.3147,278.3147,278.3147,278.2147,278.2147,278.1147,278.1147,278.2147,278.2147,278.1147,278.1147,278.1147,278.3147,278.3147,278.3147,278.4147,278.8147,279.1147,279.7147,280.4147,276.7147,276.5147,272.6147,269.4147,264.3147,264.2147,268.0147,277.8147,278.4147,278.3147,278.3147,278.4147,278.2147,278.2147,277.0147,275.5147,274.3147,277.7147,278.0147,277.5147,277.2147,276.9147,276.6147,276.4147,276.5147,276.6147,276.5147,275.8147,275.1147,275.0147
278.2147,278.4147,278.7147,278.9147,278.9147,279.0147,279.1147,278.9147,278.6147,278.5147,278.4147,278.3147,278.2147,278.2147,278.2147,278.1147,278.0147,278.0147,277.9147,277.9147,278.0147,277.9147,277.9147,277.9147,277.9147,277.9147,278.0147,278.1147,278.2147,278.3147,278.6147,279.2147,279.6147,279.8147,276.5147,274.6147,273.4147,274.5147,273.4147,272.1147,277.4147,278.1147,278.0147,278.0147,278.0147,277.9147,277.7147,277.8147,277.9147,277.9147,277.8147,277.5147,277.2147,276.7147,276.5147,276.4147,276.5147,276.7147,276.8147,276.5147,275.7147,275.1147,274.5147
278.1147,278.2147,278.4147,278.6147,278.7147,278.7147,278.7147,278.6147,278.6147,278.3147,278.2147,278.3147,278.2147,278.1147,278.0147,277.8147,277.8147,277.8147,277.9147,278.0147,278.0147,277.9147,277.9147,277.8147,277.7147,277.7147,277.9147,278.1147,278.2147,278.3147,278.2147,278.4147,278.8147,279.2147,279.4147,279.1147,273.1147,276.2147,275.3147,273.8147,273.0147,276.9147,277.6147,277.9147,277.8147,277.4147,277.2147,277.1147,277.0147,276.9147,277.0147,277.1147,277.2147,276.9147,276.7147,276.7147,276.6147,276.5147,276.5147,276.2147,276.0147,276.1147,276.1147
277.9147,277.9147,278.1147,278.2147,278.4147,278.3147,278.2147,278.1147,278.0147,277.9147,277.9147,277.9147,278.0147,278.0147,277.9147,277.9147,277.8147,277.7147,277.7147,277.8147,277.8147,277.8147,277.8147,277.7147,277.7147,277.6147,277.7147,278.0147,278.1147,278.2147,278.1147,278.0147,278.1147,278.3147,278.5147,278.7147,278.8147,278.0147,275.1147,272.3147,266.1147,276.9147,276.4147,277.8147,277.7147,277.5147,277.4147,277.3147,277.3147,277.3147,277.2147,277.2147,277.1147,276.9147,276.4147,276.3147,276.1147,276.1147,276.1147,275.8147,275.6147,275.6147,275.9147
277.2147,277.4147,277.6147,277.7147,277.7147,277.5147,277.5147,277.4147,277.4147,277.4147,277.4147,277.4147,277.5147,277.6147,277.6147,277.7147,277.6147,277.5147,277.5147,277.6147,277.6147,277.6147,277.4147,277.4147,277.4147,277.4147,277.4147,277.5147,277.6147,277.6147,277.6147,277.6147,277.7147,277.6147,277.8147,277.9147,278.1147,278.3147,278.6147,278.6147,278.2147,278.0147,277.3147,276.8147,276.3147,276.2147,276.0147,276.0147,276.2147,276.4147,276.5147,276.5147,276.2147,275.8147,275.4147,275.3147,275.5147,275.6147,275.4147,275.0147,274.4147,273.9147,273.9147
276.6147,276.8147,277.1147,277.2147,277.2147,277.1147,276.9147,276.9147,277.0147,277.0147,277.1147,277.1147,277.0147,276.9147,277.1147,277.1147,277.3147,277.3147,277.4147,277.4147,277.4147,277.2147,277.1147,277.1147,277.2147,277.4147,277.3147,277.3147,277.3147,277.4147,277.5147,277.4147,277.4147,277.5147,277.7147,277.9147,278.0147,278.2147,278.3147,278.3147,278.0147,277.7147,277.1147,276.6147,275.7147,275.6147,275.4147,275.3147,275.4147,274.9147,275.0147,274.9147,274.2147,273.4147,273.1147,273.2147,273.4147,273.6147,273.7147,273.1147,272.9147,272.9147,272.8147
276.2147,276.4147,276.6147,276.7147,276.5147,276.3147,276.4147,276.5147,276.7147,276.7147,276.7147,276.6147,276.4147,276.2147,276.1147,276.2147,276.3147,276.5147,276.5147,276.5147,276.6147,276.6147,276.7147,276.9147,277.1147,277.3147,277.2147,277.0147,276.9147,277.0147,277.2147,277.2147,277.3147,277.3147,277.4147,277.7147,278.0147,278.3147,278.4147,278.1147,277.4147,277.0147,276.3147,275.8147,274.9147,274.5147,274.1147,273.6147,273.1147,272.5147,272.2147,272.0147,272.1147,272.1147,272.4147,272.2147,272.0147,271.9147,272.0147,271.9147,271.9147,272.0147,272.0147
275.3147,275.6147,275.7147,275.7147,276.0147,275.9147,276.0147,276.3147,276.4147,276.4147,276.3147,276.2147,276.1147,275.8147,275.7147,275.9147,276.0147,276.1147,276.2147,276.1147,275.9147,276.0147,276.4147,276.7147,276.7147,276.6147,276.6147,276.6147,276.6147,276.5147,276.7147,276.7147,277.0147,277.1147,277.0147,276.9147,277.2147,277.4147,277.3147,277.0147,276.1147,275.3147,274.7147,274.2147,273.1147,272.6147,272.2147,272.1147,272.0147,271.8147,271.8147,271.9147,272.0147,272.1147,272.1147,271.9147,271.6147,271.5147,271.4147,271.6147,271.6147,271.8147,271.8147
274.6147,274.8147,274.9147,275.0147,275.1147,275.3147,275.5147,275.8147,275.9147,275.9147,275.7147,275.6147,275.6147,275.5147,275.5147,275.5147,275.6147,275.7147,275.8147,275.6147,275.3147,275.4147,275.8147,276.1147,276.3147,276.4147,276.4147,276.3147,276.3147,276.2147,276.0147,275.9147,276.0147,276.2147,276.0147,275.9147,275.7147,275.7147,275.6147,275.4147,274.8147,274.0147,273.3147,272.4147,271.7147,271.5147,271.4147,271.4147,271.4147,271.6147,271.7147,271.8147,271.8147,271.9147,271.8147,271.7147,271.6147,271.5147,271.8147,272.1147,272.5147,272.2147,271.6147
273.5147,274.5147,274.5147,274.4147,274.5147,274.6147,274.9147,275.2147,275.3147,275.3147,275.2147,275.0147,275.1147,275.1147,275.0147,275.0147,275.0147,275.1147,275.2147,275.0147,274.9147,274.8147,275.0147,275.4147,275.6147,275.5147,275.5147,275.6147,275.7147,275.6147,275.5147,275.4147,275.3147,275.3147,275.0147,274.6147,274.4147,274.3147,274.1147,273.8147,273.4147,272.8147,272.3147,271.8147,271.5147,271.5147,271.4147,271.4147,271.3147,271.4147,271.5147,271.7147,271.7147,271.6147,271.6147,271.9147,272.1147,272.2147,272.6147,272.5147,272.4147,272.2147,271.8147
274.1147,274.2147,274.2147,274.1147,274.0147,274.0147,274.0147,274.1147,274.3147,274.4147,274.4147,274.4147,274.4147,274.2147,274.0147,274.0147,274.2147,274.2147,274.1147,274.1147,274.1147,274.3147,274.4147,274.4147,274.4147,274.5147,274.5147,274.4147,274.4147,274.6147,274.8147,274.7147,274.7147,274.3147,273.8147,273.4147,273.0147,272.9147,272.4147,272.0147,271.7147,271.6147,271.6147,271.5147,271.5147,271.4147,271.3147,271.3147,271.3147,271.3147,271.3147,271.5147,271.9147,272.1147,272.0147,272.2147,271.7147,272.2147,272.2147,271.4147,270.5147,270.0147,267.7147
273.6147,273.6147,273.5147,273.6147,273.7147,273.6147,273.5147,273.4147,273.6147,273.6147,273.7147,273.6147,273.4147,273.4147,273.2147,273.1147,273.0147,272.9147,273.1147,273.3147,273.4147,273.6147,273.8147,273.9147,273.9147,273.9147,273.7147,273.3147,273.0147,273.1147,273.3147,273.5147,273.0147,272.7147,272.0147,271.7147,271.6147,271.6147,271.6147,271.4147,271.4147,271.3147,271.3147,271.4147,271.4147,270.6147,271.3147,270.6147,270.5147,269.9147,270.2147,269.8147,270.9147,271.3147,271.6147,271.3147,270.7147,269.9147,269.1147,269.1147,267.7147,265.6147,264.7147
272.8147,272.5147,272.5147,272.8147,272.9147,272.9147,272.8147,272.8147,273.0147,272.9147,272.8147,272.7147,272.7147,272.7147,272.6147,272.4147,272.2147,272.1147,272.6147,272.7147,272.7147,272.9147,272.9147,273.0147,273.0147,272.9147,272.2147,271.7147,271.5147,271.5147,271.4147,271.4147,271.5147,271.5147,271.5147,271.5147,271.5147,271.1147,271.2147,271.2147,271.2147,271.2147,271.3147,271.3147,271.4147,270.7147,268.3147,266.5147,259.5147,258.7147,260.6147,264.3147,267.8147,267.7147,268.4147,267.9147,268.0147,267.7147,267.0147,264.1147,264.1147,264.4147,263.8147
271.9147,271.9147,272.0147,272.0147,272.0147,272.1147,272.1147,272.3147,272.3147,272.2147,272.0147,272.0147,271.9147,271.9147,271.9147,271.7147,271.6147,271.7147,271.8147,271.9147,271.9147,271.7147,271.7147,271.7147,271.7147,271.6147,271.4147,271.2147,271.2147,271.2147,271.2147,271.1147,270.9147,267.8147,270.3147,269.2147,266.5147,266.7147,267.1147,266.4147,269.9147,271.2147,269.8147,271.4147,266.2147,260.9147,255.21469,259.8147,254.4147,256.0147,258.2147,261.0147,260.8147,264.3147,262.8147,263.3147,263.7147,264.0147,263.8147,263.6147,263.0147,262.4147,262.0147
271.3147,271.5147,271.6147,271.5147,271.4147,271.3147,271.5147,271.5147,271.5147,271.4147,271.3147,271.1147,271.3147,271.4147,271.4147,271.3147,271.3147,271.3147,271.3147,270.7147,271.3147,271.2147,271.2147,271.2147,271.2147,271.2147,271.2147,271.2147,271.2147,268.2147,262.2147,260.3147,259.9147,261.3147,264.2147,260.6147,262.0147,262.2147,262.7147,267.5147,271.2147,268.6147,269.5147,263.0147,255.6147,257.0147,256.2147,254.6147,259.6147,258.4147,256.5147,252.9147,251.5147,251.4147,252.71469,253.3147,255.3147,256.9147,257.9147,259.2147,259.9147,260.1147,259.9147
271.3147,271.2147,271.4147,271.2147,271.3147,271.3147,271.3147,271.3147,271.3147,271.1147,271.2147,271.2147,271.0147,270.9147,271.1147,271.3147,271.3147,271.3147,271.0147,270.1147,268.3147,266.7147,265.9147,264.3147,265.3147,264.7147,262.7147,259.2147,257.7147,256.6147,257.1147,256.7147,257.1147,258.3147,259.0147,261.1147,259.7147,261.7147,264.3147,266.6147,256.3147,262.9147,251.5147,257.0147,258.0147,261.0147,260.9147,258.0147,256.2147,255.1147,254.71469,253.5147,253.71469,252.8147,252.5147,253.6147,254.71469,256.1147,257.7147,258.1147,258.3147,258.7147,258.6147
270.6147,270.5147,270.4147,270.4147,270.5147,270.6147,270.6147,270.5147,270.5147,270.5147,270.6147,270.6147,270.4147,270.4147,270.5147,269.7147,267.5147,266.3147,265.3147,262.3147,260.3147,259.9147,257.2147,256.4147,255.1147,254.0147,252.9147,253.6147,254.0147,254.6147,254.1147,255.0147,255.8147,256.7147,259.4147,257.8147,257.4147,258.5147,262.8147,262.2147,262.6147,258.2147,253.0147,252.6147,250.4147,259.1147,259.5147,257.4147,254.3147,251.0147,249.71469,248.9147,248.71469,248.71469,250.71469,252.8147,254.4147,253.8147,254.9147,255.8147,257.4147,257.8147,257.6147
270.3147,270.2147,270.1147,270.4147,270.4147,270.2147,270.2147,270.2147,270.3147,270.3147,270.4147,270.4147,266.6147,263.8147,261.8147,261.4147,261.0147,259.7147,257.9147,256.2147,255.3147,253.71469,253.1147,250.8147,249.5147,249.5147,249.8147,250.4147,251.3147,253.4147,254.21469,257.0147,256.7147,256.8147,255.1147,255.8147,256.7147,247.3147,254.0147,257.0147,261.2147,261.7147,253.8147,249.4147,254.8147,253.0147,257.7147,258.6147,256.6147,254.5147,252.71469,251.6147,249.5147,252.0147,252.4147,253.1147,253.4147,253.6147,254.3147,254.5147,254.5147,253.9147,253.3147
267.4147,266.8147,267.8147,268.5147,270.1147,264.1147,264.3147,261.2147,260.8147,260.4147,260.6147,260.7147,259.3147,259.1147,259.0147,255.71469,255.0147,254.71469,254.8147,253.8147,255.1147,253.4147,253.3147,253.1147,252.71469,254.5147,255.1147,256.7147,255.3147,254.4147,255.3147,255.0147,253.8147,251.0147,247.1147,249.4147,253.1147,252.0147,256.1147,254.9147,258.9147,256.1147,252.8147,247.9147,241.0147,253.71469,255.9147,251.71469,249.8147,248.8147,248.3147,246.5147,249.9147,251.5147,252.21469,251.71469,250.3147,251.1147,252.5147,247.4147,248.21469,252.0147,252.0147
259.2147,258.1147,258.6147,258.4147,258.5147,258.3147,258.1147,260.1147,260.2147,259.1147,258.8147,257.7147,254.5147,255.6147,255.71469,254.8147,254.21469,253.6147,253.4147,254.3147,253.21469,253.9147,253.21469,251.6147,252.4147,252.9147,253.71469,253.6147,253.5147,254.1147,255.0147,254.9147,246.4147,242.71469,247.5147,247.71469,246.71469,253.71469,253.5147,258.8147,249.6147,253.71469,248.9147,239.8147,238.1147,246.1147,248.9147,243.5147,248.6147,248.0147,248.71469,249.1147,248.21469,247.9147,249.3147,249.1147,247.9147,246.71469,243.0147,244.21469,246.21469,251.1147,253.6147
256.9147,256.3147,256.6147,255.5147,253.71469,253.3147,247.21469,243.71469,241.1147,244.4147,245.9147,241.9147,247.5147,251.4147,254.6147,252.0147,248.8147,249.1147,248.71469,245.9147,246.71469,246.0147,250.0147,249.6147,251.9147,251.71469,251.8147,252.5147,252.71469,253.8147,249.4147,249.1147,250.8147,245.8147,244.5147,246.8147,251.0147,254.0147,255.8147,256.4147,256.0147,259.4147,253.0147,249.1147,241.5147,246.4147,242.71469,239.71469,242.5147,246.6147,246.5147,247.3147,245.71469,247.71469,248.3147,245.1147,242.9147,246.5147,248.6147,244.0147,242.4147,243.9147,249.9147
253.21469,251.9147,251.6147,250.21469,249.6147,244.71469,243.6147,243.21469,243.21469,240.3147,235.5147,234.21469,229.6147,231.8147,230.21469,233.71469,231.71469,230.3147,233.1147,235.1147,237.1147,239.4147,240.0147,244.1147,239.6147,233.71469,240.4147,245.3147,248.4147,246.4147,246.6147,248.4147,247.4147,244.1147,246.8147,249.71469,249.1147,250.9147,251.71469,255.71469,254.9147,251.6147,247.6147,242.6147,241.71469,242.6147,244.71469,240.4147,240.71469,242.8147,246.3147,248.71469,247.0147,247.8147,246.71469,248.3147,246.9147,244.5147,244.5147,242.1147,245.3147,249.9147,253.21469
248.71469,251.21469,250.5147,252.3147,250.21469,244.5147,232.1147,241.0147,243.6147,242.1147,240.5147,240.21469,240.1147,236.5147,230.5147,226.0147,234.1147,234.1147,233.6147,236.5147,239.4147,239.5147,241.0147,242.9147,244.6147,244.8147,245.8147,241.9147,237.4147,238.3147,241.5147,245.71469,244.71469,243.0147,242.4147,242.3147,242.5147,241.8147,242.8147,241.3147,237.6147,234.21469,239.21469,239.1147,244.0147,244.3147,242.0147,241.8147,251.1147,249.0147,249.71469,249.1147,249.4147,248.9147,245.0147,247.21469,250.5147,245.6147,242.1147,247.4147,251.4147,254.0147,256.2147
245.3147,246.1147,249.21469,249.4147,249.6147,251.3147,252.3147,248.6147,247.71469,246.3147,242.71469,238.4147,235.9147,235.4147,237.4147,238.3147,239.4147,239.3147,240.1147,238.3147,236.71469,236.4147,236.4147,238.4147,239.4147,239.1147,235.5147,234.5147,237.3147,240.21469,240.0147,236.6147,237.1147,234.9147,233.1147,232.6147,233.9147,235.4147,237.6147,238.4147,241.21469,242.21469,244.4147,245.1147,245.6147,247.21469,248.5147,248.3147,250.3147,252.0147,252.1147,252.4147,252.71469,253.5147,252.6147,250.21469,248.5147,249.21469,251.1147,252.8147,254.6147,256.7147,258.8147
243.4147,245.21469,246.21469,246.3147,243.5147,244.1147,244.21469,245.0147,245.71469,245.3147,245.3147,246.1147,246.1147,246.1147,245.5147,243.5147,242.4147,241.1147,240.0147,238.71469,238.3147,238.21469,238.4147,238.21469,239.4147,239.8147,241.0147,242.8147,241.1147,243.0147,245.1147,244.0147,243.21469,242.3147,241.5147,239.9147,239.4147,239.0147,239.71469,241.21469,242.5147,245.6147,246.5147,246.71469,247.1147,249.0147,250.21469,249.9147,251.3147,252.21469,252.9147,252.8147,249.3147,250.0147,251.3147,252.6147,253.9147,254.4147,255.21469,257.1147,259.2147,259.9147,260.4147
234.71469,239.21469,241.0147,240.6147,240.3147,239.1147,236.21469,233.9147,232.0147,231.6147,230.3147,230.6147,234.71469,236.4147,240.21469,238.71469,233.0147,235.1147,238.6147,236.3147,236.21469,240.3147,241.6147,242.3147,241.3147,240.3147,240.6147,238.0147,237.21469,237.9147,241.5147,245.5147,245.8147,245.5147,245.3147,244.9147,244.4147,244.3147,244.71469,245.6147,246.0147,247.0147,247.5147,250.5147,251.5147,251.9147,252.4147,253.6147,254.1147,254.6147,254.71469,255.5147,255.4147,255.4147,255.9147,256.6147,256.7147,257.1147,257.3147,257.6147,257.2147,256.6147,256.7147
