json-data/2022072606.json
{"header": {"discipline":0,"disciplineName":"Meteorological products","gribEdition":2,"gribLength":79391,"center":7,"centerName":"US National Weather Service - NCEP(WMC)","subcenter":0,"refTime":"2022-07-26T06:00:00.000Z","significanceOfRT":1,"significanceOfRTName":"Start of forecast","productStatus":0,"productStatusName":"Operational products","productType":1,"productTypeName":"Forecast products","productDefinitionTemplate":0,"productDefinitionTemplateName":"Analysis/forecast at horizontal level/layer at a point in time","parameterCategory":2,"parameterCategoryName":"Momentum","parameterNumber":3,"parameterNumberName":"V-component_of_wind","parameterUnit":"m.s-1","genProcessType":2,"genProcessTypeName":"Forecast","forecastTime":0,"surface1Type":103,"surface1TypeName":"Specified height level above ground","surface1Value":10.0,"surface2Type":255,"surface2TypeName":"Missing","surface2Value":0.0,"gridDefinitionTemplate":0,"gridDefinitionTemplateName":"Latitude_Longitude","numberPoints":65160,"shape":6,"shapeName":"Earth spherical with radius of 6,371,229.0 m","gridUnits":"degrees","resolution":48,"winds":"true","scanMode":0,"nx":360,"ny":181,"basicAngle":0,"lo1":0.0,"la1":90.0,"lo2":359.0,"la2":-90.0,"dx":1.0,"dy":1.0}, "data":
[rows 26 to 51 of 181, columns 0 to 57 of 360]
-9.829876,-11.129875,-11.869876,-12.979876,-13.429875,-13.269876,-11.819876,-5.0198755,0.30012453,-2.4098754,-1.1898755,1.1801245,1.9301245,0.8701245,1.4101245,2.1701245,3.2701244,3.2701244,4.3601246,4.0901246,3.6401246,7.5501246,9.4401245,8.220124,4.4101243,4.3401246,4.3501244,4.7101245,5.1201243,5.2501245,5.0601244,3.3801246,3.5901246,3.5601244,4.3001246,3.8301246,2.9001245,3.6201246,3.1901245,2.6601245,2.6301246,2.5801246,2.2801244,2.0301244,1.6701245,1.2201245,-0.05987549,-0.22987549,-0.8798755,-1.5598755,-2.0098755,-1.9598755,-2.4398756,-2.5498755,-2.2798755,-1.9598755,-1.9798754,-2.6098754
-10.819876,-12.099875,-12.869876,-13.569876,-14.579876,-14.279876,5.6201243,1.2801245,-0.5298755,-0.3898755,-2.1798754,-2.8098755,-1.0598755,-1.0798755,0.6301245,3.3201246,2.6401246,2.8701246,2.2501245,7.2401247,8.290125,9.870125,4.3901243,4.3601246,4.7001247,4.5901246,5.5301247,4.5001245,5.9501247,3.4901245,3.9801245,3.5501244,4.2801247,2.8501246,3.4101245,3.3901246,2.6901245,2.6501245,3.0701246,2.4401245,1.8801246,1.6201245,1.4101245,1.5801245,1.3001245,0.7401245,0.20012452,-0.28987548,-1.3498755,-1.6898755,-2.0398755,-2.2098756,-2.1598754,-2.2698755,-2.3198755,-2.3198755,-2.4198754,-2.0498755
-10.869876,-11.249875,-11.749875,-12.879875,-13.619876,-10.869876,2.5601244,1.8301245,1.0701245,0.23012452,-0.9498755,1.6601245,0.7001245,2.7701244,2.3601246,2.5501244,2.7801244,1.8901246,6.8501244,8.260124,9.040125,9.120125,3.8901246,4.5301247,4.2001247,4.4001245,4.8001246,4.2201247,3.6101246,2.4201245,2.4001245,2.9101245,2.3501246,2.0201244,1.6801245,2.9701245,2.2901244,2.1601245,1.8201245,1.5501245,1.1201245,1.6101245,1.0001245,0.34012452,0.3801245,0.4801245,0.16012451,-0.70987546,-1.4498755,-1.3998755,-1.7598755,-2.2498755,-2.4198754,-2.4998755,-2.4398756,-2.7898755,-2.7098756,-2.5098755
-10.499875,-10.589875,-10.969875,-11.709875,-11.039875,-6.4698753,0.6401245,1.2701246,-1.3398755,-0.4298755,-0.069875486,0.7801245,1.3801246,1.7601246,2.0801246,2.3001244,2.1401246,1.7901245,4.7601247,6.7701244,6.3801246,11.290125,6.0701246,5.1701245,5.0501246,4.5501246,3.5701246,2.3501246,2.7101245,2.9401245,1.5601245,0.8901245,2.2101245,1.9801245,1.5801245,1.3501245,1.6601245,1.5501245,1.0801245,0.4101245,0.3501245,0.3901245,0.31012452,0.5101245,0.4401245,-0.03987549,-0.7998755,-1.1798755,-1.8998755,-2.1098754,-2.0798755,-2.0998755,-2.0598755,-2.5098755,-2.7598755,-3.0598755,-2.7898755,-2.6898756
-9.879875,-10.509875,-10.649876,-10.819876,-11.139875,-10.209875,-1.3998755,-0.6098755,-3.8398755,-0.4898755,-0.01987549,1.1801245,2.4701245,2.6701245,2.0701246,2.4501245,1.5601245,1.9101245,3.2201245,8.920124,11.290125,12.6901245,11.210125,10.720124,6.9801245,7.9701247,6.5001245,6.0701246,5.8301244,4.0501246,2.3401246,1.5301245,0.79012454,0.9501245,0.8701245,0.7401245,0.5201245,1.2451172E-4,0.09012451,-0.09987549,0.14012451,0.3901245,0.49012452,-0.12987548,-0.4598755,-0.5998755,-1.1998755,-1.0198755,-0.9798755,-1.0298755,-1.3098755,-1.8498755,-1.9998755,-2.0898755,-2.2398756,-2.7898755,-3.4498756,-3.4798756
-9.099875,-9.669875,-9.919875,-10.079876,-10.369876,-10.869876,-8.859876,-5.0698757,-5.8798757,-1.2098755,-0.19987549,6.1501245,3.6801245,6.0701246,6.7401247,2.4901245,1.5401245,2.1901245,3.1401246,10.510124,12.250125,11.9401245,11.310124,9.820125,5.5901246,4.7801247,4.3001246,3.4901245,3.3901246,2.2401245,1.4601245,1.1001245,-0.11987549,-0.6598755,-0.18987548,-1.1198754,-1.4398755,-1.7298754,-1.5898755,-0.5398755,-0.3598755,-0.6898755,-0.7198755,-0.9498755,-1.2498755,-1.4598755,-1.8598754,-1.8698754,-2.1498754,-2.2098756,-2.5898755,-2.3798754,-2.1498754,-1.9298755,-2.4798756,-2.6698754,-3.3498755,-3.0998755
-8.889875,-8.399876,-8.699876,-9.089875,-9.259875,-9.699876,-9.619876,-7.4898753,-3.9298754,-1.6098754,1.0501245,2.8501246,2.9501245,2.9301245,2.9801245,2.7201245,1.9201245,2.9501245,4.7401247,7.1001244,11.140124,11.230124,8.800124,10.970124,10.860125,4.8601246,3.6301246,2.7401245,3.8601246,1.6201245,0.9301245,0.20012452,0.09012451,-0.6198755,-1.5498755,-1.3798755,-1.7498755,-2.5298755,-2.0598755,-0.5998755,-1.2698755,-0.64987546,-0.5698755,-1.2298754,-1.3698754,-1.8098755,-2.1198754,-2.4298754,-2.6898756,-2.3398755,-2.7398756,-2.0698755,-1.7498755,-2.3998754,-2.9198754,-2.9598756,-3.2398756,-3.4698756
-8.279876,-9.079876,-9.419875,-9.039875,-8.289875,-8.629875,-7.9698753,-7.1498756,-5.7598753,-3.7298756,-0.6398755,-0.6598755,-0.1798755,-0.12987548,3.8501246,2.4801245,1.7001245,2.5101244,4.1701245,4.9801245,7.1901245,10.810124,5.2801247,5.8801246,5.9601245,4.5501246,3.6701245,2.4601245,2.1301246,0.8301245,0.4101245,0.16012451,-1.1398755,-1.1398755,-1.2598755,-1.6198754,-1.6598755,-1.8698754,-2.1098754,-1.9098755,-1.5898755,-0.8098755,-0.9798755,-1.6098754,-1.1598755,-2.4898756,-2.2298756,-3.3498755,-3.7098756,-3.0198755,-2.1698754,-0.8698755,-0.6398755,-1.0898755,-1.8398755,-2.0598755,-1.6598755,-2.6498754
-7.7098756,-7.6298757,-7.7498755,-8.419875,-8.199876,-7.9298754,-7.5198755,-7.2998753,-7.3798757,-2.4598756,-1.8898755,-3.4898756,-3.6898756,0.27012452,1.8001245,2.0501244,1.6901245,2.3101244,2.6801245,2.6601245,4.6701245,9.200125,6.5401244,5.5601244,5.7101245,5.0201244,3.1001246,2.0501244,1.3801246,0.2501245,0.17012452,-0.3898755,-0.9898755,-1.1398755,-1.7898755,-1.7998755,-2.3698754,-2.4698756,-2.6198754,-1.4298755,-0.6798755,-1.0698755,-1.4498755,-0.89987546,-1.6598755,-2.8298755,-3.8898754,-3.6298754,-1.5698755,-1.3298755,-0.1798755,0.34012452,-0.5398755,-1.3898755,-1.9598755,-1.4298755,-1.6198754,0.040124513
-6.8898754,-6.9398756,-7.2098756,-7.0498753,-7.6198754,-7.4398756,-7.6298757,-7.1898756,-7.9898753,-3.8798754,-4.3998756,-4.6598754,-1.3098755,2.2001245,2.4601245,2.1601245,1.7501245,0.8701245,1.8501245,-1.0998755,5.5701246,6.8901243,5.0301247,5.0501246,5.1701245,4.4701247,2.7601244,2.2901244,0.6901245,-0.2998755,-0.83987546,-1.4498755,-1.5598755,-2.1098754,-1.5998755,-1.7298754,-2.4598756,-2.1498754,-2.4198754,-1.4698755,-0.7498755,-0.8198755,-0.8198755,-1.5198755,-2.1598754,-2.6298754,-1.9098755,-1.5998755,-2.1198754,-1.4098755,0.8101245,0.60012454,-1.0598755,-1.7098755,-2.1998756,-2.1798754,-2.4998755,-1.6098754
-4.2998753,-6.7398753,-7.1798754,-7.5398755,-8.729876,-8.949876,-8.759875,-8.109876,-7.6798754,-5.6798754,-1.3298755,1.0001245,1.3401245,1.9301245,1.3201245,0.5801245,0.6201245,-0.09987549,-1.7798755,-1.7098755,4.4901247,5.6101246,4.9101243,3.8401246,3.8201246,3.8701246,2.3001244,1.7101245,0.6801245,-0.95987546,-1.8198755,-1.9598755,-2.4898756,-2.6398754,-2.2798755,-2.1998756,-2.4998755,-2.9698756,-2.7698755,-2.3298755,-2.4698756,-1.3298755,-1.8598754,-2.0198755,-1.6898755,-2.5698755,-2.7498755,-2.9298754,-3.0298755,-0.6198755,0.3901245,-0.6898755,-2.0398755,-2.1798754,-2.0398755,-2.9698756,-2.1098754,0.14012451
-3.0698755,-6.0498753,-7.6698756,-8.129875,-8.229876,-9.099875,-3.7898755,-3.1298754,-1.3398755,-0.9498755,0.3501245,0.4401245,1.5801245,0.7201245,0.3601245,0.010124512,-1.4298755,-2.1998756,-3.8798754,-0.9198755,4.4401245,4.7601247,4.2301245,4.6701245,4.0901246,3.5701246,2.5701246,1.5601245,-0.07987549,-1.5298755,-2.2998755,-2.0998755,-2.3098755,-2.5698755,-3.1298754,-3.0498755,-2.7898755,-2.9998755,-3.5198755,-2.9798756,-1.9698755,-1.6798755,-1.8798755,-1.7698755,-1.5898755,-2.4398756,-2.7398756,-1.3198755,-0.8698755,-0.08987549,-0.9898755,-2.6898756,-2.1298754,-2.8698754,-3.5098755,-3.7698755,-2.0898755,-0.8598755
-3.1198754,-3.9298754,-8.169875,-7.4398756,-6.3698754,-2.5298755,-1.1398755,1.0101246,1.3901246,1.6201245,1.4501245,-0.22987549,0.13012451,-0.3698755,-0.51987547,-0.9198755,-0.3298755,-3.7498755,-4.1598754,-1.7598755,2.4701245,4.7501245,4.7401247,4.0701246,3.4801245,2.7801244,1.7601246,1.1101245,-0.28987548,-1.4898754,-1.9098755,-2.4298754,-3.2098756,-2.9098754,-3.1398754,-3.6898756,-3.5298755,-2.8298755,-2.5598755,-2.9498756,-1.4998755,-0.24987549,-1.2098755,-1.8798755,-3.0098755,-2.9098754,-3.0398755,-0.4898755,0.3301245,-1.2498755,-2.2998755,-1.8198755,-2.2698755,-2.2498755,-1.8898755,-0.9798755,0.5501245,3.0201244
-2.2298756,-2.8898754,-2.9498756,-1.2998755,-0.7798755,-0.19987549,1.9101245,0.20012452,0.5601245,0.5801245,0.43012452,1.3201245,0.8901245,-0.7498755,-1.5298755,-1.8798755,-1.3698754,-3.6098754,-2.6098754,-2.3798754,2.8801246,2.3901246,4.9001245,4.2101245,3.0501244,3.0901246,1.6401246,0.7201245,-0.9098755,-2.0098755,-2.4198754,-3.4698756,-3.2898755,-3.7198756,-3.6398754,-3.1198754,-3.5498755,-3.0098755,-1.1298755,-0.40987548,0.8001245,0.49012452,-0.049875487,0.5001245,1.2451172E-4,-0.70987546,-0.9798755,0.9601245,-0.9298755,-1.9798754,-2.0398755,-0.7198755,-2.3998754,-1.7098755,-1.8298755,-2.5198755,0.09012451,3.3301246
-5.4398756,-3.9898756,-2.0098755,-2.8498755,1.9501245,1.6501245,0.34012452,0.9901245,-0.82987547,-0.3398755,-1.6198754,-1.2198755,-0.7298755,-1.8198755,-1.1798755,-1.7098755,-1.2798755,-0.4598755,-2.1498754,-0.2698755,-0.1798755,2.5501244,2.8901246,2.9701245,3.2201245,2.9301245,2.0701246,-0.15987548,-1.2598755,-2.1598754,-3.1198754,-3.5198755,-3.5698755,-3.6498754,-3.8898754,-3.7098756,-4.1298757,-2.9598756,-3.3998754,-2.7898755,-0.21987548,1.8301245,0.4101245,1.3901246,1.6401246,-0.22987549,1.3301245,1.5601245,-1.1398755,-1.7598755,-0.7198755,-1.0498755,-1.3698754,-1.2298754,-0.22987549,0.24012451,-0.76987547,-1.7698755
-0.07987549,-1.3098755,-0.3898755,0.5501245,0.7101245,1.6701245,0.14012451,0.14012451,-0.029875489,-0.109875485,0.4401245,-0.3998755,0.040124513,1.1201245,1.1901245,1.1201245,-1.8498755,-1.7398754,-1.6298755,1.4701245,0.7201245,0.7001245,1.2101245,2.0001245,1.2001245,2.8601246,2.1701245,-0.049875487,-0.8498755,-2.5998755,-3.4998755,-3.5398755,-4.0798755,-4.0098753,-3.4598756,-4.0398755,-4.3898754,-2.5398755,-1.9398755,-0.7398755,-0.18987548,1.6701245,1.3101245,1.5201246,0.6801245,0.27012452,1.3001245,-0.6698755,-0.9998755,-1.8498755,-3.3098755,-1.0598755,-1.2498755,-1.4798754,-0.46987548,1.4201245,1.9301245,1.5901245
-0.89987546,-1.1598755,-0.8898755,-0.05987549,1.7601246,1.2451172E-4,-0.7998755,-0.7398755,-0.5098755,0.5101245,2.2301245,0.5001245,0.09012451,0.4101245,1.0001245,0.5901245,-1.8098755,-5.9498754,-3.8198755,-0.3598755,1.0901245,1.7301245,2.2801244,1.1601245,0.6801245,0.23012452,2.0001245,0.10012451,-1.2598755,-2.5998755,-2.8098755,-3.3098755,-3.8598754,-4.3398757,-4.0898757,-5.3598757,-4.9798756,-1.6798755,-1.3198755,0.5201245,2.3901246,2.0501244,0.9001245,-0.6998755,-1.3098755,-0.4998755,0.8901245,0.7801245,-1.4498755,-1.6598755,-2.5998755,-2.6098754,-1.5798755,-0.57987547,1.3901246,4.2401247,1.7401245,3.0601244
-1.0798755,0.4801245,0.7501245,0.9301245,-0.44987547,-1.9298755,0.060124513,-1.6698755,-0.2698755,-1.8098755,-1.6898755,-2.2898755,-2.2998755,-2.0798755,-1.8498755,-1.3798755,-0.13987549,-6.5498753,-7.7998753,-1.1498755,2.3801246,1.8801246,0.5801245,0.17012452,0.21012451,0.67012453,0.2601245,-0.58987546,-1.5098755,-2.7398756,-2.5498755,-3.2498755,-3.5098755,-3.8798754,-4.3798757,-4.8898754,-3.5298755,-2.7098756,-0.82987547,0.12012451,3.4501245,3.0201244,0.98012453,-0.07987549,-1.6898755,-2.1998756,-1.7298754,-0.89987546,0.08012451,-1.4998755,-3.4298754,-4.1998754,-2.8998754,-1.5898755,3.0801246,3.6501245,2.3201246,3.0201244
0.7501245,0.6501245,0.6101245,0.3501245,-1.1898755,-3.5198755,0.24012451,-0.9998755,-1.6998755,-2.4698756,-2.4198754,-2.0998755,-1.8698754,-1.9098755,0.4201245,-1.5198755,-1.5098755,-2.7898755,-0.28987548,2.4301245,2.6201246,1.8901246,0.4101245,0.98012453,0.4801245,0.8201245,0.5501245,0.7101245,-1.6398755,-0.8598755,-2.1298754,-4.7898755,-4.3498755,-2.8898754,-3.8498755,-5.1598754,-5.5498753,-4.3198757,3.1101246,2.8301246,-0.5498755,1.1001245,-1.0098755,-0.5298755,-0.4598755,1.2451172E-4,-1.4198755,-2.0898755,-1.0898755,-0.76987547,-1.1498755,-1.4298755,-1.2598755,1.6201245,1.3201245,1.6701245,2.6401246,2.0201244
1.3101245,-0.8098755,-0.5298755,-0.9798755,-1.9298755,-5.9198756,-2.0098755,0.13012451,-0.16987549,0.9001245,-0.22987549,0.8401245,-1.2198755,-4.4498754,-1.6398755,0.08012451,0.7401245,0.5701245,0.7101245,1.6701245,1.7101245,3.0701246,0.30012453,0.13012451,0.9001245,0.23012452,-0.24987549,0.020124512,0.46012452,-1.1198754,-2.8198755,-3.4998755,-4.1598754,-3.2198756,-2.9798756,-2.5498755,-3.4298754,-0.6998755,3.8001244,2.9201245,1.5501245,0.6501245,0.17012452,-0.5498755,-0.9298755,-1.8098755,-0.5698755,-0.2798755,-0.5398755,-1.0198755,0.8701245,0.91012454,0.040124513,1.1801245,0.6501245,-0.18987548,0.7601245,1.1201245
-0.9698755,-1.8998755,-2.4298754,-1.2398754,-2.5898755,-6.5198755,-3.1198754,-1.2498755,-1.0398755,4.7101245,2.4601245,1.3701245,1.4601245,0.4201245,-1.0398755,1.3501245,-0.08987549,1.6001245,0.5301245,1.4401245,1.1901245,1.8301245,0.8101245,-0.03987549,1.2101245,1.2201245,0.8801245,1.7201245,0.4401245,-1.3798755,-1.4698755,-3.8098755,-3.3398755,-6.6098757,-3.9998755,-0.6898755,-3.2398756,1.8901246,4.8001246,4.9201245,1.1301246,-1.2198755,-1.0198755,0.40012452,-0.9798755,-0.7598755,-1.3798755,0.060124513,-1.3298755,-0.47987548,0.7501245,1.6901245,0.7601245,-0.05987549,0.4701245,-0.3398755,-0.07987549,-0.6698755
-0.5698755,-1.1398755,-1.8598754,-5.4098754,-8.269876,-11.519876,-3.1798754,-1.2598755,5.4701247,2.8401246,6.1901245,-0.8098755,-0.7498755,1.8801246,-0.76987547,2.3501246,0.6401245,1.7101245,1.3201245,0.7601245,0.8801245,1.8301245,0.5601245,2.0101244,1.7001245,0.8701245,1.1201245,1.6301246,1.0401245,-0.08987549,-1.6598755,-3.4898756,-4.0598755,-3.8398755,-2.5898755,-3.6398754,1.2001245,1.3801246,2.7901244,2.2501245,1.6801245,1.3101245,0.54012454,2.1701245,-2.0298755,-2.2698755,-2.2998755,-0.58987546,-2.7298756,-1.5098755,2.5001245,3.0901246,2.1201246,1.5501245,0.49012452,-0.6798755,-1.8598754,-2.0498755
0.4501245,0.060124513,-1.0398755,-1.9998755,-13.709875,-12.5598755,-10.289875,-7.0498753,2.4301245,-0.0098754885,2.0601244,-1.1598755,0.3201245,1.3201245,0.7501245,2.6501245,0.73012453,0.7501245,-0.3698755,1.2801245,-0.7998755,0.6801245,1.9901245,-0.109875485,-0.6898755,-1.6098754,0.060124513,-0.64987546,-0.7598755,-0.89987546,-1.8798755,-2.8398755,-0.3398755,1.3401245,-1.3698754,-1.2198755,1.0401245,2.4401245,1.2301245,0.4201245,1.2401245,0.2901245,-0.58987546,-2.3798754,0.4801245,-0.16987549,2.4501245,0.60012454,1.2201245,4.0501246,5.0101247,3.4801245,2.3001244,0.040124513,-1.3998755,-3.0098755,-3.9298754,-3.8498755
-1.2598755,-4.1598754,3.8401246,-3.5198755,-15.469875,-12.859876,-10.089875,-6.4798756,-1.4398755,2.3601246,1.8201245,-0.6398755,1.0301245,-1.6998755,1.0201246,-0.109875485,1.2401245,-0.7398755,-1.2398754,0.8301245,0.030124512,1.4801245,1.1901245,0.9001245,0.2901245,1.3701245,-1.8598754,-2.2598755,-2.4098754,-2.1498754,-1.6698755,-1.6198754,-0.8898755,-1.7698755,-0.57987547,-1.2098755,-1.5398755,-1.5798755,-1.4098755,-2.0598755,-0.5098755,-2.5298755,-1.1798755,1.1201245,-1.2598755,-1.9598755,0.040124513,2.2801244,2.5601244,-0.16987549,4.4501247,2.3001244,-0.58987546,-1.8298755,-1.9298755,-1.6198754,-2.6498754,-3.7898755
-1.6798755,-3.0298755,-0.3098755,-2.5198755,-6.9198756,-8.949876,-7.0498753,-4.9398756,-3.3198755,-0.5498755,0.8801245,3.7301245,0.3601245,-0.8598755,-0.13987549,0.8301245,0.9401245,-0.95987546,-0.3598755,1.2501245,0.49012452,-0.15987548,1.5201246,-0.22987549,-1.6098754,-3.5298755,-7.0898757,-2.8698754,-3.0798755,-1.3198755,-2.7398756,-2.0798755,-1.3898755,-2.2598755,-2.6498754,-3.3498755,-1.6598755,-1.5198755,-3.0398755,-2.3998754,-1.5098755,0.91012454,-0.3998755,-2.3098755,-0.6398755,2.5101244,-0.5298755,0.2901245,0.17012452,1.6601245,1.7801245,-1.8498755,-3.6198754,-1.1898755,-1.3498755,-1.5198755,-2.3698754,-3.7298756
-4.0098753,-1.9798754,-0.7898755,-4.0198755,-5.7798753,-5.4098754,-5.3298755,-4.4998755,-4.1298757,-1.5798755,-1.2398754,2.8101244,-0.9398755,-1.1198754,0.020124512,-0.2998755,0.040124513,2.0101244,-4.0798755,-3.7898755,2.8901246,0.4801245,-0.13987549,-0.8898755,-2.8298755,-9.349875,-3.3398755,-3.6698754,-3.0498755,-3.0398755,-2.4598756,-1.8898755,-1.6098754,-3.5898755,-1.0398755,-3.9698756,-2.1098754,-1.7598755,-1.4498755,0.8001245,-0.9698755,1.7501245,-1.8598754,1.3801246,0.9701245,-1.3598754,2.8601246,-3.1798754,-2.3798754,3.2001245,-1.0098755,-4.1998754,-3.8298755,-2.2498755,1.3401245,-1.0898755,-3.2798755,-1.3598754
