json-data/2022072106.json
{"header": {"discipline":0,"disciplineName":"Meteorological products","gribEdition":2,"gribLength":79022,"center":7,"centerName":"US National Weather Service - NCEP(WMC)","subcenter":0,"refTime":"2022-07-21T06:00:00.000Z","significanceOfRT":1,"significanceOfRTName":"Start of forecast","productStatus":0,"productStatusName":"Operational products","productType":1,"productTypeName":"Forecast products","productDefinitionTemplate":0,"productDefinitionTemplateName":"Analysis/forecast at horizontal level/layer at a point in time","parameterCategory":2,"parameterCategoryName":"Momentum","parameterNumber":2,"parameterNumberName":"U-component_of_wind","parameterUnit":"m.s-1","genProcessType":2,"genProcessTypeName":"Forecast","forecastTime":0,"surface1Type":103,"surface1TypeName":"Specified height level above ground","surface1Value":10.0,"surface2Type":255,"surface2TypeName":"Missing","surface2Value":0.0,"gridDefinitionTemplate":0,"gridDefinitionTemplateName":"Latitude_Longitude","numberPoints":65160,"shape":6,"shapeName":"Earth spherical with radius of 6,371,229.0 m","gridUnits":"degrees","resolution":48,"winds":"true","scanMode":0,"nx":360,"ny":181,"basicAngle":0,"lo1":0.0,"la1":90.0,"lo2":359.0,"la2":-90.0,"dx":1.0,"dy":1.0}, "data":
[rows 0 to 24 of 181, columns 57 to 113 of 360]
0.9646326,1.0646325,1.1646326,1.2546326,1.3546326,1.4546325,1.5446326,1.6446326,1.7446326,1.8346325,1.9346325,2.0246325,2.1146326,2.2146325,2.3046327,2.3946326,2.4846325,2.5746326,2.6646326,2.7546325,2.8446326,2.9246325,3.0146325,3.0946326,3.1846325,3.2646325,3.3446326,3.4246325,3.5046325,3.5846326,3.6646326,3.7446325,3.8146327,3.8946326,3.9646325,4.0346327,4.1046324,4.1746325,4.2446327,4.3146324,4.3746324,4.4446325,4.5046325,4.5646324,4.6246324,4.684633,4.7446327,4.7946324,4.8546324,4.9046326,4.9546328,5.0046325,5.0546327,5.1046324,5.1446323,5.1946325,5.2346325
1.1446326,1.2646326,1.3846326,1.5146326,1.6346326,1.7646326,1.8846326,2.0046325,2.1146326,2.2346325,2.3446326,2.4646325,2.5746326,2.6746325,2.7546325,2.8446326,2.9346325,3.0246325,3.1046326,3.1946325,3.2746325,3.3546326,3.4346325,3.5046325,3.5846326,3.6546326,3.7246325,3.8046327,3.8746326,3.9446325,4.0146327,4.0946326,4.1546326,4.2346325,4.2946324,4.3646326,4.4246325,4.4946327,4.5446324,4.6046324,4.664633,4.7146325,4.7646327,4.8146324,4.8646326,4.9046326,4.9446325,4.9846325,5.0246325,5.0546327,5.0846324,5.1146326,5.1446323,5.164633,5.1946325,5.2146325,5.2446327
0.80463254,0.90463257,1.0246326,1.1446326,1.2646326,1.3746326,1.4746326,1.5746325,1.6546326,1.7446326,1.8346325,1.9146326,2.0046325,2.0946326,2.1746325,2.2646325,2.3446326,2.4346325,2.5246325,2.6146326,2.6946325,2.7846327,2.8746326,2.9646325,3.0646327,3.1546326,3.2546325,3.3546326,3.4546325,3.5546327,3.6446326,3.7446325,3.8346326,3.9146326,3.9946325,4.0646324,4.1346326,4.2146325,4.3046327,4.3946323,4.4846325,4.5746326,4.6546326,4.7446327,4.8346324,4.9246325,5.0046325,5.0946326,5.184633,5.2646327,5.3546324,5.434633,5.5146327,5.5846324,5.6546326,5.7146325,5.7746325
0.19463257,0.22463256,0.25463256,0.29463255,0.33463258,0.41463256,0.5046326,0.6246326,0.74463254,0.8746326,0.97463256,1.0846325,1.1846325,1.3146325,1.4446325,1.6046326,1.7546326,1.9146326,2.0546327,2.1946325,2.3346326,2.4646325,2.5946326,2.7246325,2.8546326,2.9546325,3.0346327,3.1346326,3.2146325,3.2946327,3.4046326,3.5046325,3.6046326,3.6846325,3.7746325,3.8546326,3.9146326,3.9946325,4.0846324,4.1746325,4.2746325,4.3646326,4.434633,4.5046325,4.5546327,4.6046324,4.664633,4.7346325,4.8246326,4.914633,5.0046325,5.0846324,5.1746325,5.2446327,5.3146324,5.3846326,5.4446325
-0.70536745,-0.58536744,-0.46536744,-0.33536744,-0.21536744,-0.09536743,0.034632567,0.16463257,0.32463256,0.48463258,0.6246326,0.7646326,0.90463257,1.0346326,1.1646326,1.3046325,1.4746326,1.6446326,1.8146325,1.9446325,2.0646327,2.1746325,2.2846327,2.3846326,2.4846325,2.5546327,2.6246326,2.6746325,2.7246325,2.7746325,2.8346326,2.8946326,2.9546325,2.9946325,3.0846326,3.1746325,3.2946327,3.4146326,3.5446327,3.6846325,3.8246326,3.9646325,4.0646324,4.1546326,4.2546325,4.3646326,4.5046325,4.6446323,4.7646327,4.8746324,4.9746327,5.0646324,5.164633,5.2546325,5.3246326,5.4046326,5.4746327
-1.4453675,-1.2053674,-0.9253674,-0.6653674,-0.45536745,-0.27536744,-0.10536743,0.04463257,0.17463256,0.28463256,0.38463256,0.49463257,0.60463256,0.74463254,0.84463257,0.93463254,1.0146326,1.0846325,1.1546326,1.2746326,1.4246325,1.5746325,1.7146325,1.8446326,1.9346325,1.9646325,2.0146325,2.0646327,2.1246326,2.1946325,2.2846327,2.3746326,2.4746325,2.5846326,2.6946325,2.8046327,2.9046326,2.9946325,3.0546327,3.1346326,3.2446325,3.3746326,3.4946325,3.6246326,3.7646325,3.9046326,4.0746326,4.2446327,4.4246325,4.5946326,4.7946324,4.9246325,5.0546327,5.1946325,5.2546325,5.2646327,5.3046327
-1.9853674,-1.8553674,-1.7153674,-1.5253674,-1.2553674,-0.96536744,-0.75536746,-0.6153674,-0.56536746,-0.5453674,-0.47536743,-0.32536742,-0.085367434,0.13463257,0.29463255,0.37463257,0.38463256,0.42463258,0.5246326,0.6246326,0.7146326,0.7646326,0.79463255,0.84463257,0.92463255,1.0346326,1.1946325,1.3246325,1.3746326,1.3746326,1.3846326,1.4146326,1.4446325,1.5346326,1.6446326,1.7646326,1.8346325,1.9246325,1.9746326,2.0146325,2.0746326,2.2546325,2.4046326,2.5446327,2.6846325,2.8546326,3.0046325,3.1346326,3.2346325,3.3446326,3.4446325,3.5446327,3.6346326,3.7346325,3.7846327,3.7746325,3.8546326
-3.0653675,-2.8753674,-2.5153675,-2.3053675,-2.1853673,-2.1553674,-2.1653674,-2.1053674,-1.9053674,-1.5753675,-1.2753674,-1.1353674,-1.0853674,-0.95536745,-0.76536745,-0.5553674,-0.42536744,-0.31536743,-0.21536744,-0.14536743,-0.055367433,0.034632567,0.19463257,0.41463256,0.5646326,0.5846326,0.60463256,0.60463256,0.48463258,0.17463256,0.0046325685,-0.13536744,-0.19536743,-0.41536742,-0.32536742,-0.12536743,0.20463257,0.5246326,0.6346326,0.72463256,0.91463256,1.1046326,1.2146325,1.3146325,1.3546326,1.5646325,1.6346326,1.6146326,1.6246326,1.7246326,1.8646326,1.9946326,2.1146326,2.2246325,2.3046327,2.3746326,2.4846325
-4.4853673,-4.1953673,-4.0553675,-3.7353675,-3.4153674,-3.5253675,-3.2353675,-2.9853675,-2.6853673,-2.4853675,-2.5253675,-2.4853675,-2.2953675,-2.0953674,-2.0553675,-2.0453675,-1.9353675,-1.7453674,-1.4853674,-1.2453674,-1.0053674,-0.83536744,-0.7953674,-0.7253674,-0.63536745,-0.64536744,-0.82536745,-1.0753675,-1.4053674,-1.7653674,-1.9253675,-2.1253674,-2.4253674,-2.4953675,-2.7053673,-3.1453674,-3.5353675,-3.4853675,-3.1353674,-2.7753675,-2.4353673,-2.0553675,-1.6453674,-1.3153675,-0.94536746,-0.63536745,-0.39536744,-0.20536743,-0.055367433,0.14463256,0.40463257,0.59463257,0.7046326,0.8246326,0.97463256,1.1346326,1.3046325
-2.9553673,-2.8353674,-2.4453673,-2.9053674,-3.3953674,-2.8853674,-1.7353674,-3.1353674,-2.5453675,-2.9353673,-3.5953674,-4.4353676,-3.6153674,-3.6753674,-3.5853674,-3.2153673,-2.8453674,-2.6153674,-2.6253674,-2.6753674,-2.6753674,-2.5553675,-2.4853675,-2.6053674,-2.6853673,-2.6453674,-2.5753675,-2.3953674,-2.1353674,-1.9053674,-1.6053674,-1.1953675,-0.77536744,-0.69536746,-0.69536746,-0.19536743,0.30463257,0.84463257,-1.0053674,-4.5253673,-4.3553677,-2.3653674,-2.1053674,-1.7453674,-1.5253674,-1.4053674,-1.2953675,-1.2453674,-1.1953675,-1.1153674,-1.1153674,-1.1953675,-1.2553674,-1.2253674,-1.1353674,-1.0353675,-0.8553674
-7.3753676,-6.2353673,-5.3253675,-7.0453672,-7.4653673,-6.4653673,-6.0053673,-6.5053673,-6.5453672,-6.2853675,-6.1153674,-5.4853673,-4.8753676,-5.0453672,-5.4053674,-5.6353674,-6.1253676,-6.3553677,-6.1153674,-5.7753673,-5.4453673,-5.1053677,-4.3553677,-3.3953674,-3.5553675,-3.8153675,-3.7953675,-3.6253674,-3.5353675,-3.4853675,-3.3353674,-3.1953673,-3.0253675,-2.5653675,-2.9153674,-3.2653675,-3.5253675,-4.1053677,-3.6053674,-2.3853674,-2.4053674,-1.5553675,-3.5853674,-3.0053675,-2.9653673,-3.2653675,-3.4753675,-3.3653674,-3.2453675,-3.2453675,-3.2353675,-3.2853675,-3.3653674,-3.3253675,-3.2753675,-3.1253674,-2.9153674
-8.605368,-8.545367,-8.965367,-9.005367,-8.105368,-7.7353673,-7.9553676,-7.1753674,-6.7153673,-7.0953674,-7.6953673,-7.9953675,-7.4753675,-6.2853675,-6.1953673,-7.5453672,-8.695368,-8.875367,-8.835367,-8.475368,-8.235368,-7.9153676,-7.0553675,-6.585367,-6.6053677,-6.6153674,-6.1453676,-5.7053676,-5.4453673,-5.2153673,-4.9853673,-4.3753676,-3.6353674,-3.2053673,-2.9053674,-2.3553674,-1.7253674,-0.82536745,-3.8653674,-4.5453672,-3.7253675,-4.2353673,-2.6553674,1.3946326,-0.14536743,-1.1953675,-1.9353675,-2.2353675,-2.7453675,-2.6653674,-3.3253675,-3.6253674,-3.4953675,-3.7153673,-4.0353675,-4.1153674,-3.8953674
-9.715367,-9.225368,-9.165367,-9.415367,-9.055367,-9.175367,-8.895368,-7.6153674,-7.6553674,-7.8853674,-7.3853674,-7.4653673,-8.455367,-9.205367,-9.215367,-9.005367,-8.815368,-8.685368,-8.735368,-8.985368,-9.145368,-9.295367,-9.535367,-9.775368,-9.905368,-10.055367,-10.175367,-10.0153675,-9.135367,-8.345367,-7.8253675,-7.9053674,-8.425367,-8.155368,-8.245367,-8.785367,-9.465367,-9.465367,-8.785367,-7.8553677,-8.0153675,-8.725368,-10.505367,-11.055367,-11.255367,-11.435368,-10.285367,-8.845367,-6.6553674,-5.7853675,-7.1253676,-7.0053673,-6.5053673,-5.8853674,-5.7753673,-5.9953675,-6.3953676
-7.4353676,-7.9353676,-8.165367,-8.005367,-7.3853674,-7.2353673,-7.7353673,-8.505367,-8.785367,-7.9053674,-7.3853674,-7.0453672,-5.2753673,-6.9853673,-7.8553677,-8.075367,-7.1053677,-6.9353676,-8.125367,-8.875367,-9.005367,-9.205367,-9.315368,-9.545367,-9.705367,-9.755367,-9.7653675,-9.715367,-9.665367,-8.465367,-8.725368,-8.305367,-7.3853674,-6.9453673,-7.0153675,-8.145368,-8.005367,-8.825367,-9.425367,-8.595367,-8.135367,-8.165367,-8.595367,-8.395368,-9.915367,-12.255367,-12.205367,-10.635367,-9.405368,-8.105368,-7.4453673,-7.085367,-8.255367,-7.5953674,-5.8653674,-5.4353676,-5.6953673
-1.8453674,-0.9853674,-2.8453674,-2.3653674,-2.6153674,-3.3953674,-3.6953673,-4.4853673,-5.2853675,-4.9053674,-5.6153674,-6.1253676,-6.6553674,-7.5553675,-8.365368,-8.305367,-8.125367,-8.295367,-8.605368,-9.0153675,-9.465367,-9.875367,-10.185368,-10.2653675,-10.415367,-10.525368,-10.755367,-11.0153675,-10.655368,-8.315368,-8.785367,-8.7653675,-7.835367,-7.4153676,-8.285367,-7.085367,-6.2953672,-8.395368,-7.7553673,-5.4353676,-7.2353673,-8.905368,-9.715367,-10.045367,-9.985368,-9.885367,-9.905368,-10.095367,-10.175367,-9.505367,-9.225368,-9.745367,-9.575367,-8.815368,-7.2853675,-6.3253675,-5.815367
-3.4553673,-2.0053675,-0.37536743,-1.6053674,-3.2853675,-4.2153673,-6.0053673,-5.085367,-5.6253676,-6.5253673,-7.2453675,-7.5453672,-7.8753676,-8.185368,-8.875367,-9.215367,-9.545367,-9.885367,-10.275368,-10.565368,-10.885367,-11.145368,-11.095367,-10.905368,-10.815368,-10.305367,-10.135367,-8.475368,-7.7453675,-6.2353673,-8.685368,-10.245367,-10.495367,-10.445368,-11.375367,-12.495367,-12.875367,-12.545367,-11.415367,-10.715367,-10.865368,-11.185368,-10.795367,-10.055367,-11.745367,-12.425367,-11.065368,-8.585367,-11.535367,-11.435368,-11.625367,-12.315368,-13.185368,-12.805367,-11.405368,-9.385367,-7.2153673
-2.6453674,-5.065367,-5.0453672,-4.8953676,-3.7153673,-4.2153673,-4.9753675,-4.8053675,-5.5553675,-6.5453672,-7.0353675,-7.5053673,-8.135367,-8.555367,-9.105368,-9.505367,-9.855368,-10.2653675,-10.7653675,-11.035367,-12.045367,-11.925367,-12.135367,-12.325367,-12.345367,-11.645368,-9.725368,-8.495367,-10.115368,-10.185368,-10.5153675,-11.425367,-13.605368,-13.655368,-13.485368,-12.885367,-13.445368,-14.095367,-14.185368,-12.335367,-11.625367,-11.325367,-11.415367,-11.125367,-10.695368,-11.375367,-11.695368,-11.755367,-12.465367,-12.085367,-12.185368,-12.035367,-10.445368,-9.675367,-8.815368,-9.795367,-8.745367
-4.2453675,-3.7353675,-4.0453672,-4.1053677,-3.5153675,-3.9653673,-4.1553674,-4.3653674,-4.6453676,-5.7453675,-6.2853675,-6.6653676,-5.815367,-7.7053676,-7.3053675,-7.1853676,-8.135367,-8.215367,-9.125367,-10.045367,-11.145368,-11.065368,-9.895368,-10.195368,-10.185368,-12.335367,-11.105368,-10.615368,-9.845367,-10.535367,-10.115368,-10.325367,-11.095367,-11.225368,-11.735368,-12.495367,-13.215367,-13.305367,-12.215367,-12.295367,-12.315368,-11.815368,-11.735368,-11.345367,-11.0153675,-10.325367,-10.105368,-9.795367,-8.725368,-7.4553676,-8.735368,-9.595367,-9.585367,-9.545367,-9.405368,-9.305367,-9.255367
-3.1753674,-4.085367,-4.1353674,-4.1753674,-4.0753675,-4.3453674,-4.1953673,-4.0553675,-4.315367,-5.1053677,-4.815367,-4.0953674,-7.065367,-7.3753676,-7.7553673,-7.1253676,-6.6653676,-7.3953676,-5.8453674,-7.6953673,-7.1353674,-6.7853675,-6.7653675,-7.9053674,-10.585367,-11.385367,-9.655368,-9.525368,-9.635367,-10.165367,-9.955367,-11.505367,-11.335367,-12.125367,-13.045367,-12.495367,-12.385367,-12.285367,-11.055367,-10.895368,-11.055367,-11.115368,-10.105368,-10.035367,-9.735368,-8.935368,-8.465367,-8.405368,-8.425367,-8.855368,-8.485368,-8.525368,-8.315368,-7.9253674,-7.4553676,-8.055367,-8.025368
-2.9353673,-3.9653673,-4.1353674,-3.6353674,-3.6253674,-4.0353675,-4.065367,-3.9753675,-3.6253674,-2.6353674,-4.3453674,-5.1353674,-5.2953672,-5.7353673,-6.0953674,-4.1053677,-4.6153674,-4.6853676,-4.1653676,-3.5453675,-3.8953674,-5.0153675,-5.3453674,-6.6853676,-7.6453676,-5.9553676,-5.9853673,-6.7653675,-5.1053677,-3.7853675,-3.3253675,-3.0253675,-3.8053675,-6.5453672,-9.165367,-9.915367,-9.395368,-9.735368,-10.035367,-10.7653675,-10.185368,-9.125367,-7.7753673,-3.0553675,-3.3653674,-6.1053677,-5.5253673,-5.7553673,-6.2353673,-6.2953672,-6.7153673,-7.1053677,-6.9853673,-6.9753675,-6.3953676,-5.9253674,-6.3253675
-5.6053677,-3.5553675,-5.7353673,-3.0253675,-3.2953675,-2.9653673,-2.4753675,-1.8753674,-1.0253674,0.61463255,-0.035367433,-3.9453673,-4.0753675,-3.8853674,-4.1953673,-4.7953672,-1.7353674,-2.9453673,-2.7353675,-2.5853674,-2.6753674,-4.3753676,-4.085367,-3.5953674,-4.335367,-4.4353676,-4.3553677,-4.4753675,-4.4853673,-3.8753674,-2.4453673,1.7946326,-0.8753674,-0.6853674,0.8346326,-0.34536743,-2.6553674,-3.0553675,-1.7453674,-2.1053674,-1.8253675,-4.2853675,-4.3753676,-4.3453674,-4.6853676,-3.3553674,-3.3653674,-4.0153675,-4.3253675,-6.2053676,-5.2753673,-5.0453672,-6.2553673,-5.1953673,-4.3953676,-4.085367,-2.9153674
-4.2553673,-5.0453672,-3.1553674,-2.5153675,-4.3853674,-4.6853676,-4.085367,-3.2053673,-2.1153674,0.6446326,2.8046327,1.7246326,-2.5853674,-2.5253675,-3.8653674,-2.8053675,0.34463257,-0.58536744,-0.75536746,-0.27536744,-1.2653674,-1.7053674,-1.5353675,-2.5553675,-3.0253675,-3.4853675,-3.1753674,-3.8153675,-3.9153674,-3.5953674,-2.5353675,-3.8753674,-2.5953674,-2.1553674,-2.5253675,-2.1753674,-2.7853675,-1.7053674,-1.8353674,-1.8853674,-1.2453674,-1.4453675,-1.0153674,-1.2053674,-2.9253674,-5.5453672,-7.5553675,-8.585367,-7.5753675,-7.5053673,-6.0753675,-5.6753674,-5.5753675,-4.4053674,-4.1153674,-3.9553673,-3.0153675
-2.4153674,-3.2753675,-2.0953674,0.34463257,-3.7253675,-4.0353675,-3.6953673,-4.2853675,-3.7853675,-2.1153674,-0.5553674,-0.6053674,0.6246326,-1.2753674,-1.5853674,-2.0053675,-1.2753674,0.98463255,0.46463257,0.86463255,0.85463256,1.7446326,1.7846326,1.5246326,1.6246326,1.7546326,1.5246326,1.7246326,-0.8553674,-0.32536742,0.55463254,2.5646327,-1.9153675,-2.8853674,-2.9353673,-2.7453675,-2.0653675,-3.7353675,-2.5853674,-1.2753674,-1.4453675,-1.6853675,-1.1653675,-1.3853674,0.46463257,-2.7853675,-2.9453673,-1.3353674,-5.8553677,-6.6253676,-7.1553674,-6.6553674,-5.5353675,-5.5253673,-4.065367,-0.41536742,-3.8753674
-3.6653674,-3.3353674,-2.5253675,-0.58536744,-0.84536743,-1.3253675,-1.8853674,-1.2253674,1.6246326,0.24463257,-3.1353674,-1.0953674,-0.84536743,-1.2153674,-0.9153674,-2.1653674,-1.7753674,0.30463257,0.28463256,0.7146326,0.5846326,1.4946326,2.2146325,2.5446327,0.90463257,1.3246325,1.7946326,1.4046326,1.3046325,3.0146325,1.0546325,-0.18536744,-0.20536743,-0.43536744,-0.46536744,-0.44536743,-1.0153674,-0.07536743,-1.4853674,-1.9253675,-1.3253675,-1.8553674,-2.2753675,-1.6853675,-0.69536746,-1.0853674,0.84463257,-1.9353675,-2.1553674,-0.005367432,0.21463257,-3.5653675,-4.1253676,-2.9453673,-4.7953672,-2.7053673,-0.8653674
-3.9553673,-3.7653675,-3.1253674,-3.4253674,-1.4353675,-0.9953674,1.7546326,1.6946325,-4.2953672,-3.7453675,-4.3653674,-2.3453674,-2.8253675,-2.7753675,0.36463258,-0.07536743,0.79463255,0.68463254,0.35463256,0.80463254,1.3946326,2.4846325,1.5446326,2.4046326,1.1246326,1.0646325,0.80463254,2.3146327,0.92463255,0.21463257,0.7646326,0.92463255,0.67463255,-0.025367431,-0.77536744,4.184633,-0.29536742,1.1746325,1.0946326,-0.18536744,2.2146325,0.59463257,-0.24536744,-1.3453674,0.28463256,0.74463254,-0.16536742,-1.0653675,-1.5753675,-2.2753675,-1.6053674,0.22463256,-1.2253674,-0.90536743,-0.51536745,-0.75536746,-0.23536743
