json-data/2022072306.json
{"header": {"discipline":0,"disciplineName":"Meteorological products","gribEdition":2,"gribLength":47987,"center":7,"centerName":"US National Weather Service - NCEP(WMC)","subcenter":0,"refTime":"2022-07-23T06:00:00.000Z","significanceOfRT":1,"significanceOfRTName":"Start of forecast","productStatus":0,"productStatusName":"Operational products","productType":1,"productTypeName":"Forecast products","productDefinitionTemplate":0,"productDefinitionTemplateName":"Analysis/forecast at horizontal level/layer at a point in time","parameterCategory":0,"parameterCategoryName":"Temperature","parameterNumber":0,"parameterNumberName":"Temperature","parameterUnit":"K","genProcessType":2,"genProcessTypeName":"Forecast","forecastTime":0,"surface1Type":1,"surface1TypeName":"Ground or water surface","surface1Value":0.0,"surface2Type":255,"surface2TypeName":"Missing","surface2Value":0.0,"gridDefinitionTemplate":0,"gridDefinitionTemplateName":"Latitude_Longitude","numberPoints":65160,"shape":6,"shapeName":"Earth spherical with radius of 6,371,229.0 m","gridUnits":"degrees","resolution":48,"winds":"true","scanMode":0,"nx":360,"ny":181,"basicAngle":0,"lo1":0.0,"la1":90.0,"lo2":359.0,"la2":-90.0,"dx":1.0,"dy":1.0}, "data":
[rows 81 to 107 of 181, columns 61 to 121 of 360]
299.5086,299.90863,299.90863,300.40863,300.70862,300.90863,301.1086,301.1086,300.90863,301.0086,300.90863,300.80862,300.6086,300.5086,300.40863,299.70862,303.40863,312.90863,301.80862,305.0086,303.0086,302.6086,302.5086,302.80862,302.1086,302.0086,302.0086,302.0086,302.20862,302.1086,302.20862,302.1086,302.1086,302.0086,301.80862,302.1086,301.90863,302.70862,307.20862,304.90863,303.40863,303.70862,304.1086,303.40863,306.20862,304.0086,303.5086,302.70862,302.90863,303.40863,303.90863,304.0086,304.5086,306.70862,304.6086,304.30862,303.70862,306.20862,303.90863,303.90863,304.20862
299.70862,300.20862,300.30862,300.70862,300.90863,301.1086,301.20862,301.20862,301.1086,301.1086,301.1086,301.0086,300.70862,300.6086,300.40863,299.90863,298.90863,299.20862,300.1086,304.6086,310.0086,303.0086,303.5086,302.0086,301.80862,301.80862,301.80862,301.90863,302.0086,302.1086,302.0086,302.0086,302.0086,302.0086,302.20862,302.1086,302.30862,302.20862,304.80862,305.70862,303.5086,304.1086,304.0086,303.5086,303.6086,303.80862,303.80862,303.40863,303.5086,303.40863,303.6086,304.0086,304.5086,307.20862,305.0086,304.6086,307.40863,304.70862,304.80862,303.80862,302.70862
300.1086,300.5086,300.6086,300.90863,301.0086,301.1086,301.30862,301.30862,301.40863,301.30862,301.30862,301.20862,301.0086,300.80862,300.6086,300.5086,299.90863,299.40863,300.0086,303.1086,305.0086,302.70862,302.0086,301.80862,301.70862,301.6086,301.6086,301.70862,301.90863,302.0086,302.0086,301.90863,301.90863,302.0086,302.30862,302.1086,302.5086,303.0086,302.90863,304.20862,303.1086,304.0086,304.1086,303.70862,303.6086,303.80862,303.90863,303.90863,303.70862,303.70862,304.20862,304.40863,304.30862,305.40863,304.80862,304.80862,304.40863,304.70862,304.20862,302.80862,303.1086
300.5086,300.70862,300.90863,301.0086,301.30862,301.30862,301.40863,301.40863,301.5086,301.5086,301.5086,301.40863,301.1086,301.0086,300.80862,300.70862,300.5086,300.30862,300.5086,300.40863,300.5086,301.1086,301.6086,301.6086,301.5086,301.5086,301.5086,301.6086,301.80862,301.80862,301.80862,301.80862,301.90863,301.90863,302.70862,302.90863,303.20862,303.30862,303.20862,302.90863,301.70862,309.1086,304.30862,303.90863,303.80862,304.20862,304.20862,304.1086,303.70862,303.80862,304.30862,304.40863,304.80862,307.5086,304.90863,304.0086,301.6086,305.80862,304.5086,304.30862,303.70862
300.80862,301.20862,301.30862,301.6086,301.6086,301.70862,301.70862,301.70862,301.70862,302.1086,302.0086,301.70862,301.40863,301.40863,301.20862,300.80862,300.90863,301.20862,301.20862,301.1086,301.1086,301.30862,301.30862,301.5086,301.5086,301.6086,301.6086,301.6086,301.80862,301.90863,301.80862,301.80862,301.80862,302.1086,302.1086,298.70862,302.5086,305.90863,304.30862,304.6086,300.90863,307.70862,307.1086,303.70862,303.70862,303.70862,303.80862,304.0086,304.30862,305.0086,304.30862,304.90863,305.0086,305.20862,305.1086,302.80862,302.90863,299.0086,303.20862,303.6086,304.30862
301.5086,301.80862,302.20862,302.30862,302.30862,302.1086,302.20862,302.20862,302.20862,302.30862,302.20862,302.0086,301.70862,301.70862,301.40863,301.0086,301.0086,301.40863,301.5086,301.40863,301.5086,301.6086,301.5086,301.5086,301.6086,301.6086,301.6086,301.6086,301.90863,302.0086,302.0086,302.0086,302.1086,302.1086,302.30862,302.40863,296.80862,302.20862,304.40863,304.5086,305.80862,307.1086,306.90863,303.5086,303.6086,303.80862,304.1086,303.5086,304.70862,304.30862,304.40863,304.6086,304.90863,306.90863,301.30862,299.80862,305.90863,304.90863,303.90863,304.0086,304.0086
301.80862,301.90863,302.30862,302.30862,302.5086,302.20862,302.30862,302.40863,302.40863,302.30862,302.20862,302.1086,302.0086,301.90863,301.6086,301.30862,301.40863,301.40863,301.5086,301.40863,301.5086,301.6086,301.5086,301.5086,301.6086,301.6086,301.70862,301.90863,302.0086,302.20862,302.1086,302.20862,302.40863,302.6086,302.80862,302.70862,303.40863,308.40863,301.6086,305.30862,304.0086,302.5086,309.1086,303.5086,303.40863,303.70862,304.5086,305.0086,305.1086,305.20862,304.6086,305.70862,303.40863,305.70862,307.5086,301.90863,301.30862,304.40863,303.6086,303.80862,303.90863
302.0086,302.40863,302.40863,302.70862,302.90863,302.70862,302.40863,302.6086,302.5086,302.40863,302.30862,302.0086,302.0086,301.90863,301.80862,301.80862,301.80862,301.80862,301.6086,301.5086,301.6086,301.6086,301.70862,301.70862,301.70862,301.70862,301.80862,302.1086,302.20862,302.20862,302.30862,302.40863,302.70862,302.90863,302.90863,303.0086,303.30862,304.80862,298.0086,308.70862,304.20862,305.1086,307.40863,307.6086,303.5086,303.90863,304.80862,304.70862,305.30862,304.6086,304.70862,305.40863,304.1086,307.0086,305.30862,300.20862,307.0086,304.6086,303.30862,303.20862,303.6086
302.20862,302.5086,302.6086,302.6086,302.6086,302.6086,302.5086,303.1086,302.70862,302.6086,302.80862,302.20862,302.1086,302.0086,301.90863,302.0086,302.0086,301.90863,301.90863,301.80862,301.80862,301.80862,301.80862,301.90863,301.90863,301.90863,301.90863,302.20862,302.20862,302.30862,302.40863,302.70862,303.40863,303.30862,303.30862,303.40863,303.5086,304.90863,307.80862,306.80862,306.6086,308.0086,306.5086,310.40863,304.5086,303.90863,304.0086,304.1086,303.40863,298.30862,302.0086,306.70862,306.6086,301.40863,305.80862,297.30862,304.6086,305.1086,302.90863,303.20862,297.5086
302.30862,302.40863,302.6086,302.5086,302.6086,302.5086,302.5086,302.70862,302.80862,302.6086,302.6086,302.6086,302.30862,302.1086,302.0086,302.0086,302.0086,302.1086,302.0086,302.0086,301.90863,302.0086,302.0086,302.0086,302.0086,302.0086,302.0086,302.20862,302.20862,302.40863,302.80862,303.1086,303.6086,303.30862,303.30862,303.6086,304.0086,304.6086,305.0086,301.6086,304.30862,307.30862,308.5086,304.40863,303.70862,303.6086,303.40863,303.30862,304.5086,302.6086,309.6086,306.90863,305.20862,300.30862,305.1086,303.5086,306.0086,302.80862,303.30862,300.70862,304.80862
302.0086,302.0086,302.20862,302.30862,302.30862,302.30862,302.40863,302.40863,302.6086,302.5086,302.30862,302.40863,302.6086,302.6086,302.30862,302.20862,302.1086,302.1086,302.20862,302.1086,302.0086,302.0086,302.1086,302.1086,302.1086,302.1086,302.20862,302.30862,302.40863,302.70862,303.40863,303.30862,303.20862,303.30862,303.5086,303.80862,303.90863,304.30862,304.20862,304.70862,296.30862,303.70862,307.40863,305.6086,303.1086,303.20862,303.5086,303.0086,303.5086,303.6086,299.6086,303.20862,303.80862,303.90863,306.80862,304.70862,304.30862,302.90863,304.30862,297.30862,305.40863
301.5086,301.5086,301.5086,301.6086,301.6086,301.80862,301.90863,302.0086,302.0086,301.90863,301.90863,302.0086,302.1086,302.30862,302.20862,302.20862,302.1086,302.1086,302.20862,302.20862,302.1086,302.1086,302.1086,302.20862,302.20862,302.20862,302.30862,302.5086,302.6086,303.0086,303.1086,302.90863,302.90863,303.1086,303.20862,303.30862,303.80862,304.0086,304.70862,305.90863,304.6086,303.5086,304.30862,304.30862,303.5086,306.5086,303.20862,302.70862,302.70862,303.1086,307.30862,304.90863,306.40863,308.20862,308.0086,305.1086,302.70862,302.90863,305.30862,293.0086,297.80862
301.0086,301.0086,300.70862,300.90863,301.1086,301.40863,301.6086,301.70862,301.70862,301.6086,301.70862,301.80862,302.1086,302.0086,301.80862,302.0086,302.1086,301.80862,301.90863,302.0086,302.0086,302.0086,302.0086,302.1086,302.20862,302.30862,302.5086,302.5086,302.6086,302.70862,302.5086,302.70862,302.90863,303.0086,303.0086,302.90863,303.20862,303.20862,303.80862,304.6086,304.20862,298.30862,302.0086,302.40863,301.20862,303.0086,303.40863,304.40863,302.40863,302.30862,305.1086,300.90863,303.6086,309.30862,306.40863,300.20862,302.5086,302.40863,301.6086,298.70862,303.6086
300.6086,300.6086,300.30862,300.20862,300.40863,300.70862,301.0086,301.20862,301.20862,301.20862,301.30862,301.5086,301.70862,301.70862,301.70862,301.80862,301.6086,301.40863,301.6086,301.80862,301.80862,301.90863,301.90863,302.0086,302.1086,302.30862,302.40863,302.30862,302.30862,302.30862,302.40863,302.6086,302.6086,302.30862,302.40863,302.5086,302.70862,302.80862,302.90863,302.90863,303.1086,304.20862,297.1086,305.80862,306.20862,303.30862,302.90863,302.5086,302.20862,302.1086,302.20862,302.20862,302.0086,302.1086,303.80862,302.40863,302.40863,302.6086,302.90863,302.90863,302.40863
300.1086,300.20862,299.80862,299.80862,300.0086,300.20862,300.30862,300.5086,300.5086,300.70862,300.90863,301.20862,301.30862,301.40863,301.5086,301.6086,301.5086,301.30862,301.40863,301.6086,301.6086,301.70862,301.90863,302.0086,302.20862,302.30862,302.20862,302.30862,302.20862,302.40863,302.5086,302.40863,302.20862,302.20862,302.20862,302.30862,302.30862,302.30862,302.30862,302.40863,302.30862,302.6086,302.80862,301.80862,307.90863,303.0086,302.90863,302.40863,302.30862,302.20862,302.20862,302.1086,301.90863,301.80862,302.20862,302.1086,302.1086,302.30862,302.20862,297.5086,302.20862
299.70862,299.80862,299.5086,299.40863,299.40863,299.5086,299.70862,299.70862,299.80862,299.90863,300.1086,300.30862,300.70862,300.90863,301.1086,301.20862,301.20862,301.1086,301.20862,301.1086,301.20862,301.40863,301.70862,301.90863,302.0086,302.1086,302.0086,302.20862,302.1086,302.20862,302.20862,302.1086,302.1086,302.1086,302.20862,302.20862,302.1086,302.0086,302.1086,302.1086,302.0086,302.0086,302.20862,302.5086,302.80862,306.30862,302.80862,302.70862,302.5086,302.70862,302.40863,302.40863,302.1086,301.90863,302.1086,302.20862,301.90863,301.5086,301.1086,301.30862,301.6086
299.40863,299.30862,299.1086,299.20862,299.20862,299.1086,299.20862,299.1086,299.1086,299.30862,299.40863,299.5086,300.20862,300.40863,300.5086,300.80862,300.90863,300.90863,300.90863,300.80862,300.70862,301.0086,301.30862,301.5086,301.5086,301.5086,301.80862,302.0086,301.90863,301.80862,301.80862,301.70862,301.90863,302.1086,302.1086,302.1086,302.0086,301.90863,301.90863,301.80862,301.70862,301.6086,301.80862,302.1086,302.1086,301.80862,296.90863,301.70862,307.1086,299.6086,307.30862,309.6086,307.80862,305.80862,302.20862,302.20862,302.0086,301.40863,301.40863,301.5086,301.5086
298.40863,298.5086,298.6086,298.70862,298.6086,298.6086,298.6086,298.40863,298.30862,298.70862,298.90863,299.20862,299.5086,299.70862,299.80862,300.0086,300.1086,300.30862,300.40863,300.5086,300.30862,300.20862,300.40863,300.5086,300.70862,300.80862,301.30862,301.6086,301.6086,301.40863,301.20862,301.40863,301.70862,301.90863,302.0086,301.90863,301.90863,301.70862,301.70862,301.70862,301.6086,301.40863,301.40863,301.70862,301.40863,301.20862,301.1086,300.90863,300.80862,300.30862,303.0086,302.1086,292.20862,298.6086,303.20862,301.90863,302.20862,302.40863,301.70862,302.80862,301.5086
298.0086,298.20862,298.20862,298.30862,298.30862,298.30862,298.30862,298.30862,298.20862,298.30862,298.6086,299.0086,299.1086,299.1086,299.20862,299.30862,299.5086,299.70862,299.90863,299.90863,299.90863,299.80862,299.80862,299.90863,300.0086,300.20862,300.6086,300.90863,301.0086,301.0086,300.90863,301.0086,301.30862,301.6086,301.80862,301.90863,301.70862,301.6086,301.6086,301.6086,301.5086,301.20862,301.20862,301.20862,301.0086,300.80862,300.90863,300.80862,300.70862,300.40863,300.1086,299.90863,299.6086,299.40863,299.70862,300.40863,300.30862,299.80862,299.80862,299.5086,299.30862
297.80862,297.90863,298.0086,298.20862,298.1086,298.1086,298.20862,298.1086,298.20862,298.30862,298.20862,298.20862,298.5086,298.70862,298.70862,298.90863,298.90863,299.1086,299.20862,299.20862,299.30862,299.30862,299.30862,299.40863,299.40863,299.70862,300.0086,300.40863,300.5086,300.6086,300.6086,300.80862,301.1086,301.40863,301.70862,301.80862,301.40863,301.40863,301.40863,301.40863,301.40863,301.1086,300.90863,300.90863,300.5086,300.40863,300.6086,300.6086,300.5086,300.30862,300.1086,299.90863,299.70862,299.70862,299.80862,299.80862,299.6086,299.30862,299.1086,305.30862,299.5086
297.40863,297.70862,298.0086,298.1086,298.1086,298.0086,298.0086,298.1086,298.20862,298.0086,297.90863,297.90863,298.20862,298.6086,298.70862,298.70862,298.70862,298.80862,298.90863,298.90863,298.80862,298.80862,298.90863,299.1086,299.30862,299.40863,299.80862,300.0086,300.1086,300.1086,300.40863,300.70862,300.80862,301.0086,301.20862,301.1086,300.90863,301.0086,301.1086,301.0086,301.0086,301.1086,300.90863,300.90863,300.70862,300.30862,300.30862,300.40863,300.5086,300.40863,300.30862,300.0086,300.0086,300.1086,300.1086,300.0086,299.80862,299.30862,299.30862,299.40863,299.5086
297.40863,297.5086,297.70862,297.90863,298.0086,298.0086,298.0086,298.0086,297.90863,297.80862,297.6086,297.70862,298.0086,298.20862,298.40863,298.40863,298.40863,298.5086,298.40863,298.40863,298.20862,298.20862,298.40863,299.0086,299.1086,299.20862,299.40863,299.40863,299.70862,299.90863,300.1086,300.40863,300.40863,300.20862,300.20862,300.20862,300.20862,300.70862,300.80862,300.80862,300.80862,300.80862,300.6086,300.6086,300.40863,300.20862,300.30862,300.5086,300.40863,300.20862,300.30862,300.20862,300.20862,300.30862,300.40863,300.30862,300.0086,299.80862,299.70862,299.90863,299.80862
297.40863,297.40863,297.5086,297.70862,297.80862,297.70862,297.70862,297.70862,297.5086,297.5086,297.30862,297.40863,297.70862,297.90863,298.0086,298.20862,298.30862,298.30862,298.20862,298.20862,298.1086,297.90863,298.1086,298.5086,298.80862,298.90863,298.80862,298.90863,299.30862,299.6086,299.80862,300.0086,299.90863,299.5086,299.40863,299.80862,300.1086,300.40863,300.6086,300.80862,300.80862,300.70862,300.5086,300.40863,300.40863,300.30862,300.5086,300.6086,300.40863,300.20862,300.20862,300.20862,300.1086,300.30862,300.6086,300.30862,300.1086,300.0086,300.1086,300.20862,300.0086
297.1086,297.40863,297.40863,297.5086,297.6086,297.6086,297.5086,297.40863,297.0086,296.90863,297.0086,297.1086,297.5086,297.6086,297.70862,297.80862,298.0086,298.1086,298.0086,298.1086,298.1086,297.90863,297.90863,298.0086,298.20862,298.40863,298.5086,298.5086,298.80862,299.1086,299.30862,299.5086,299.40863,299.0086,299.1086,299.40863,300.0086,300.1086,300.20862,300.40863,300.5086,300.6086,300.40863,300.40863,300.40863,300.6086,300.80862,300.70862,300.5086,300.30862,299.90863,300.1086,300.20862,300.40863,300.30862,300.1086,300.0086,300.0086,300.30862,300.30862,300.30862
296.90863,297.0086,297.1086,297.20862,297.30862,297.40863,297.30862,297.20862,296.90863,296.80862,296.90863,297.1086,297.30862,297.40863,297.40863,297.30862,297.20862,297.30862,297.30862,297.6086,297.90863,298.0086,297.70862,297.6086,297.5086,297.6086,297.70862,297.80862,298.1086,298.40863,298.70862,298.90863,298.80862,298.70862,298.70862,298.80862,299.20862,299.40863,299.5086,299.5086,299.6086,300.0086,299.80862,299.70862,299.6086,300.1086,300.5086,300.5086,300.1086,300.1086,299.6086,299.5086,299.90863,300.0086,300.0086,300.20862,300.40863,300.40863,300.70862,300.80862,300.5086
297.0086,296.90863,296.80862,296.80862,296.80862,296.90863,297.1086,297.1086,296.90863,296.90863,297.0086,297.1086,297.30862,297.20862,296.80862,296.6086,296.5086,296.5086,296.80862,297.30862,297.80862,297.80862,297.40863,296.80862,296.80862,296.80862,296.90863,297.30862,297.5086,298.0086,298.20862,298.30862,298.40863,298.40863,298.20862,298.30862,298.5086,298.80862,299.1086,299.20862,299.20862,299.40863,299.20862,298.70862,298.6086,299.30862,300.1086,300.20862,299.90863,299.5086,299.20862,299.1086,299.5086,299.90863,300.20862,300.1086,300.5086,301.6086,303.0086,300.90863,300.70862
296.90863,296.70862,296.5086,296.5086,296.40863,296.40863,296.70862,296.80862,296.70862,296.80862,296.90863,297.1086,297.20862,297.1086,296.6086,296.30862,296.1086,295.90863,296.30862,297.0086,297.70862,297.6086,296.80862,296.30862,296.40863,296.5086,296.5086,296.70862,296.90863,297.20862,297.5086,297.6086,297.80862,297.80862,297.70862,297.80862,297.80862,298.0086,298.1086,298.30862,298.5086,298.70862,298.70862,298.40863,298.40863,299.0086,299.6086,299.5086,299.20862,299.1086,298.70862,298.5086,298.90863,299.40863,299.70862,299.6086,300.1086,300.40863,300.5086,299.80862,299.30862
