json-data/2022072000.json
{"header": {"discipline":0,"disciplineName":"Meteorological products","gribEdition":2,"gribLength":78864,"center":7,"centerName":"US National Weather Service - NCEP(WMC)","subcenter":0,"refTime":"2022-07-20T00:00:00.000Z","significanceOfRT":1,"significanceOfRTName":"Start of forecast","productStatus":0,"productStatusName":"Operational products","productType":1,"productTypeName":"Forecast products","productDefinitionTemplate":0,"productDefinitionTemplateName":"Analysis/forecast at horizontal level/layer at a point in time","parameterCategory":2,"parameterCategoryName":"Momentum","parameterNumber":3,"parameterNumberName":"V-component_of_wind","parameterUnit":"m.s-1","genProcessType":2,"genProcessTypeName":"Forecast","forecastTime":0,"surface1Type":103,"surface1TypeName":"Specified height level above ground","surface1Value":10.0,"surface2Type":255,"surface2TypeName":"Missing","surface2Value":0.0,"gridDefinitionTemplate":0,"gridDefinitionTemplateName":"Latitude_Longitude","numberPoints":65160,"shape":6,"shapeName":"Earth spherical with radius of 6,371,229.0 m","gridUnits":"degrees","resolution":48,"winds":"true","scanMode":0,"nx":360,"ny":181,"basicAngle":0,"lo1":0.0,"la1":90.0,"lo2":359.0,"la2":-90.0,"dx":1.0,"dy":1.0}, "data":
[rows 0 to 25 of 181, columns 236 to 294 of 360]
-4.3652296,-4.3352294,-4.2952294,-4.2552295,-4.2152295,-4.1752295,-4.1352296,-4.0852294,-4.0452294,-3.9952295,-3.9452295,-3.9052296,-3.8552294,-3.7952294,-3.7452295,-3.6952295,-3.6352296,-3.5852294,-3.5252295,-3.4652295,-3.4152296,-3.3552294,-3.2852294,-3.2252295,-3.1652296,-3.1052294,-3.0352294,-2.9752295,-2.9052296,-2.8352294,-2.7652295,-2.6952295,-2.6252296,-2.5552294,-2.4852295,-2.4152296,-2.3452294,-2.2652295,-2.1952295,-2.1152296,-2.0452294,-1.9652295,-1.8852295,-1.8152295,-1.7352295,-1.6552294,-1.5752295,-1.4952295,-1.4152294,-1.3352295,-1.2552295,-1.1752295,-1.0952295,-1.0052295,-0.9252295,-0.8452295,-0.76522946,-0.6752295,-0.5952295
-5.5252295,-5.4752293,-5.4252295,-5.3752294,-5.3252296,-5.2752295,-5.2052293,-5.1452293,-5.0852294,-5.0152297,-4.9552293,-4.8752294,-4.8052297,-4.7252293,-4.6352296,-4.5552297,-4.4552293,-4.3652296,-4.2852297,-4.1752295,-4.0852294,-3.9852295,-3.8752296,-3.7652295,-3.6552296,-3.5552294,-3.4352295,-3.3252294,-3.2152295,-3.1052294,-2.9952295,-2.8852296,-2.7752295,-2.6652296,-2.5452294,-2.4352295,-2.3252294,-2.2252295,-2.1152296,-2.0152295,-1.9052294,-1.7952294,-1.6952295,-1.5852295,-1.4852295,-1.3852295,-1.2852294,-1.1752295,-1.0852295,-0.9752295,-0.88522947,-0.7852295,-0.6852295,-0.5952295,-0.5052295,-0.4152295,-0.3152295,-0.22522949,-0.1352295
-5.9552293,-5.9052296,-5.8652296,-5.8152294,-5.7652297,-5.7152295,-5.6752295,-5.6252294,-5.5552297,-5.4952297,-5.4252295,-5.3452296,-5.2352295,-5.1252294,-5.0052295,-4.9052296,-4.7952294,-4.6952295,-4.5952296,-4.5052295,-4.4152293,-4.3252296,-4.2352295,-4.1352296,-4.0352297,-3.9352295,-3.8252294,-3.7152295,-3.5952294,-3.4752295,-3.3452294,-3.2152295,-3.0752294,-2.9352295,-2.8052294,-2.6752295,-2.5552294,-2.4152296,-2.2952294,-2.1752295,-2.0552294,-1.9252295,-1.8152295,-1.6852295,-1.5752295,-1.4552295,-1.3452295,-1.2252295,-1.1152295,-1.0052295,-0.8952295,-0.7852295,-0.6752295,-0.5652295,-0.4552295,-0.3552295,-0.2552295,-0.1552295,-0.055229492
-6.1452293,-6.1652293,-6.1552296,-6.1752295,-6.1852293,-6.1852293,-6.2152295,-6.2452297,-6.2452297,-6.2452297,-6.2252293,-6.1552296,-6.0752296,-5.9852295,-5.8552294,-5.7352295,-5.5652294,-5.3752294,-5.2052293,-5.0852294,-4.9752293,-4.8652296,-4.7652297,-4.6652293,-4.5452294,-4.4152293,-4.3052297,-4.1852293,-4.0652294,-3.9452295,-3.8252294,-3.7052295,-3.5852294,-3.4552295,-3.2752295,-3.0852294,-2.8952296,-2.7352295,-2.5652294,-2.4152296,-2.2752295,-2.1352296,-1.9852295,-1.8252295,-1.6952295,-1.5652295,-1.4452295,-1.3352295,-1.2052295,-1.0852295,-0.9552295,-0.82522947,-0.6852295,-0.5252295,-0.3552295,-0.1552295,0.034770507,0.2347705,0.4547705
-5.7452297,-5.7052293,-5.6652293,-5.6452293,-5.6452293,-5.6652293,-5.6952295,-5.7352295,-5.7752295,-5.8152294,-5.8452296,-5.8552294,-5.8352294,-5.7752295,-5.7052293,-5.6152296,-5.5352297,-5.4552293,-5.3852296,-5.3552294,-5.3052297,-5.2352295,-5.0452294,-4.8252296,-4.6252294,-4.4152293,-4.2452297,-4.0652294,-3.8852296,-3.7652295,-3.7152295,-3.6952295,-3.7052295,-3.7252295,-3.7652295,-3.7852294,-3.7952294,-3.7752295,-3.7252295,-3.6852295,-3.6452296,-3.5552294,-3.4452295,-3.2852294,-3.1152296,-2.9152296,-2.6752295,-2.4052296,-2.1252296,-1.8552295,-1.6052295,-1.3652295,-1.1352295,-0.9252295,-0.76522946,-0.63522947,-0.51522946,-0.3852295,-0.22522949
-5.8652296,-5.8252296,-5.7552295,-5.6952295,-5.6352296,-5.5952296,-5.4952297,-5.3952293,-5.2852297,-5.2052293,-5.1152296,-5.0552297,-4.9852295,-4.9252295,-4.8552294,-4.8052297,-4.7452297,-4.7052293,-4.6552296,-4.6252294,-4.6152296,-4.6152296,-4.6352296,-4.6552296,-4.6652293,-4.6552296,-4.6252294,-4.5552297,-4.4752293,-4.3852296,-4.3052297,-4.2252293,-4.1452293,-4.0452294,-3.9452295,-3.8452294,-3.7352295,-3.6252296,-3.5052295,-3.4752295,-3.5352294,-3.6852295,-3.7952294,-3.8452294,-3.7352295,-3.5852294,-3.4252295,-3.2752295,-3.1252296,-2.9852295,-2.8552294,-2.7252295,-2.5752294,-2.4152296,-2.2652295,-2.1452296,-2.0552294,-1.9952295,-1.9252295
-5.0552297,-5.0152297,-5.0052295,-4.9852295,-4.9452295,-4.8952293,-4.8652296,-4.8152294,-4.7652297,-4.7052293,-4.6552296,-4.5952296,-4.5452294,-4.4952297,-4.4752293,-4.4752293,-4.4952297,-4.4952297,-4.4752293,-4.4152293,-4.3352294,-4.2652297,-4.2252293,-4.1852293,-4.1552296,-4.1352296,-4.1452293,-4.1752295,-4.1852293,-4.1752295,-4.1352296,-4.0752296,-3.9952295,-3.9152296,-3.8552294,-3.8052294,-3.7352295,-3.6152296,-3.5152295,-3.4452295,-3.4152296,-3.4152296,-3.4252295,-3.4152296,-3.3852296,-3.3352294,-3.2652295,-3.1752295,-3.0552294,-2.9052296,-2.7252295,-2.5552294,-2.4152296,-2.3052294,-2.1852295,-2.0552294,-1.8852295,-1.6852295,-1.5552295
-4.6552296,-4.6252294,-4.5852294,-4.4952297,-4.3852296,-4.2952294,-4.2552295,-4.2852297,-4.3152294,-4.3352294,-4.3552294,-4.3452296,-4.3352294,-4.3452296,-4.3652296,-4.3852296,-4.3652296,-4.3052297,-4.2552295,-4.2352295,-4.2252293,-4.2052293,-4.1652293,-4.0952296,-4.0352297,-3.9552295,-3.8652296,-3.7052295,-3.5252295,-3.3852296,-3.3052294,-3.2352295,-3.1852295,-3.0952294,-3.0052295,-2.9752295,-2.9352295,-2.8452294,-2.7352295,-2.6252296,-2.4952295,-2.4252295,-2.4052296,-2.3052294,-2.1052294,-1.9152294,-1.4252295,-0.63522947,-1.0052295,-1.8952295,-1.8352295,-2.0352294,-1.3252295,-0.1652295,-0.8752295,-0.9252295,-0.5452295,-0.8152295,-0.43522948
-4.3052297,-4.2652297,-4.2152295,-4.1752295,-4.1352296,-4.0852294,-4.0052295,-3.9652295,-3.9352295,-3.8752296,-3.8552294,-3.8852296,-3.9352295,-4.0052295,-4.0652294,-4.1052294,-4.0752296,-3.9552295,-3.8452294,-3.7252295,-3.6152296,-3.4552295,-3.2052295,-2.8752296,-2.4952295,-2.1452296,-1.8752295,-1.6252295,-1.3452295,-1.0452294,-0.8652295,-0.7552295,-0.1252295,-0.2452295,-0.6052295,-0.6552295,-0.6652295,-0.20522949,-0.17522949,-0.1252295,-0.2152295,0.07477051,0.61477053,0.4947705,0.21477051,0.37477052,0.004770508,-0.3552295,-0.3152295,-0.27522948,-1.5752295,-2.6652296,-3.0752294,-2.1252296,-1.1252295,2.0747705,2.2147706,1.4547706,0.2747705
-3.3652296,-3.3352294,-3.2552295,-3.1752295,-3.1252296,-3.0852294,-3.0552294,-3.0252295,-2.9752295,-2.9852295,-3.0452294,-3.1352296,-3.2352295,-3.2552295,-3.2452295,-3.1752295,-3.0552294,-2.9052296,-2.7352295,-2.5752294,-2.3552294,-2.0652294,-1.7252295,-1.4152294,-1.0852295,-0.6552295,-0.04522949,0.7647705,1.8347706,1.5247705,0.4247705,-0.3352295,-0.8752295,-2.4452295,-4.1852293,-3.4352295,-1.5152295,-1.4552295,-1.6952295,-0.8452295,-1.1852295,-2.1652296,-1.6052295,0.004770508,-1.3352295,0.2947705,1.2747705,-0.6452295,-0.2452295,0.11477051,1.4347705,-0.04522949,-0.7452295,0.7647705,1.2547705,0.37477052,-1.2352295,-1.8552295,-2.8252294
-2.7952294,-2.6752295,-2.5252295,-2.3552294,-2.2252295,-2.1152296,-2.1252296,-2.1952295,-2.2552295,-2.2652295,-2.2152295,-2.0752294,-1.9052294,-1.7152295,-1.5352294,-1.3952295,-1.2952294,-1.1952295,-1.1152295,-1.0752295,-1.0652295,-1.0052295,-0.82522947,-0.5852295,-0.2852295,-0.04522949,-1.1852295,-2.0852294,-2.4452295,-2.1852295,-1.0652295,-0.4452295,-0.3652295,-0.3352295,-0.3252295,-2.4952295,-1.7552295,-2.6452296,-2.7652295,-1.0852295,-2.2852294,-0.9452295,-1.2752295,0.3047705,0.44477051,-1.2452295,-0.6452295,-1.3552295,-0.9752295,-1.2752295,-0.7952295,-0.27522948,-0.8752295,-1.0152295,-2.1452296,-2.4852295,0.25477052,1.0647705,-0.2652295
-2.0252295,-1.7952294,-1.5152295,-1.2952294,-1.0752295,-0.82522947,-0.5552295,-0.27522948,-0.035229493,0.15477051,0.2047705,0.2347705,0.2247705,0.18477051,-0.025229491,-0.22522949,-0.4852295,-0.7752295,-1.1852295,-1.5052295,-1.5752295,-2.5152295,-2.8652296,-2.1752295,-2.3752296,-2.4652295,-2.1152296,-1.9452295,-2.2252295,-2.3652296,-1.4052294,-1.4052294,-1.4152294,-0.7752295,-1.8252295,-2.3652296,0.98477054,1.8247705,1.9747705,-0.2652295,-1.5352294,1.2747705,1.7347705,2.3247705,1.3047705,2.3147705,1.0247705,1.5847706,1.9347705,2.0047705,-0.20522949,-0.8352295,-0.51522946,2.0047705,1.6147705,0.054770507,-1.0852295,-1.9252295,1.0847706
-0.14522949,0.04477051,0.18477051,0.24477051,0.2347705,0.24477051,0.2347705,0.1447705,-0.06522949,-0.4452295,-1.0952295,-0.6752295,-1.1652294,-1.9052294,-1.2152295,-0.9152295,-0.8052295,-1.0852295,-1.2052295,-1.3252295,-1.3652295,-0.4452295,0.064770505,-0.43522948,-1.5252295,-1.9652295,-0.5452295,-1.6352295,-1.4152294,-0.9452295,-1.0652295,-1.3552295,-1.2652295,0.8347705,1.9547706,2.7247705,3.4247706,0.5147705,0.094770506,0.5747705,0.5247705,4.4947705,2.4747705,-0.8952295,-0.7052295,-1.1252295,-1.8652295,-0.7552295,0.73477054,-0.22522949,-2.0652294,0.064770505,0.4547705,-0.3852295,0.07477051,0.6047705,1.1247705,0.16477051,1.0047705
-1.0252295,-1.2352295,-1.4552295,-1.7552295,-2.0152295,-1.6052295,-1.1052295,-1.5752295,1.4347705,0.4247705,-1.0752295,-0.63522947,-1.1452295,-0.8652295,-0.5852295,-0.5852295,-1.1852295,-1.6152295,-1.7852294,-1.3152295,0.9047705,0.7647705,-0.2452295,-1.5352294,-1.9252295,-2.1052294,-2.0752294,-2.9252295,-2.3352294,-1.7452295,-1.6352295,-0.6152295,-1.4952295,-1.4252295,-0.1552295,1.6947705,-0.7352295,0.4547705,0.5847705,-1.3352295,-1.4052294,-2.3752296,-2.2752295,1.3047705,1.3747705,0.8147705,0.2647705,-1.2952294,1.1947705,0.7947705,0.1447705,-0.1252295,-0.7752295,-1.4752295,1.7347705,1.5147705,2.2447705,3.4847705,2.8647704
-0.9652295,-1.1752295,1.1947705,1.9247705,1.9947705,0.3047705,-0.3552295,0.19477051,-0.23522949,-2.7752295,-3.1552296,-2.1052294,-0.9752295,-2.2952294,-2.5452294,-3.5552294,-2.1452296,-1.7552295,-3.4052296,-2.8252294,-3.6452296,-3.5852294,-3.8952296,-3.5252295,-3.4652295,-4.0952296,-4.1852293,-4.4652295,-3.7952294,-1.5952295,-1.9952295,-1.6952295,-0.9752295,-0.035229493,-0.3652295,-1.6552294,-1.5252295,-0.7552295,-0.5052295,-0.7752295,-1.0552295,-1.6352295,0.064770505,0.4547705,-1.2452295,-1.6652294,-0.9152295,1.6347705,1.7047706,1.1047705,0.67477053,0.5147705,-0.17522949,-0.7752295,-1.5452294,-1.9052294,-1.1852295,-1.0752295,0.024770508
-1.7652295,-1.1852295,-0.76522946,-0.76522946,-0.57522947,-0.17522949,0.6247705,0.67477053,0.5447705,0.9747705,0.1747705,-0.7352295,-0.5552295,-2.6752295,-1.8352295,-1.7852294,-1.2952294,0.4347705,-0.8652295,-4.3152294,-3.2252295,-3.7452295,-3.5352294,-2.6852295,-1.5552295,2.2047706,-1.6352295,-3.9852295,-4.2352295,-4.1352296,-3.6752295,-5.6352296,-3.9852295,-3.0152295,-2.9052296,-2.6652296,-1.9852295,-1.1952295,-1.2552295,-1.6452295,-1.5452294,-1.6452295,-1.6652294,-0.4752295,-0.9552295,-2.2852294,-1.9352295,0.2647705,0.61477053,1.5847706,1.2547705,0.9147705,0.08477051,-0.9052295,-0.5052295,-0.3452295,-0.6952295,-1.2752295,-1.2552295
0.08477051,1.6847705,1.8447706,1.6347705,-0.1552295,-0.4152295,1.6547705,0.7247705,1.6547705,0.7547705,0.16477051,-0.30522949,-0.57522947,-1.0252295,-1.2952294,-0.8452295,-1.6552294,-1.9252295,-1.5552295,-1.8952295,-2.6152296,-2.7452295,-2.9052296,-2.7552295,-2.6752295,-2.7652295,-2.2552295,-2.6352296,-2.8352294,-3.7352295,-2.7152295,-3.8952296,-1.8452295,-1.3652295,-0.8552295,-2.8452294,-3.7452295,-3.0852294,-0.30522949,-2.0052295,-2.7452295,-1.4652295,-2.0952294,-2.8052294,-1.4552295,0.3047705,2.6547706,3.8647704,3.8347704,3.2847705,2.4947705,2.0947704,1.6147705,1.5447705,1.3047705,0.9947705,0.5447705,-0.1352295,-0.5852295
1.1247705,0.9047705,0.8447705,1.1647705,1.0147705,0.8747705,-2.2252295,-4.6352296,-3.3952296,-1.6652294,-2.7252295,-2.1652296,-1.6852295,-2.8452294,-2.1752295,-3.6052294,-4.2652297,-4.1852293,-2.8752296,-3.1552296,-4.6952295,-4.3552294,-4.4252295,-2.6852295,-1.5052295,0.3047705,-2.3052294,-3.8552294,-4.8452296,-3.9752295,-4.3152294,-4.6552296,-3.9652295,-5.9452295,-8.885229,-4.7952294,-5.5852294,-5.1552296,-6.7252293,-2.4952295,-1.4852295,1.2247705,0.5047705,0.4247705,-2.6152296,1.6447705,-4.3952293,-0.1352295,4.1047707,3.3147705,2.3347704,1.5747705,1.6947705,1.6147705,1.1047705,0.7147705,0.31477052,-0.3952295,-0.8452295
3.0447705,3.0447705,2.6047704,1.5847706,-0.2952295,-3.2852294,-2.6852295,-1.8652295,-4.4752293,-3.7352295,-2.8152294,-3.5152295,-3.4052296,-3.2152295,-2.5252295,-2.8952296,-4.6152296,-1.3652295,-3.6352296,-3.3052294,-2.7552295,-2.0452294,-2.0352294,-1.4452295,-1.2152295,-1.4252295,-1.0352294,0.3947705,-2.5152295,-2.2952294,1.5147705,-1.5052295,-3.0652294,-3.2452295,-4.7952294,-4.7452297,-3.7752295,-2.3952296,-6.0352297,-3.2152295,0.3047705,0.7547705,-0.3352295,-2.1352296,-1.8852295,-3.4252295,1.9447705,-0.3852295,-1.7652295,0.16477051,-0.1252295,-0.10522949,-0.09522949,-0.06522949,-0.1352295,0.064770505,0.5247705,-0.025229491,-0.3652295
1.8047705,-1.9652295,-1.6052295,-0.2652295,-0.04522949,-0.7752295,-2.2152295,-1.3452295,0.5347705,0.054770507,-0.6652295,-1.1752295,-0.7852295,-1.0552295,-1.9152294,-2.0852294,-2.5352294,-2.9052296,-2.6452296,-0.6252295,-1.4452295,-1.9552295,-2.0952294,-2.2552295,-2.7852294,-2.7352295,-1.8952295,-1.9052294,-5.9152293,0.9647705,-0.6952295,-2.6152296,-3.0452294,-3.0552294,-3.0852294,-2.0452294,-0.5252295,-1.0252295,-1.5452294,-4.2152295,-3.4852295,-3.2352295,-3.6052294,-4.8052297,-3.0452294,2.6647706,0.47477052,-0.6852295,-1.2552295,-1.9252295,-2.8452294,-0.4752295,-0.10522949,-0.5252295,-0.3352295,-0.5552295,0.10477051,1.1547705,1.5847706
-0.5852295,-0.025229491,1.9047705,0.6847705,0.064770505,-0.09522949,-2.0652294,-2.1952295,-0.6452295,-1.9652295,-3.6952295,-3.8852296,-4.3552294,-1.8152295,-2.5352294,-2.9852295,-3.2852294,-3.6652296,-2.5452294,-2.7252295,-3.6352296,-3.4652295,-4.6252294,-4.1652293,-2.8752296,-2.6452296,-2.5252295,-2.6352296,-3.3052294,1.4347705,2.6347704,1.1747705,0.19477051,-2.4552295,-2.4452295,-2.1252296,-1.5352294,-0.1652295,-0.22522949,2.0847704,-1.5552295,-2.0452294,-0.9852295,-1.3452295,0.47477052,3.1347704,3.2547705,4.6247706,3.6047704,2.8547704,-0.88522947,2.3247705,-1.0252295,-0.7952295,-0.8052295,-0.4752295,-1.3752295,-1.1352295,0.7847705
2.7247705,3.5947704,3.4047706,2.8547704,1.8347706,-0.3252295,-1.4752295,-0.5952295,0.44477051,3.3047705,3.4247706,0.6247705,0.61477053,1.0447705,2.4047706,4.0047703,1.2047706,-0.8652295,-0.06522949,3.0547705,2.5547705,-1.3352295,-1.8852295,-3.0352294,-3.8152294,-4.7052293,-3.8552294,-0.035229493,-0.7552295,-2.6852295,-4.4752293,-2.5252295,0.11477051,-1.8652295,-4.1852293,-2.9952295,-1.8952295,-1.9952295,-2.1952295,0.61477053,-3.4752295,-0.8952295,0.4147705,4.2647705,1.0747705,-0.40522948,2.7447705,1.7347705,-1.6252295,0.9647705,2.3947706,-0.4852295,-0.7152295,-0.76522946,-0.4252295,-0.17522949,-0.7252295,0.15477051,0.8547705
3.2747705,1.5847706,0.5247705,0.15477051,-0.7552295,-1.6152295,-0.8952295,-0.3152295,-1.2852294,-2.0452294,-2.0352294,-2.4952295,-2.6452296,-2.3752296,-0.7852295,-1.4452295,-0.9252295,-2.0952294,-1.5452294,-1.5652295,-1.8552295,-0.4552295,-1.7752295,-2.2152295,-2.3252294,-3.1452296,-4.6352296,-1.9252295,-3.5652294,-4.8452296,-5.6852293,-0.19522949,0.11477051,-1.1252295,-2.9952295,-0.5052295,-1.0652295,-2.9752295,-3.0152295,-1.4652295,-0.63522947,-0.57522947,0.9647705,-0.19522949,-0.9152295,-1.6352295,-2.9852295,-4.1152296,-1.5352294,-3.2252295,-3.7952294,2.9247706,0.6547705,-1.9452295,-3.4252295,-4.3352294,-1.1252295,-1.1552294,-1.2352295
0.6447705,-1.9652295,-2.8752296,-3.8352294,-3.3452294,-3.2552295,-3.8452294,-4.7252293,-1.3052295,2.1647706,2.4447706,2.5047705,1.1947705,-0.23522949,-0.8052295,-2.7352295,-5.2852297,-2.2552295,-3.0052295,-1.9152294,-2.5352294,-3.0552294,-3.1752295,-2.2052295,-2.9252295,-3.0952294,-4.1052294,-3.2352295,-5.1352296,-3.0852294,-1.2552295,-1.7052295,-1.9652295,-0.9052295,-1.5152295,1.0547705,-1.2152295,-4.3252296,-3.4652295,2.5347705,2.5747705,1.8547705,0.6347705,-1.5652295,-2.2452295,-3.6752295,-2.5752294,-2.0052295,-2.7952294,-3.2552295,-3.9452295,-4.5052295,0.16477051,1.2847705,3.2247705,3.2447705,2.0847704,-0.6952295,0.5347705
-1.9952295,-3.7752295,-3.5852294,-6.0352297,-5.2952294,-1.8752295,0.16477051,-1.5952295,-1.8852295,-1.4352295,-0.06522949,1.4447705,0.7147705,0.5047705,0.2347705,0.024770508,-0.5252295,-0.115229495,-0.04522949,-0.3552295,-0.8052295,-1.2752295,-1.0952295,-0.8652295,-1.4152294,-1.5952295,-4.3852296,-3.6752295,-5.1052294,-0.8752295,4.8447704,0.5447705,-0.6252295,1.4347705,3.4847705,4.9847703,-0.2452295,0.61477053,-0.6152295,-0.4252295,-0.46522948,-0.9552295,-1.9552295,-2.2852294,-2.8052294,-3.4552295,-4.2052293,-6.9652295,-6.0452294,-6.2452297,-6.1552296,-4.3652296,-1.9952295,3.0847704,3.3347704,3.2147706,4.0647707,3.8047705,-0.3452295
-3.4952295,-3.1152296,-2.6852295,-3.1752295,-4.0252295,-4.2552295,-5.2652297,-4.2452297,-2.5852294,-1.3052295,-0.46522948,-0.7752295,-0.1352295,-0.2852295,0.1747705,0.1747705,0.4847705,0.8047705,-0.6752295,-0.4252295,-0.40522948,-0.6052295,-1.1452295,-2.0152295,2.6347704,3.5047705,1.5947706,0.054770507,0.25477052,0.4047705,4.9647703,2.4147706,0.8347705,-1.5752295,-2.1452296,-2.4252295,-3.4952295,-6.4352293,-4.1152296,-3.7252295,-3.1352296,-1.7652295,-2.6552296,-3.8152294,-4.5752296,-6.3152294,-6.2552295,-6.0152297,-5.4852295,-4.7652297,-1.8752295,0.16477051,0.9547705,2.9847705,4.0047703,1.7347705,0.7247705,-1.5652295,4.2447705
