json-data/2022072500.json
{"header": {"discipline":0,"disciplineName":"Meteorological products","gribEdition":2,"gribLength":79114,"center":7,"centerName":"US National Weather Service - NCEP(WMC)","subcenter":0,"refTime":"2022-07-25T00:00:00.000Z","significanceOfRT":1,"significanceOfRTName":"Start of forecast","productStatus":0,"productStatusName":"Operational products","productType":1,"productTypeName":"Forecast products","productDefinitionTemplate":0,"productDefinitionTemplateName":"Analysis/forecast at horizontal level/layer at a point in time","parameterCategory":2,"parameterCategoryName":"Momentum","parameterNumber":3,"parameterNumberName":"V-component_of_wind","parameterUnit":"m.s-1","genProcessType":2,"genProcessTypeName":"Forecast","forecastTime":0,"surface1Type":103,"surface1TypeName":"Specified height level above ground","surface1Value":10.0,"surface2Type":255,"surface2TypeName":"Missing","surface2Value":0.0,"gridDefinitionTemplate":0,"gridDefinitionTemplateName":"Latitude_Longitude","numberPoints":65160,"shape":6,"shapeName":"Earth spherical with radius of 6,371,229.0 m","gridUnits":"degrees","resolution":48,"winds":"true","scanMode":0,"nx":360,"ny":181,"basicAngle":0,"lo1":0.0,"la1":90.0,"lo2":359.0,"la2":-90.0,"dx":1.0,"dy":1.0}, "data":
[rows 104 to 129 of 181, columns 232 to 289 of 360]
-0.7508765,0.32912353,1.2891235,1.6491235,2.8791234,2.0491235,1.4691235,2.7791235,2.4291236,1.6691235,1.9291235,2.3891234,1.9591235,2.8491235,2.5791235,4.0091233,2.8691235,2.5491235,3.5791235,3.8191235,3.2291236,4.5391235,3.6491234,4.0591235,3.9791236,4.2891235,4.9891233,3.5691235,4.2791233,4.9291234,4.9791236,5.8991237,5.1691236,5.5091233,3.9391236,5.5291233,5.1091237,4.4291234,4.3491235,4.3991237,4.5091233,4.1991234,4.1391234,4.9091234,5.3591237,5.1291237,5.0991235,4.9891233,5.0391235,4.7191234,5.1291237,6.9891233,-1.3908764,-1.4708765,-1.4108765,-1.8208765,-2.2708764,-2.6708765
-0.040876463,0.20912354,0.89912355,1.3291235,1.1591235,1.6391236,1.3291235,2.1191235,1.2191235,1.5591235,0.12912354,1.1891235,2.5991235,1.8891236,1.8991235,2.9091234,3.6391234,3.1291234,3.3291235,2.4491236,2.9191236,3.1191235,4.0091233,3.0491235,4.5691237,2.9791236,4.3691235,4.2691236,4.0191236,3.9591236,3.8391235,3.2991235,3.8791234,5.1191235,5.5891237,4.5091233,5.1091237,5.2391233,3.9191236,3.8291235,3.8391235,4.1391234,3.6691236,4.4691234,4.9391236,4.9291234,5.1591234,5.2791233,4.8991237,4.6091237,4.7291236,5.5291233,5.9391236,1.4291235,-0.08087646,1.8291235,1.1291236,1.4391235
0.63912356,1.2591236,-0.25087646,0.5491235,0.36912355,0.059123535,0.079123534,0.18912354,0.40912354,0.89912355,1.9191235,0.049123537,1.9591235,2.2691236,2.2991235,2.3091235,2.2191236,3.4091234,2.8591235,3.7891235,3.8891234,2.7691236,3.2291236,4.0991235,3.4491236,3.4891236,4.1391234,4.8291235,4.8191237,3.9991236,3.5991235,3.3791234,3.0991235,3.8891234,4.0791235,4.5991235,4.9491234,4.5391235,4.6391234,4.0391235,3.9391236,3.8591235,3.5891235,3.8791234,3.7791235,4.049124,4.4091234,4.7791233,4.5891237,4.3791237,4.0591235,4.1991234,3.9791236,4.4191236,2.4591236,0.08912353,-0.5008765,2.6191235
-1.4208765,-0.84087646,-0.7508765,-0.27087647,-0.31087646,-1.5708765,-1.9408765,-0.010876465,0.37912354,0.69912356,1.8791236,1.5691235,1.3891236,0.5591235,0.25912353,1.3391235,1.8791236,1.4591235,1.7391236,1.9591235,2.4591236,2.3191235,2.8891234,3.4291236,3.8691235,4.3291235,4.3491235,4.4891233,4.9191236,4.9191236,4.5591235,4.8091235,4.2291236,4.4391236,3.5891235,3.2291236,4.2791233,5.2491236,3.7991235,4.5091233,3.8091235,4.049124,3.3591235,4.1791234,4.4891233,4.0691237,4.2191234,3.5091236,3.8891234,3.6491234,3.6491234,3.4891236,2.7191236,2.5691235,2.9191236,2.2391236,1.5291235,-1.4108765
-2.2608764,-1.8208765,-2.1608765,0.76912355,0.5591235,-0.21087646,-1.6908765,-1.1408764,-0.58087647,0.079123534,-0.31087646,0.72912353,1.2191235,1.5591235,1.4591235,0.58912355,0.95912355,1.2291236,1.5991235,1.1891235,2.1891236,3.2991235,3.7191236,4.0891237,3.8891234,3.7591236,4.1291237,4.3091235,4.8991237,4.7191234,4.9491234,4.6891236,3.8191235,4.4691234,3.3691235,3.7091236,2.8491235,3.9591236,3.1691236,4.0391235,4.5291233,2.9391236,2.1991236,3.0591235,3.1491234,3.5491235,3.4391236,3.7291236,3.9391236,3.0191236,2.4791236,2.5691235,2.3891234,2.1491234,1.4991236,1.8591236,2.6791236,3.1091235
-3.3708766,-2.1908765,-1.9808764,1.6591235,0.13912353,0.52912354,0.26912352,-0.050876465,-0.33087647,-0.08087646,-0.030876465,-1.6508765,-0.86087644,-0.8208765,-0.15087646,-0.74087644,-0.7508765,0.39912355,0.15912354,1.8491235,2.4691236,3.0491235,3.8591235,3.4191236,4.2491236,3.6891236,3.6091235,4.3191237,3.7291236,3.5691235,3.7991235,4.4591236,4.4291234,3.7691236,4.8791237,3.5291235,3.6591234,3.8591235,5.9091234,3.2591236,3.1691236,3.0791235,2.6891236,2.6591234,2.8691235,3.3591235,3.2991235,3.6491234,3.1291234,2.3991234,2.3291235,1.7491236,2.2991235,1.8991235,2.2191236,1.3891236,2.1891236,2.9891236
-1.8008765,-2.1508765,-2.2808764,0.019123536,1.5091236,0.9991235,0.21912354,0.28912354,-8.764648E-4,-0.21087646,-1.7308764,-1.2308764,-1.2308764,1.2791235,0.51912355,0.8791235,2.2991235,3.1191235,2.0291235,1.4891236,0.8091235,1.9791236,3.2891235,3.6091235,4.2391233,4.5591235,5.0591235,5.6391234,2.8391235,1.9391235,2.1991236,2.8591235,3.7991235,3.8991234,4.1191235,3.6991236,3.0891235,3.0491235,3.7791235,4.3591237,2.5191236,3.0991235,2.5091236,2.0091236,1.8191235,1.7791235,2.7291236,3.0291235,2.6591234,2.9891236,2.7091236,1.9491235,2.1091235,2.0591235,1.6491235,1.9191235,1.7691236,3.0791235
-2.0408764,-2.4008765,-2.2808764,-2.7008765,-0.85087645,0.8691235,0.37912354,-0.23087646,-0.18087646,-0.030876465,0.58912355,-1.4208765,-1.1408764,-0.22087647,-0.37087646,-0.58087647,0.70912355,1.4091235,0.9891235,2.0691235,2.5991235,2.2991235,2.4991236,3.0291235,3.6191235,3.3091235,3.5791235,4.3691235,4.4391236,4.2891235,2.1591234,3.2091236,0.32912353,0.21912354,1.1391236,1.4491235,1.9991236,1.8291235,2.2491236,3.3391235,3.3591235,2.9591236,1.2991235,1.3891236,0.8791235,1.7991235,1.6191236,1.7691236,2.1791236,2.3591235,2.4491236,2.6291234,1.8091235,2.0791235,2.6791236,1.9391235,2.1891236,2.8291235
-3.6008766,-2.8408766,-2.7008765,-3.2008765,-2.8108764,-1.6108764,-0.28087646,0.57912356,-1.1808765,-1.6708765,-1.9008765,-1.5208764,-1.9008765,-1.0308765,-0.72087646,-0.41087645,0.49912354,0.96912354,0.71912354,0.88912356,1.7591236,2.3091235,3.2191236,2.9291236,2.6691236,1.9791236,2.4891236,3.2291236,3.4091234,2.9691236,2.6691236,2.4591236,1.9091235,1.8291235,1.4791236,1.0991235,-0.9508765,-0.41087645,0.52912354,1.0791235,2.4591236,2.1691236,1.5091236,1.1091236,0.8091235,0.5491235,1.2891235,1.3991235,1.0591235,1.4691235,1.8391235,2.2591236,2.3291235,2.3491235,2.8891234,3.8391235,2.9691236,2.4891236
-3.9208765,-3.9108765,-3.1208766,-2.3508766,-1.8308765,-1.7608764,-0.85087645,0.08912353,0.57912356,-1.3908764,-1.1708765,-2.9208765,-3.0608764,-2.6908765,-2.4908764,-1.9908764,-0.6808765,-0.050876465,0.27912354,0.36912355,0.97912353,1.1991235,2.7391236,4.9091234,4.2191234,6.1591234,5.8791237,6.0991235,7.4991236,8.619123,8.5791235,5.4091234,3.3091235,1.1091236,3.1991236,0.70912355,-0.77087647,-1.3308765,-2.7508764,-1.8208765,-1.3708764,-0.33087647,0.89912355,0.37912354,0.5491235,-0.41087645,0.5591235,1.8591236,0.63912356,1.3191235,1.1691235,2.0291235,2.3991234,2.3591235,2.2191236,3.0391235,3.0791235,2.9691236
-5.2808766,-4.7108765,-4.2308764,-3.2608764,-2.9508765,-1.5008764,-0.65087646,-0.5708765,-1.3708764,-0.74087644,-2.2208765,-2.2208765,-2.7908764,-3.3008764,-3.0208764,-2.8408766,-1.7708764,-0.9308765,-0.77087647,-0.35087645,0.079123534,1.5891235,2.6891236,2.8391235,3.6891236,5.8891234,6.0891237,6.8491235,7.3491235,7.2291236,7.1891236,7.9991236,7.2291236,8.789124,7.5591235,7.8291235,8.3291235,8.279123,0.33912355,-3.0508764,-3.6308765,-4.2108765,-0.12087646,-0.80087644,-0.67087644,-1.3008765,-1.9808764,-1.3808764,0.09912354,0.20912354,0.69912356,0.91912353,2.0291235,1.8691236,2.2791235,2.3991234,2.6591234,2.5891235
-2.2908764,-3.7608764,-2.5708764,-2.0508764,-3.4508765,-2.1808765,-1.4908764,-2.3908765,-2.3108764,-2.0808764,-2.8308764,-3.6508765,-3.1608765,-2.5208764,-2.3108764,-1.2608764,-1.3908764,-1.9408765,-1.4808764,0.34912354,0.51912355,2.5391235,1.4591235,3.0091236,4.1491237,4.8491235,5.7691236,6.2491236,6.0291233,7.3391237,7.3991237,7.7591233,7.5791235,7.1391234,7.4391236,7.3091235,8.139124,7.9091234,7.3791237,7.3691235,0.6091235,-4.5708766,-4.8408766,-6.7608767,-4.450876,-3.2208765,-3.1808765,-3.8508766,-2.4808764,-1.3208765,-0.30087647,-0.32087648,0.9391235,1.9391235,2.3691235,1.9991236,1.5791235,2.3491235
-2.3608766,-1.6308764,-0.59087646,0.049123537,0.95912355,1.8291235,3.1091235,4.049124,3.9691236,-3.3008764,-3.7108765,-4.450876,-4.4608765,-4.4908767,-4.6608763,-3.4308765,-1.9708765,-2.8208764,-2.5508764,0.30912355,-2.5908766,-0.40087646,1.1191236,2.3891234,3.0391235,3.9691236,5.3191237,6.2791233,6.9391236,7.4591236,7.2091236,8.229123,8.059124,8.629124,7.8391237,8.169124,8.289124,7.799124,7.1691236,7.2391233,7.3991237,6.0791235,-5.2708764,-6.5308766,-7.0608764,-5.8308764,-7.4308763,-5.3708763,-4.8508763,-3.6008766,-2.4508765,-1.5308765,0.30912355,0.39912355,0.5591235,1.1491235,0.8191235,1.8091235
-3.0908766,-1.1908765,0.079123534,0.71912354,1.7591236,2.2691236,2.3891234,2.2691236,2.3491235,3.3191235,3.6191235,-3.7908764,-4.0208764,-5.6608763,-5.8508763,-5.9108763,-4.5908766,-3.6408765,-3.3308764,2.1191235,-1.8008765,-0.8208765,0.7391235,1.6691235,3.3191235,4.4491234,4.7391233,6.2291236,7.3191237,7.3491235,7.3091235,7.0391235,7.1891236,6.7791233,7.0991235,7.9891233,6.6691236,7.7091236,7.1891236,7.4391236,7.3391237,7.2491236,7.2791233,6.0191236,-7.5008764,-8.330876,-7.4708767,-8.160876,-6.6208763,-6.5208764,-4.9908767,-3.0808764,-1.3708764,-0.45087647,0.6791235,-0.08087646,0.25912353,1.5591235
-3.4708765,-2.1808765,-0.47087646,0.43912354,0.95912355,1.1891235,1.6991235,1.9191235,1.7391236,1.7591236,1.9991236,2.7391236,1.9791236,-4.8608766,-6.4008765,-7.4108763,-6.3908763,-4.6008763,-2.9508765,-5.7308764,-3.0808764,-0.9508765,0.059123535,1.8491235,2.7191236,4.2691236,5.299124,5.6091237,7.7191234,7.4091234,7.5791235,8.049124,8.879124,8.419124,8.449123,8.169124,7.8691235,7.9791236,7.2291236,7.2191234,7.4991236,6.6491237,5.4291234,4.7091236,5.1991234,-8.830876,-9.390877,-8.880877,-8.030876,-7.5608764,-6.3908763,-5.9008765,-3.7908764,-3.2808764,-1.2408764,0.38912353,-0.9308765,0.70912355
-3.6308765,-2.0008764,-1.8108765,-0.33087647,0.64912355,1.1191236,1.4891236,1.5791235,1.9391235,1.2891235,1.4891236,1.4891236,2.1991236,1.5591235,-4.2508764,-6.5208764,-7.6008763,-6.8608766,-5.9308763,-6.8708763,-4.5408764,-2.7208765,-0.5108765,1.2291236,2.7491236,4.0891237,6.049124,6.2791233,7.4291234,8.309124,8.649123,8.729123,8.759124,9.189123,9.339124,9.059124,8.019123,7.4791236,6.6991234,6.9691234,6.3491235,6.1491237,6.1491237,3.6391234,3.0991235,3.2691236,-10.180877,-10.150876,-9.550877,-9.220877,-7.200876,-6.4108763,-4.5908766,-4.0008764,-1.9708765,-0.71087646,0.47912353,-0.86087644
-4.4408765,-3.0808764,-1.5008764,-0.34087646,1.2791235,2.4691236,2.7891235,2.7191236,2.3491235,1.7991235,1.2891235,1.0391235,0.24912353,0.59912354,-1.8708764,-6.9808764,-7.4108763,-6.9908767,-8.860876,-8.130877,-5.4108763,-2.5308764,-0.83087647,0.23912354,2.8891234,4.7291236,5.5391235,6.5091233,7.4791236,7.8091235,8.809124,8.559124,8.569123,9.509124,10.569123,10.799124,9.629124,8.779123,7.3291235,6.5891237,7.2591233,5.8991237,5.7291236,2.5191236,-0.99087644,-0.7508765,-0.61087644,-9.360876,-10.850877,-9.730877,-8.870876,-7.1208763,-6.7908764,-4.7208767,-4.0808764,-2.1408765,-0.72087646,-0.22087647
-4.5908766,-3.1208766,-0.55087644,0.45912352,2.0291235,3.4891236,2.8791234,2.3891234,2.4191236,1.3791236,1.2291236,0.9991235,0.16912353,0.41912353,-0.5708765,-6.2308764,-8.320876,-10.1708765,-9.230877,-6.7108765,-4.1308765,-1.3008765,-1.4708765,0.8091235,2.8091235,5.0291233,5.0391235,6.1991234,8.129124,7.8291235,8.789124,9.399123,9.649123,9.999124,11.559124,11.989123,10.639124,10.399123,8.109123,7.1491237,6.8391237,6.3891234,4.3491235,2.2091236,-0.30087647,-3.1908765,-3.3808765,-3.9308765,-11.550877,-11.360876,-9.940876,-9.030876,-7.6308765,-5.9408765,-5.7508764,-3.9208765,-1.5108764,-0.78087646
-4.6008763,-2.1708765,-0.8708765,1.5691235,2.9091234,2.9391236,2.0291235,1.8691236,1.6091236,0.70912355,-0.21087646,-2.9308765,-2.2308764,-0.070876464,0.30912355,-1.7508764,-10.680877,-10.230877,-8.600877,-6.9408765,-4.0108767,-3.1208766,-0.79087645,1.9391235,3.9691236,4.3991237,4.9991236,6.5291233,8.419124,9.379124,8.769123,7.8591237,10.809124,11.809124,12.669124,13.039124,11.879124,10.909123,9.089124,8.039124,7.5691237,8.3291235,5.7891235,1.2391236,-3.3308764,-4.4208765,-5.3808765,-5.0908766,-7.8908763,-11.690876,-11.620876,-9.860876,-9.550877,-7.6408763,-6.3008766,-4.6108766,-2.2608764,-0.9508765
-4.7908764,-2.0008764,-0.33087647,1.1391236,1.9891236,3.3491235,4.3191237,3.3891234,3.5291235,2.1391234,-0.55087644,-2.2908764,-4.3308764,-3.6408765,-0.80087644,-0.19087647,-4.5708766,-8.140877,-5.9608765,-2.7608764,-4.2508764,-4.1008763,-0.54087645,1.7691236,4.1991234,5.1291237,5.7591233,7.9691234,7.7291236,7.7591233,9.959124,10.499124,11.649123,12.139124,13.949123,13.919124,12.509124,11.899123,10.059124,9.899123,10.239123,11.419124,8.799124,-1.3608764,-7.6408763,-7.0308766,-8.650876,-9.550877,-4.8608766,-10.640877,-11.970877,-10.840877,-10.120876,-8.700876,-6.6908765,-5.3408766,-3.9508765,-0.060876466
-3.8308764,-1.5508765,-0.6908765,1.7791235,3.8391235,4.2091236,3.6191235,3.9391236,5.1291237,3.9291236,1.0191236,-2.4808764,-5.3008766,-4.3608766,-1.4608765,-7.6008763,-8.190876,-9.120876,-8.100877,-7.5308766,-4.4308763,-2.0408764,0.5591235,1.3291235,3.9291236,5.2191234,6.799124,7.1191235,8.019123,9.619123,9.989123,11.149123,11.349124,11.459124,12.639124,13.689123,13.789124,14.869123,11.349124,11.989123,14.229123,18.549124,13.419124,-5.4608765,-10.680877,-8.9208765,-8.740876,-8.880877,-9.620876,-12.320876,-11.770877,-10.450876,-10.360876,-9.110876,-7.0508766,-5.7908764,-3.5008764,0.31912354
-3.3708766,-1.5608765,-0.22087647,1.3291235,2.8691235,3.2291236,2.4691236,4.4891233,4.7291236,4.4391236,-0.050876465,-4.4008765,-4.6308765,-4.8008766,-7.9008765,-8.830876,-9.520877,-9.280876,-7.8008766,-6.8608766,-4.3608766,-1.1708765,0.22912353,2.1291234,2.4991236,4.3491235,6.1691236,7.049124,7.4991236,9.239123,9.419124,10.969124,11.5791235,11.639124,12.179124,13.159123,14.399123,14.229123,14.949123,14.779123,16.419123,18.739124,19.139124,5.9591236,-7.5708766,-7.8708763,-8.470877,-7.0308766,-3.6308765,-7.8508763,-11.380877,-9.710876,-9.700876,-8.760877,-7.7908764,-6.6808763,-0.73087645,0.059123535
-4.1008763,-2.3208764,0.50912356,1.2391236,3.9191236,2.7191236,2.6991236,2.9691236,4.1991234,4.3991237,2.8091235,-2.4708765,-6.2908764,-7.1308765,-7.8808765,-8.160876,-7.0208764,-7.2408767,-7.7108765,-5.8208766,-2.7908764,-1.8808764,0.079123534,1.7291236,3.8791234,4.9391236,6.0291233,6.7891235,8.339124,9.179124,9.439123,10.319123,12.089124,11.249124,11.489123,11.719124,12.679124,13.109123,13.589124,14.619123,16.159124,16.619123,16.729124,18.219124,6.7391233,-8.370876,-8.560877,-4.9908767,-2.6008766,-1.3008765,0.90912354,-5.0508766,-8.310877,-8.580876,-8.460876,-7.8508763,-1.4208765,-0.45087647
-4.7408767,-2.5408764,-0.58087647,1.3791236,1.6891235,1.9891236,1.7791235,1.4791236,1.6291236,0.6791235,-1.4808764,-4.6908765,-5.0908766,-6.7408767,-7.3308764,-8.320876,-7.2608767,-7.2308764,-6.2908764,-5.2708764,-3.0208764,-1.2308764,0.65912354,1.6591235,3.0691235,4.3491235,4.8391237,6.7591233,7.5791235,8.629124,9.909123,10.219124,10.249124,10.999124,10.679124,11.729123,11.709124,12.899123,13.119123,13.789124,14.119123,14.769123,14.239123,14.049124,13.819123,10.899123,9.909123,4.2491236,4.6091237,2.8291235,1.0391235,-0.16087647,1.7391236,-3.1308765,-9.940876,-1.5108764,-3.2108765,-0.43087646
-4.9808764,-2.4508765,-1.7408764,-1.2608764,-0.020876465,1.5191236,1.0591235,-1.0308765,-1.9908764,-1.4608765,-1.4508765,-3.1608765,-4.7408767,-7.2208767,-7.7808766,-7.450876,-7.2708764,-5.1808763,-5.3708763,-3.7308764,-3.0908766,-1.0208764,-0.31087646,2.1591234,2.6991236,4.6191235,5.2191234,5.9591236,6.9891233,8.159123,9.019123,10.149123,9.959124,9.999124,11.119123,11.659123,11.709124,11.319123,12.569123,13.249124,13.719124,13.719124,11.909123,13.059124,10.809124,8.909123,7.3091235,3.6391234,3.6591234,2.6091235,2.4191236,0.7991235,-0.28087646,0.90912354,-2.4808764,1.1091236,-2.4708765,-0.9508765
-6.4308763,-3.9708765,-2.5408764,-2.2508764,-2.7008765,-2.1208766,-2.8908765,-3.0008764,-2.9308765,-3.1708765,-4.3008766,-4.5608764,-4.7408767,-4.5008764,-4.5008764,-4.8008766,-4.9308763,-5.0408764,-3.6808765,-3.4408765,-2.6208766,-2.2508764,0.63912356,1.9491235,3.3091235,4.5391235,4.8391237,4.7091236,6.4191236,7.3491235,8.099124,9.379124,9.059124,9.929124,9.919124,11.339124,12.3291235,12.359123,12.379124,12.019123,12.409123,12.239123,11.489123,11.039124,9.899123,8.149123,5.3091235,4.9291234,3.9191236,2.0891235,1.9091235,3.1791236,0.6091235,0.47912353,-0.9408765,-0.020876465,0.49912354,0.69912356
