json-data/2022072500.json
{"header": {"discipline":0,"disciplineName":"Meteorological products","gribEdition":2,"gribLength":47354,"center":7,"centerName":"US National Weather Service - NCEP(WMC)","subcenter":0,"refTime":"2022-07-25T00:00:00.000Z","significanceOfRT":1,"significanceOfRTName":"Start of forecast","productStatus":0,"productStatusName":"Operational products","productType":1,"productTypeName":"Forecast products","productDefinitionTemplate":0,"productDefinitionTemplateName":"Analysis/forecast at horizontal level/layer at a point in time","parameterCategory":0,"parameterCategoryName":"Temperature","parameterNumber":0,"parameterNumberName":"Temperature","parameterUnit":"K","genProcessType":2,"genProcessTypeName":"Forecast","forecastTime":0,"surface1Type":1,"surface1TypeName":"Ground or water surface","surface1Value":0.0,"surface2Type":255,"surface2TypeName":"Missing","surface2Value":0.0,"gridDefinitionTemplate":0,"gridDefinitionTemplateName":"Latitude_Longitude","numberPoints":65160,"shape":6,"shapeName":"Earth spherical with radius of 6,371,229.0 m","gridUnits":"degrees","resolution":48,"winds":"true","scanMode":0,"nx":360,"ny":181,"basicAngle":0,"lo1":0.0,"la1":90.0,"lo2":359.0,"la2":-90.0,"dx":1.0,"dy":1.0}, "data":
[rows 78 to 103 of 181, columns 180 to 239 of 360]
301.46576,301.56577,301.46576,301.56577,301.56577,301.36578,301.06577,300.96576,300.96576,300.56577,300.56577,300.66577,300.76578,300.86578,300.86578,300.86578,300.76578,300.76578,300.76578,300.46576,300.46576,300.36578,300.36578,300.46576,300.46576,300.36578,300.26578,300.16577,300.16577,299.96576,299.86578,299.86578,299.86578,300.06577,299.96576,300.06577,300.26578,300.36578,300.16577,299.96576,299.96576,300.26578,300.96576,300.96576,301.06577,300.86578,300.86578,300.86578,300.96576,301.46576,301.36578,301.46576,301.76578,301.86578,301.86578,302.16577,302.06577,302.06577,302.26578,302.56577
301.56577,301.56577,301.56577,301.56577,301.56577,301.46576,301.36578,301.56577,301.66577,301.16577,300.86578,301.06577,301.16577,301.26578,301.36578,301.26578,301.26578,301.06577,301.16577,301.06577,300.76578,300.76578,300.66577,300.76578,300.66577,300.66577,300.56577,300.56577,300.46576,300.36578,300.26578,300.26578,300.26578,300.16577,300.16577,300.26578,300.36578,300.46576,300.56577,300.76578,300.96576,301.66577,302.56577,302.56577,301.76578,301.46576,300.96576,301.06577,301.06577,301.36578,301.36578,301.46576,302.16577,303.16577,303.16577,302.26578,302.26578,302.26578,302.46576,302.76578
301.56577,301.56577,301.56577,301.56577,301.46576,301.46576,301.56577,301.66577,301.76578,301.56577,301.36578,301.36578,301.46576,301.56577,301.46576,301.46576,301.46576,301.46576,301.36578,301.16577,300.96576,300.86578,300.96576,300.86578,300.86578,300.86578,300.96576,300.86578,300.86578,300.76578,300.76578,300.66577,300.56577,300.36578,300.16577,300.26578,300.46576,300.66577,301.16577,302.76578,303.16577,302.16577,301.96576,301.96576,301.66577,301.16577,301.06577,300.96576,301.26578,302.66577,302.56577,303.66577,303.56577,303.76578,303.56577,305.06577,303.56577,301.96576,301.86578,301.56577
301.66577,301.56577,301.56577,301.56577,301.56577,301.66577,301.66577,301.76578,301.76578,301.66577,301.66577,301.66577,301.76578,301.66577,301.66577,301.56577,301.56577,301.56577,301.56577,301.46576,301.16577,301.26578,301.26578,301.16577,301.06577,301.36578,301.26578,301.26578,301.16577,301.16577,301.16577,301.16577,301.26578,301.06577,300.86578,300.96576,301.06577,301.56577,303.06577,303.16577,303.06577,303.26578,302.86578,302.26578,301.46576,301.66577,301.76578,301.76578,302.16577,302.66577,302.06577,301.36578,301.26578,301.46576,300.86578,300.66577,300.66577,300.86578,300.96576,300.86578
301.76578,301.76578,301.76578,301.76578,301.76578,301.86578,301.86578,301.86578,301.76578,301.76578,301.76578,301.66577,301.76578,301.66577,301.66577,301.56577,301.46576,301.36578,301.46576,301.46576,301.36578,301.36578,301.36578,301.36578,301.26578,301.06577,301.16577,301.36578,301.46576,301.36578,301.36578,301.46576,301.66577,301.56577,301.46576,301.66577,301.96576,302.66577,303.16577,303.26578,303.26578,303.46576,303.36578,303.96576,303.56577,303.56577,303.26578,302.46576,301.86578,301.46576,301.56577,301.56577,301.16577,300.76578,300.76578,300.46576,300.56577,300.66577,300.66577,300.66577
301.76578,301.76578,301.86578,301.86578,301.86578,301.76578,301.86578,301.86578,301.76578,301.66577,301.66577,301.66577,301.66577,301.66577,301.56577,301.46576,301.26578,301.16577,301.26578,301.36578,301.36578,301.36578,301.36578,301.36578,301.26578,301.26578,301.36578,301.46576,301.46576,301.46576,301.56577,301.66577,301.66577,301.76578,301.86578,302.06577,302.06577,302.46576,302.66577,303.26578,303.06577,303.56577,303.56577,303.76578,304.26578,303.46576,303.16577,302.16577,301.56577,301.26578,301.16577,301.16577,300.86578,300.66577,300.46576,300.46576,300.46576,300.56577,300.56577,300.56577
301.86578,301.86578,301.86578,301.86578,301.86578,301.76578,301.76578,301.76578,301.66577,301.66577,301.66577,301.56577,301.46576,301.46576,301.46576,301.26578,301.06577,301.06577,301.16577,301.26578,301.36578,301.36578,301.46576,301.36578,301.26578,301.16577,301.26578,301.36578,301.26578,301.16577,301.36578,301.46576,301.56577,301.66577,301.76578,301.86578,301.86578,301.86578,301.96576,302.06577,302.16577,302.16577,302.56577,302.76578,302.46576,302.16577,301.76578,301.16577,300.86578,300.76578,300.86578,300.96576,300.86578,300.66577,300.46576,300.46576,300.36578,300.26578,300.46576,300.36578
301.76578,301.76578,301.76578,301.66577,301.66577,301.66577,301.46576,301.46576,301.56577,301.56577,301.46576,301.36578,301.36578,301.36578,301.26578,300.96576,300.76578,300.76578,300.86578,300.96576,301.06577,301.16577,301.26578,301.16577,301.16577,301.06577,300.96576,300.96576,300.86578,300.76578,300.86578,300.96576,301.06577,301.26578,301.26578,301.36578,301.46576,301.36578,301.36578,301.26578,301.26578,301.16577,301.26578,301.26578,301.26578,300.96576,300.96576,300.66577,300.46576,300.46576,300.66577,300.76578,300.66577,300.56577,300.36578,300.26578,300.06577,299.96576,300.06577,300.06577
301.56577,301.46576,301.46576,301.46576,301.46576,301.26578,301.16577,301.16577,301.26578,301.26578,301.36578,301.26578,301.16577,300.96576,300.86578,300.56577,300.36578,300.36578,300.56577,300.66577,300.76578,300.86578,300.86578,300.86578,300.76578,300.56577,300.46576,300.56577,300.46576,300.46576,300.36578,300.46576,300.56577,300.66577,300.86578,300.86578,300.96576,300.86578,300.66577,300.46576,300.26578,300.16577,300.06577,300.16577,300.46576,300.36578,300.26578,300.26578,300.16577,300.26578,300.56577,300.46576,300.36578,300.16577,299.96576,299.96576,299.76578,299.56577,299.46576,299.46576
301.26578,301.26578,301.26578,301.26578,301.16577,300.96576,300.66577,300.86578,300.96576,301.06577,301.06577,300.96576,300.76578,300.56577,300.26578,300.06577,299.96576,300.16577,300.36578,300.46576,300.56577,300.66577,300.66577,300.56577,300.46576,300.16577,300.06577,300.16577,300.26578,300.16577,300.06577,300.16577,300.26578,300.26578,300.46576,300.46576,300.46576,300.36578,299.96576,299.46576,299.26578,299.26578,299.46576,299.66577,300.06577,300.16577,300.16577,299.96576,300.06577,300.36578,300.26578,299.96576,299.86578,299.46576,299.46576,299.46576,299.36578,299.16577,298.96576,298.86578
301.16577,301.16577,301.16577,301.16577,300.96576,300.76578,300.46576,300.56577,300.76578,300.96576,300.86578,300.66577,300.46576,300.06577,299.86578,299.66577,299.76578,299.86578,300.06577,300.26578,300.46576,300.56577,300.56577,300.46576,300.26578,299.76578,299.76578,299.76578,299.76578,299.76578,299.76578,299.96576,300.06577,300.16577,300.26578,300.36578,300.16577,299.96576,299.56577,298.96576,298.76578,298.66577,298.86578,299.26578,299.76578,299.96576,300.06577,300.06577,300.06577,300.06577,299.86578,299.46576,299.06577,298.66577,298.46576,298.26578,298.16577,298.26578,298.46576,298.56577
300.86578,300.86578,300.86578,300.86578,300.56577,300.36578,300.16577,300.16577,300.36578,300.46576,300.46576,300.26578,299.96576,299.76578,299.56577,299.46576,299.36578,299.36578,299.56577,299.66577,299.86578,300.16577,300.36578,300.36578,299.96576,299.46576,299.16577,299.06577,298.96576,298.96576,299.26578,299.36578,299.46576,299.66577,299.76578,299.66577,299.56577,299.36578,298.96576,298.66577,298.46576,298.16577,298.16577,298.46576,298.96576,299.46576,299.56577,299.76578,299.66577,299.36578,299.06577,298.76578,298.66577,298.36578,297.76578,297.56577,297.56577,297.56577,297.86578,298.06577
300.66577,300.66577,300.76578,300.66577,300.56577,300.26578,300.06577,300.06577,300.16577,300.16577,300.06577,299.96576,299.86578,299.76578,299.66577,299.46576,299.36578,299.36578,299.36578,299.36578,299.46576,299.66577,299.86578,299.86578,299.56577,299.16577,298.86578,298.86578,298.86578,298.96576,298.96576,298.96576,298.96576,299.06577,298.96576,298.96576,298.96576,298.86578,298.86578,298.66577,298.56577,298.26578,298.06577,297.96576,298.26578,298.66577,298.76578,298.96576,298.96576,298.76578,298.66577,298.56577,298.36578,298.16577,297.76578,297.66577,297.56577,297.56577,297.36578,297.26578
300.56577,300.66577,300.76578,300.76578,300.66577,300.46576,300.36578,300.46576,300.46576,300.36578,300.16577,300.16577,300.16577,300.16577,300.06577,299.96576,299.76578,299.66577,299.66577,299.46576,299.46576,299.56577,299.86578,299.86578,299.66577,299.36578,299.16577,299.16577,299.36578,299.46576,299.46576,299.26578,299.16577,298.96576,298.86578,298.76578,298.96576,299.16577,299.16577,299.16577,299.06577,298.76578,298.56577,298.26578,298.36578,298.66577,298.76578,298.76578,298.76578,298.56577,298.76578,298.66577,298.56577,298.36578,298.36578,298.16577,298.16577,297.76578,297.46576,297.36578
300.76578,300.86578,300.86578,300.86578,300.76578,300.66577,300.76578,300.76578,300.76578,300.56577,300.46576,300.46576,300.46576,300.46576,300.36578,300.16577,300.16577,300.06577,299.96576,299.96576,299.86578,299.96576,300.06577,300.16577,300.06577,299.86578,299.76578,299.76578,299.96576,300.06577,299.86578,299.66577,299.56577,299.46576,299.26578,299.16577,299.26578,299.56577,299.66577,299.46576,299.46576,299.36578,298.96576,298.66577,298.66577,298.66577,298.96576,298.96576,298.86578,298.76578,298.86578,298.76578,298.76578,298.66577,298.76578,298.66577,298.36578,298.06577,297.96576,297.76578
300.86578,300.86578,300.76578,300.76578,300.86578,300.76578,300.76578,300.86578,300.86578,300.76578,300.66577,300.56577,300.46576,300.46576,300.46576,300.36578,300.26578,300.16577,300.06577,300.06577,300.06577,300.06577,300.16577,300.16577,300.06577,299.86578,299.76578,299.76578,299.96576,300.06577,299.96576,299.96576,299.76578,299.66577,299.56577,299.46576,299.56577,299.76578,299.76578,299.66577,299.56577,299.46576,299.26578,298.96576,298.76578,298.96576,299.06577,299.16577,299.06577,298.86578,298.96576,298.96576,298.76578,298.76578,298.86578,298.86578,298.56577,298.36578,298.06577,298.16577
300.86578,300.86578,300.76578,300.76578,300.86578,300.76578,300.76578,300.86578,300.86578,300.76578,300.76578,300.56577,300.46576,300.46576,300.46576,300.46576,300.26578,300.16577,300.16577,300.16577,300.16577,300.06577,300.16577,300.16577,300.06577,299.96576,299.86578,299.96576,299.96576,299.96576,299.96576,299.86578,299.86578,299.76578,299.66577,299.66577,299.66577,299.86578,299.86578,299.66577,299.66577,299.46576,299.46576,299.26578,299.16577,299.26578,299.36578,299.16577,299.16577,299.06577,299.06577,298.96576,298.86578,298.76578,298.86578,298.76578,298.66577,298.56577,298.46576,298.36578
301.06577,300.96576,300.86578,300.76578,300.86578,300.86578,300.86578,300.86578,300.86578,300.86578,300.76578,300.66577,300.56577,300.46576,300.56577,300.46576,300.36578,300.26578,300.26578,300.26578,300.16577,300.16577,300.06577,300.06577,300.06577,299.96576,299.96576,299.96576,299.96576,299.96576,299.86578,299.86578,299.76578,299.76578,299.76578,299.76578,299.76578,299.76578,299.86578,299.86578,299.66577,299.56577,299.46576,299.46576,299.46576,299.46576,299.36578,299.16577,299.26578,299.06577,299.06577,299.16577,298.96576,298.96576,298.96576,298.76578,298.66577,298.66577,298.66577,298.36578
301.16577,301.06577,301.06577,300.96576,300.96576,300.96576,300.96576,300.96576,300.86578,300.96576,300.86578,300.76578,300.76578,300.66577,300.66577,300.66577,300.46576,300.36578,300.36578,300.26578,300.16577,300.16577,300.16577,300.16577,300.06577,300.06577,299.96576,299.96576,299.96576,299.86578,299.86578,299.86578,299.76578,299.86578,299.86578,299.86578,299.86578,299.86578,299.76578,299.66577,299.66577,299.56577,299.46576,299.46576,299.36578,299.36578,299.36578,299.16577,299.16577,299.06577,299.06577,299.16577,299.16577,299.06577,299.06577,298.96576,298.76578,298.76578,298.66577,298.36578
301.36578,301.26578,301.26578,301.26578,301.06577,301.06577,301.16577,301.16577,301.06577,301.06577,301.06577,301.06577,300.96576,300.86578,300.96576,300.96576,300.76578,300.66577,300.56577,300.46576,300.26578,300.26578,300.26578,300.26578,300.16577,300.06577,300.16577,299.96576,299.96576,299.86578,299.96576,299.96576,299.96576,299.96576,300.06577,300.06577,300.06577,299.86578,299.76578,299.66577,299.56577,299.46576,299.46576,299.36578,299.36578,299.16577,299.26578,299.26578,299.26578,299.06577,298.96576,299.06577,299.06577,298.96576,298.96576,298.96576,298.76578,298.76578,298.46576,298.36578
301.46576,301.26578,301.36578,301.36578,301.26578,301.26578,301.46576,301.36578,301.26578,301.16577,301.16577,301.16577,301.06577,301.06577,301.06577,300.96576,300.86578,300.86578,300.86578,300.66577,300.46576,300.46576,300.36578,300.36578,300.26578,300.16577,300.26578,300.26578,300.26578,300.16577,300.06577,300.06577,300.06577,299.96576,300.16577,300.26578,300.16577,299.96576,299.76578,299.76578,299.66577,299.46576,299.66577,299.46576,299.36578,299.36578,299.36578,299.26578,299.16577,299.06577,299.16577,299.06577,298.86578,298.86578,298.76578,298.56577,298.66577,298.36578,298.46576,298.26578
301.56577,301.56577,301.46576,301.46576,301.56577,301.46576,301.36578,301.46576,301.36578,301.36578,301.26578,301.26578,301.26578,301.06577,301.06577,300.96576,300.96576,300.86578,300.96576,300.86578,300.66577,300.46576,300.16577,300.36578,300.46576,300.36578,300.36578,300.36578,300.36578,300.26578,300.16577,300.16577,300.16577,300.26578,300.36578,300.26578,300.06577,299.96576,299.76578,299.86578,299.76578,299.56577,299.56577,299.46576,299.46576,299.46576,299.46576,299.26578,299.16577,299.36578,299.26578,299.06577,298.86578,298.76578,298.66577,298.46576,298.36578,298.16577,298.16577,298.06577
301.66577,301.56577,301.46576,301.46576,301.56577,301.46576,301.36578,301.36578,301.36578,301.36578,301.36578,301.36578,301.16577,301.06577,301.06577,300.96576,301.06577,301.06577,300.96576,300.96576,300.76578,300.56577,300.36578,300.46576,300.56577,300.46576,300.46576,300.36578,300.36578,300.26578,300.16577,300.06577,300.26578,300.26578,300.26578,300.16577,300.06577,299.86578,299.76578,299.76578,299.76578,299.56577,299.46576,299.46576,299.46576,299.46576,299.36578,299.26578,299.06577,299.16577,299.16577,299.06577,298.96576,298.66577,298.56577,298.26578,298.26578,298.06577,298.06577,298.06577
301.46576,301.46576,301.46576,301.46576,301.56577,301.46576,301.36578,301.26578,301.26578,301.26578,301.36578,301.26578,301.16577,301.16577,301.16577,301.06577,301.26578,301.46576,301.16577,301.06577,300.86578,300.66577,300.56577,300.56577,300.66577,300.46576,300.36578,300.36578,300.36578,300.26578,300.16577,300.16577,300.16577,300.16577,300.16577,300.06577,299.96576,299.66577,299.66577,299.56577,299.56577,299.46576,299.36578,299.26578,299.16577,299.26578,299.16577,298.96576,298.86578,298.86578,298.96576,298.96576,298.76578,298.56577,298.36578,298.36578,298.16577,297.96576,297.96576,297.86578
301.36578,301.46576,301.46576,301.36578,301.36578,301.46576,301.36578,301.26578,301.26578,301.26578,301.16577,301.16577,301.26578,301.16577,301.26578,301.26578,301.46576,301.96576,301.96576,301.96576,301.06577,300.86578,300.66577,300.56577,300.66577,300.46576,300.46576,300.36578,300.36578,300.36578,300.26578,300.16577,300.16577,299.96576,299.96576,299.86578,299.86578,299.66577,299.56577,299.46576,299.26578,299.06577,299.06577,299.06577,298.96576,298.96576,298.86578,298.86578,298.66577,298.56577,298.56577,298.46576,298.46576,298.06577,298.06577,297.86578,297.76578,297.56577,297.56577,297.66577
301.36578,301.46576,301.46576,301.46576,301.36578,301.46576,301.46576,301.36578,301.16577,301.06577,301.36578,301.26578,301.46576,301.36578,301.46576,301.56577,301.76578,301.86578,302.16577,302.46576,301.56577,300.96576,300.96576,300.86578,300.76578,300.56577,300.46576,300.36578,300.26578,300.26578,300.26578,300.16577,300.16577,300.06577,299.86578,299.86578,299.96576,299.66577,299.56577,299.56577,299.26578,298.96576,298.96576,298.96576,298.96576,298.86578,298.76578,298.56577,298.46576,298.26578,298.36578,298.26578,298.26578,297.86578,297.66577,297.46576,297.26578,297.26578,297.36578,297.46576
