json-data/2022072718.json
{"header": {"discipline":0,"disciplineName":"Meteorological products","gribEdition":2,"gribLength":79256,"center":7,"centerName":"US National Weather Service - NCEP(WMC)","subcenter":0,"refTime":"2022-07-27T18:00:00.000Z","significanceOfRT":1,"significanceOfRTName":"Start of forecast","productStatus":0,"productStatusName":"Operational products","productType":1,"productTypeName":"Forecast products","productDefinitionTemplate":0,"productDefinitionTemplateName":"Analysis/forecast at horizontal level/layer at a point in time","parameterCategory":2,"parameterCategoryName":"Momentum","parameterNumber":2,"parameterNumberName":"U-component_of_wind","parameterUnit":"m.s-1","genProcessType":2,"genProcessTypeName":"Forecast","forecastTime":0,"surface1Type":103,"surface1TypeName":"Specified height level above ground","surface1Value":10.0,"surface2Type":255,"surface2TypeName":"Missing","surface2Value":0.0,"gridDefinitionTemplate":0,"gridDefinitionTemplateName":"Latitude_Longitude","numberPoints":65160,"shape":6,"shapeName":"Earth spherical with radius of 6,371,229.0 m","gridUnits":"degrees","resolution":48,"winds":"true","scanMode":0,"nx":360,"ny":181,"basicAngle":0,"lo1":0.0,"la1":90.0,"lo2":359.0,"la2":-90.0,"dx":1.0,"dy":1.0}, "data":
[rows 0 to 24 of 181, columns 285 to 341 of 360]
4.7408714,4.6908717,4.630872,4.5708714,4.5108714,4.4508715,4.3908715,4.3208714,4.2608714,4.1908717,4.1208715,4.0508714,3.9808717,3.9108715,3.8408716,3.7608716,3.6908715,3.6108716,3.5308716,3.4608717,3.3808715,3.3008716,3.2108717,3.1308715,3.0508716,2.9608717,2.8808715,2.7908716,2.7008715,2.6208715,2.5308716,2.4408715,2.3508716,2.2608716,2.1608715,2.0708716,1.9808716,1.8808715,1.7908716,1.7008716,1.6008716,1.5008715,1.4108716,1.3108716,1.2108716,1.1208715,1.0208716,0.92087156,0.8208716,0.72087157,0.6308716,0.53087157,0.43087158,0.33087158,0.23087159,0.13087158,0.030871581
5.0408716,4.9708714,4.9008718,4.8208714,4.7608714,4.6808715,4.610872,4.5308714,4.4508715,4.360872,4.2808714,4.1908717,4.1208715,4.0308714,3.9508715,3.8608716,3.7808716,3.7008715,3.6208715,3.5408716,3.4608717,3.3808715,3.3008716,3.2208717,3.1408715,3.0708716,2.9908717,2.9208715,2.8408716,2.7708716,2.7008715,2.6308715,2.5608716,2.4908717,2.4308715,2.3608716,2.2908716,2.2308717,2.1608715,2.0908716,2.0208716,1.9408716,1.8608716,1.7808716,1.7108716,1.6208715,1.5408716,1.4408716,1.3208716,1.2008716,1.0808716,0.9608716,0.8408716,0.72087157,0.5908716,0.4508716,0.30087158
4.2508717,4.1908717,4.1408715,4.0808716,4.0308714,3.9708717,3.9008715,3.8308716,3.7608716,3.6808715,3.6108716,3.5208716,3.4508715,3.3608716,3.2808716,3.2008715,3.1108716,3.0308716,2.9508715,2.8608716,2.7808716,2.6908715,2.6008716,2.5008717,2.4008715,2.3008716,2.2108717,2.1208715,2.0208716,1.9308716,1.8308716,1.7408715,1.6508716,1.5608716,1.4908715,1.4108716,1.3508716,1.2808716,1.2208716,1.1608716,1.0908716,1.0208716,0.9508716,0.8808716,0.8008716,0.7008716,0.5908716,0.49087158,0.40087157,0.31087157,0.23087159,0.15087157,0.08087158,0.020871582,-0.049128417,-0.11912842,-0.18912841
3.1908715,3.1208715,3.0708716,3.0608716,3.0508716,3.0508716,3.0708716,3.0908716,3.1008716,3.0708716,3.0408716,3.0108716,2.9708717,2.9408715,2.9008715,2.8608716,2.8208716,2.7808716,2.7508717,2.7208717,2.7108717,2.7208717,2.7308717,2.7208717,2.7008715,2.6408715,2.5908716,2.5308716,2.4708717,2.4208715,2.3408716,2.2508717,2.1408715,2.0208716,1.8908715,1.7708716,1.6908716,1.6308715,1.5808716,1.5208716,1.4708716,1.3908715,1.2608715,1.1408715,1.0108715,0.8808716,0.7608716,0.6508716,0.5508716,0.46087158,0.3808716,0.31087157,0.23087159,0.15087157,0.070871584,-0.009128418,-0.079128414
1.4308716,1.3908715,1.3908715,1.4108716,1.4308716,1.4508716,1.4708716,1.4708716,1.4608716,1.4408716,1.4108716,1.3708715,1.3408716,1.3108716,1.2808716,1.2708716,1.2708716,1.2608715,1.2408715,1.2308716,1.2408715,1.2608715,1.2708716,1.3008716,1.3408716,1.4008716,1.4508716,1.4908715,1.5308716,1.5708716,1.6208715,1.6708716,1.7308716,1.7708716,1.7908716,1.8008716,1.8108716,1.8108716,1.8108716,1.8108716,1.8108716,1.8108716,1.7908716,1.7308716,1.6608716,1.5708716,1.5008715,1.4608716,1.4608716,1.4808716,1.4808716,1.4808716,1.4408716,1.3808715,1.2908716,1.2008716,1.0908716
-0.22912842,-0.22912842,-0.20912842,-0.109128416,-0.029128417,0.05087158,0.100871585,0.13087158,0.18087158,0.19087158,0.18087158,0.13087158,8.71582E-4,-0.19912842,-0.44912842,-0.6191284,-0.64912844,-0.5591284,-0.43912843,-0.31912842,-0.17912842,-0.11912842,-0.05912842,-0.09912842,-0.21912841,-0.35912842,-0.58912843,-0.7991284,-0.82912844,-0.82912844,-0.7591284,-0.5591284,-0.2991284,8.71582E-4,0.34087157,0.7108716,1.0608716,1.3808715,1.6708716,1.8708715,2.0608716,2.2308717,2.3608716,2.4408715,2.4508715,2.4208715,2.3808715,2.4308715,2.5508716,2.7308717,2.8508716,2.9308715,2.9508715,2.9308715,2.8808715,2.7608716,2.5908716
-3.0591285,-2.9191284,-2.8291285,-2.6891284,-2.4891284,-2.3891284,-2.2091284,-2.0091283,-1.8291284,-1.6491284,-1.4791284,-1.3191284,-1.2191284,-1.0991284,-0.9891284,-0.88912845,-0.8091284,-0.7291284,-0.6691284,-0.58912843,-0.5391284,-0.46912843,-0.3991284,-0.3391284,-0.2991284,-0.27912843,-0.2991284,-0.3291284,-0.35912842,-0.3291284,-0.2991284,-0.23912841,-0.17912842,-0.06912842,0.08087158,0.2608716,0.49087158,0.72087157,1.0108715,1.3508716,1.7008716,2.1608715,2.5908716,2.7808716,2.7408717,2.7808716,2.9008715,3.0108716,3.3508716,3.6008716,3.7708716,3.7908716,3.7008715,3.4508715,3.2608716,3.1108716,3.0208716
-2.9191284,-1.7291284,-1.1191285,-0.5991284,-1.2491285,-1.6791284,-1.8491284,-1.9391284,-1.5391284,-2.1491284,-2.3191285,-1.7991284,-1.3291284,-1.1791284,-1.1391284,-1.1391284,-1.1791284,-1.1891284,-1.1891284,-1.1391284,-1.0591284,-0.9791284,-0.8691284,-0.7991284,-0.9191284,-1.1091285,-1.1891284,-1.1791284,-0.9891284,-0.6691284,0.08087158,0.31087157,-0.3691284,-0.2991284,-0.23912841,-0.17912842,0.20087159,1.2508715,1.6008716,1.1208715,0.49087158,8.71582E-4,-0.06912842,0.5908716,1.1308715,1.5708716,0.47087157,0.8308716,0.92087156,-0.05912842,0.030871581,1.7208716,3.0108716,3.2908716,3.5008717,3.3708715,3.3008716
-0.6291284,-0.3991284,-0.2691284,-0.24912842,-0.6191284,-0.27912843,-0.6991284,-1.4791284,-1.5491284,-1.3391284,-1.1491284,-0.9291284,-2.4091284,-3.6491284,-2.4391284,-1.7591285,-1.5491284,-1.7391285,-1.8691285,-1.5891284,-1.4391284,-0.96912843,-0.17912842,0.6908716,0.8808716,0.53087157,-0.9391284,-0.9491284,-0.2691284,0.010871582,-0.15912841,-0.40912843,0.34087157,0.97087157,1.2908716,1.5508716,2.1208715,2.0908716,1.4708716,1.3108716,1.3308716,1.2308716,0.7108716,0.14087158,-0.25912842,-0.3391284,0.05087158,0.4108716,0.30087158,0.11087158,0.6508716,1.5408716,2.2308717,2.8408716,2.8708715,3.1308715,3.3808715
-1.9691284,-1.8991284,-1.2191284,-0.57912844,8.71582E-4,0.7608716,0.98087156,0.3508716,-2.1791284,-3.8491285,-3.8691285,-2.8091285,-0.5491284,1.9308716,1.5208716,-1.3591285,-2.9791284,-3.1991284,-3.8591285,-2.8991284,-1.5191284,-1.5391284,-2.3791285,-2.2591283,-1.4991285,-0.88912845,-0.82912844,-0.6691284,-0.27912843,-0.079128414,0.05087158,0.20087159,0.40087157,0.7708716,0.7408716,0.20087159,0.040871583,0.25087157,0.66087157,1.0708716,1.2308716,1.4408716,1.4508716,1.7308716,2.3808715,2.9108715,2.2908716,0.86087155,0.6208716,0.3808716,-0.37912843,-0.8691284,-1.0491284,-0.8791284,0.33087158,0.66087157,1.4208716
-0.05912842,-0.18912841,0.33087158,-0.71912843,-1.1291285,-1.5291284,-2.1591284,-0.19912842,0.3208716,-0.18912841,0.67087156,-0.3291284,-1.0391284,-2.3991284,-2.3991284,-1.6591284,-0.6991284,-0.38912842,-1.0691284,-1.7491285,-2.1091285,-2.2391284,-2.0491285,-1.6891284,-1.2891284,-1.0391284,-0.9191284,-0.7391284,-0.46912843,-0.3691284,-0.27912843,0.060871582,0.61087155,1.0308716,1.0508716,0.9608716,1.1008716,1.1008716,0.9908716,0.8408716,0.61087155,0.72087157,0.8108716,0.6908716,0.7708716,0.6908716,0.60087156,0.23087159,0.31087157,0.73087156,1.2208716,1.2308716,1.2708716,1.2608715,2.0808716,1.5408716,0.78087157
-0.6291284,-0.22912842,-1.3291284,-1.9691284,-1.1791284,-0.27912843,0.8708716,0.11087158,0.20087159,-0.24912842,0.7708716,0.8008716,0.49087158,0.2608716,-0.15912841,-0.49912843,-0.63912845,-0.7291284,-0.8191284,-0.9391284,-1.1291285,-1.2691284,-1.3291284,-1.3591285,-1.3791285,-1.2391285,-0.9891284,-0.6991284,-0.4591284,-0.19912842,-0.019128418,0.2908716,0.6308716,0.8008716,1.0508716,1.0908716,0.8208716,1.2308716,1.7308716,1.8808715,2.0808716,2.1008716,2.1908715,2.2308717,2.1908715,2.1608715,2.2108717,2.0908716,1.9108716,1.4208716,0.8708716,1.8308716,2.4408715,4.1208715,0.5908716,-1.5791284,-0.079128414
-2.0591285,-1.0791284,0.4208716,-0.44912842,-0.9191284,-0.83912843,-1.5891284,-2.3591285,-1.5991284,-1.9391284,-1.8791285,-1.4891285,-0.95912844,-0.6991284,-0.5991284,-0.5591284,-0.64912844,-0.7291284,-0.7291284,-0.6691284,-0.77912843,-1.0491284,-1.3091284,-1.3591285,-1.3791285,-1.3491284,-1.2291284,-1.0591284,-0.9391284,-0.6791284,-0.41912842,-0.049128417,0.4208716,0.92087156,1.4108716,1.7108716,1.8008716,1.8308716,1.9308716,1.9108716,1.8208716,1.2908716,0.9308716,0.8408716,0.7008716,0.7408716,0.92087156,1.6108716,2.0808716,2.2108717,2.2308717,1.4708716,1.2908716,1.0108715,1.9508716,0.2908716,0.6508716
-0.38912842,0.5108716,0.15087157,-0.5391284,-0.8491284,-0.51912844,-0.029128417,0.40087157,0.73087156,0.6908716,-0.029128417,-1.0691284,-2.3791285,-2.7291284,-2.9091284,-2.5491285,-2.5591285,-2.4791284,-2.1091285,-1.7591285,-1.6491284,-2.0191283,-2.5091283,-2.5591285,-2.4991283,-2.4191284,-2.4191284,-2.3591285,-2.2291284,-2.1691284,-2.1191285,-1.8291284,-1.3691285,-0.8691284,-0.31912842,0.25087157,0.9908716,1.7208716,2.2308717,2.5608716,2.7208717,2.8108716,3.0108716,3.3708715,3.5908716,3.7908716,3.5808716,3.4608717,3.6208715,2.6108716,1.2808716,0.98087156,-0.6091284,0.24087158,0.31087157,-0.23912841,0.4108716
-2.2891283,-3.4091284,-4.0091286,-4.889128,-5.2991285,-5.5491285,-5.7991285,-4.9391284,-2.5691285,-2.9191284,-2.7691283,-2.2291284,-2.1191285,-2.0391283,-1.2891284,0.22087158,-1.0191284,-1.9791284,-1.2091284,-1.0391284,-1.6291285,-2.1591284,-2.5491285,-2.7591283,-2.6791284,-2.6291285,-2.5991285,-2.5891285,-2.3691285,-2.1191285,-1.9491284,-1.7191284,-1.3991284,-1.0791284,-0.71912843,-0.22912842,0.40087157,1.1408715,1.7408715,2.2108717,2.5408716,2.8608716,3.0908716,3.2708716,3.5008717,3.8208716,4.1808715,4.7808714,4.7208714,3.6108716,1.2008716,0.2608716,0.8808716,0.5608716,1.1808716,-0.47912842,1.2808716
-2.3791285,-3.3891284,-3.9691284,-4.6691284,-4.9391284,-4.8491282,-5.0091286,-4.7391286,-4.5491285,-4.3791285,-3.1091285,-1.6491284,-1.3491284,-1.5691284,-2.6391284,-2.8591285,-2.2391284,-1.3891284,-0.5691284,-2.4591284,-1.9991285,-1.0491284,-0.96912843,-1.1591284,-1.6091285,-1.7691284,-1.8191284,-1.6891284,-1.6491284,-1.5091285,-1.1891284,-0.9991284,-1.1391284,-0.9991284,-0.88912845,-0.6991284,-0.13912842,0.60087156,1.1008716,1.5008715,2.1208715,2.4708717,2.3008716,1.9708716,2.2608716,2.4308715,2.1708715,1.9308716,1.1508716,0.5808716,0.08087158,-0.05912842,-0.019128418,-0.14912842,-0.4591284,-0.9891284,-0.05912842
0.13087158,0.09087158,-0.5391284,-0.35912842,-0.31912842,-0.6591284,-0.6191284,-0.9091284,-0.3091284,0.100871585,-0.16912842,-0.049128417,0.7708716,0.010871582,0.3808716,0.040871583,0.22087158,-0.3691284,-0.9291284,-0.6191284,-0.43912843,-0.27912843,-0.9791284,0.08087158,-0.16912842,-0.83912843,-1.5491284,-1.9991285,-2.1891284,-2.3091285,-2.1891284,-1.9491284,-1.3991284,-0.83912843,-0.5091284,-0.24912842,-0.15912841,-0.06912842,0.4808716,-0.4591284,-2.8991284,-1.5691284,-0.7591284,0.22087158,1.2108716,1.5508716,0.9908716,0.5008716,0.6208716,1.5808716,1.0208716,0.05087158,-1.5991284,0.05087158,-0.82912844,-0.96912843,-0.9491284
0.060871582,0.05087158,0.14087158,-0.22912842,-1.2591285,-1.2891284,-1.3491284,-1.7191284,-2.0091283,-1.5791284,-1.6291285,-1.2691284,-0.71912843,-0.63912845,-0.88912845,-0.08912842,0.6308716,0.16087158,-0.51912844,-0.64912844,0.33087158,-0.9191284,1.2208716,0.08087158,0.5108716,0.9508716,-1.2891284,-2.4191284,-2.7791283,-2.6891284,-2.5491285,-2.4391284,-2.4291284,-2.0691285,-1.5491284,-1.0891284,-0.8191284,-0.70912844,-0.3091284,-0.009128418,-0.20912842,-1.3791285,-3.0891285,-2.6791284,-1.8991284,0.010871582,-0.03912842,-0.5391284,-0.20912842,-0.31912842,-0.25912842,-0.8591284,-1.0691284,-0.70912844,-0.6691284,-0.7491284,-1.2391285
-0.6091284,0.4108716,-0.77912843,-1.5491284,-1.9591284,-3.5091283,-3.3891284,-3.6391284,-3.0991285,-2.4591284,-1.8391284,-1.7691284,-1.0791284,8.71582E-4,0.47087157,0.5008716,0.9908716,0.9308716,0.7408716,0.17087159,1.4708716,0.060871582,0.5508716,1.0508716,0.66087157,0.21087158,-0.24912842,-0.09912842,-0.8791284,-2.6291285,-2.7591283,-3.2691283,-3.1791284,-2.7691283,-2.3791285,-2.4091284,-2.2691283,-2.5691285,-2.2991285,-2.1891284,-1.9691284,-2.9891284,-3.0691285,-3.6291285,-4.0791283,-3.1491284,0.14087158,0.47087157,-0.7891284,-0.8691284,-1.2991284,-0.079128414,-1.5491284,-0.7291284,-0.8691284,-2.4991283,-3.1291285
5.7708716,3.9408715,0.4108716,0.79087156,-0.9891284,0.23087159,-2.0791285,-1.8491284,-2.2791283,-2.5391283,-1.8291284,-2.0691285,-1.0891284,-0.12912841,-0.15912841,0.61087155,0.46087158,0.8008716,0.5508716,-0.41912842,-1.8791285,-1.5591284,-0.6891284,-0.47912842,-1.1491284,1.0208716,2.4608717,-0.019128418,0.100871585,-2.3091285,-2.9891284,-3.3991284,-3.2591283,-3.2391284,-3.3491285,-3.3291285,-2.8891284,-3.7591283,-4.2191286,-3.8891284,-3.5391283,-4.909128,-5.6691284,-5.0691285,-4.5591283,-3.4991283,-0.83912843,0.27087158,-1.5191284,-3.2591283,1.4908715,1.1508716,-5.0591283,-2.3591285,0.22087158,-3.5591285,-4.0391283
6.630872,-0.88912845,7.3108716,6.7608714,5.5008717,0.5508716,0.20087159,-1.9591284,-1.6291285,-2.5591285,-2.3391285,-1.8791285,-1.6891284,-1.4991285,-0.2691284,-0.16912842,0.09087158,-0.029128417,0.5208716,0.72087157,2.1108716,2.2908716,-1.0491284,-1.2691284,0.60087156,0.5608716,0.9008716,1.2108716,1.1908716,-0.21912841,-2.2091284,-2.3691285,-3.2691283,-3.2291284,-2.8291285,-2.7791283,-3.7791283,-4.3491282,-4.659128,-5.2491283,-6.1691284,-6.5991282,-7.4891286,-7.4791284,-4.9291286,-0.89912844,-1.5491284,-1.6491284,0.4808716,-1.2391285,-1.4091284,-1.6791284,0.22087158,-2.5991285,-3.6091285,-5.4291286,-6.6091285
4.4608717,4.3708715,3.1408715,3.6208715,8.170872,9.520871,4.5808716,-1.7291284,-1.7591285,-2.6191285,-3.2191284,-2.4491284,-2.8391285,-2.5091283,-1.2491285,-1.0991284,0.33087158,-0.6691284,-0.05912842,0.36087158,0.100871585,-1.1391284,-1.1991284,-1.3391284,-1.5091285,-1.0091285,0.5708716,2.0008717,2.5008717,2.9208715,2.0508716,0.2908716,-0.03912842,-1.4091284,-1.4991285,-2.0391283,-3.8391285,-4.7291284,-5.5591283,-6.0191283,-5.6891284,-3.4891284,-6.0491285,-10.919128,-7.5191283,-7.1891284,-5.0491285,-4.139128,-2.8991284,-2.8791285,-10.919128,-10.309129,-9.549129,-9.629128,-10.309129,-12.759129,-13.079128
4.2408714,4.090872,0.8108716,6.1208715,7.4008718,7.9808717,8.180872,7.7508717,4.340872,-0.6791284,-2.0591285,-3.6891284,-3.3891284,-2.6891284,-1.9691284,-1.1391284,-1.8491284,-0.77912843,-0.24912842,0.020871582,0.46087158,0.5908716,2.0108716,0.17087159,1.4008716,-2.5291283,0.7608716,0.66087157,1.2008716,1.3408716,1.5208716,1.1908716,1.6008716,1.2508715,-0.37912843,-1.6691284,-3.0891285,-3.7091284,-4.4291286,-4.119128,-3.3291285,-0.9791284,0.40087157,3.3008716,-0.18912841,-9.409128,-16.769129,-15.179129,-13.699128,-14.789128,-14.189129,-14.599129,-14.759129,-15.859128,-15.509129,-16.129128,-14.439129
3.1808715,3.1108716,5.0208716,6.2308717,5.3508716,6.6508718,6.2608714,5.2808714,-1.3991284,-1.3691285,4.0108714,1.5708716,-0.38912842,-2.5291283,-3.1291285,0.040871583,0.33087158,1.3108716,1.5708716,1.5108715,1.6008716,1.6408715,0.19087158,-2.1491284,-2.8291285,-3.0091283,-0.34912843,-0.06912842,1.2308716,2.2208717,1.3008716,1.5208716,1.6008716,1.5708716,1.0308716,0.5908716,0.22087158,0.25087157,1.1808716,-3.6691284,-2.8391285,-1.3691285,-6.0291286,-13.489128,-10.659128,-14.649128,-17.839128,-17.889128,-16.589128,-14.449128,-13.019129,-10.299129,-7.3191285,-6.1291285,-5.7091284,-5.9791284,-5.1491284
2.0108716,3.9208715,6.2808714,5.3108716,4.9508715,4.4608717,4.4208717,2.7508717,-1.8091284,-0.37912843,0.20087159,0.79087156,0.5608716,-0.5491284,-0.109128416,0.6808716,1.0508716,1.6508716,1.5008715,2.0908716,2.9408715,2.3708715,-0.41912842,-1.3791285,-0.4891284,-2.4591284,-1.7691284,0.61087155,1.7008716,2.1508715,2.3108716,3.2308717,2.8908715,0.86087155,0.3208716,0.9308716,4.3508716,1.0408716,1.2108716,0.5708716,0.28087157,-1.3191284,-6.6791286,-2.4091284,-3.0091283,-10.329128,-7.3391285,-5.1491284,-2.4291284,0.24087158,1.3508716,4.8308716,-1.1491284,0.5208716,-0.6991284,-0.03912842,0.25087157
