json-data/2022072612.json
{"header": {"discipline":0,"disciplineName":"Meteorological products","gribEdition":2,"gribLength":48148,"center":7,"centerName":"US National Weather Service - NCEP(WMC)","subcenter":0,"refTime":"2022-07-26T12:00:00.000Z","significanceOfRT":1,"significanceOfRTName":"Start of forecast","productStatus":0,"productStatusName":"Operational products","productType":1,"productTypeName":"Forecast products","productDefinitionTemplate":0,"productDefinitionTemplateName":"Analysis/forecast at horizontal level/layer at a point in time","parameterCategory":0,"parameterCategoryName":"Temperature","parameterNumber":0,"parameterNumberName":"Temperature","parameterUnit":"K","genProcessType":2,"genProcessTypeName":"Forecast","forecastTime":0,"surface1Type":1,"surface1TypeName":"Ground or water surface","surface1Value":0.0,"surface2Type":255,"surface2TypeName":"Missing","surface2Value":0.0,"gridDefinitionTemplate":0,"gridDefinitionTemplateName":"Latitude_Longitude","numberPoints":65160,"shape":6,"shapeName":"Earth spherical with radius of 6,371,229.0 m","gridUnits":"degrees","resolution":48,"winds":"true","scanMode":0,"nx":360,"ny":181,"basicAngle":0,"lo1":0.0,"la1":90.0,"lo2":359.0,"la2":-90.0,"dx":1.0,"dy":1.0}, "data":
[rows 81 to 107 of 181, columns 120 to 179 of 360]
302.77808,302.77808,302.77808,301.77808,303.07806,302.9781,295.27808,303.17807,303.07806,302.87808,302.9781,302.9781,302.9781,302.9781,302.87808,302.77808,302.87808,302.87808,302.87808,302.87808,302.77808,302.67807,302.67807,302.77808,302.77808,302.9781,302.87808,302.77808,302.67807,302.67807,302.57806,302.4781,302.37808,302.37808,302.27808,302.27808,302.17807,301.9781,301.9781,301.9781,301.9781,301.87808,301.87808,301.77808,301.87808,301.87808,301.87808,301.77808,301.67807,301.67807,301.67807,301.67807,301.67807,301.67807,301.57806,301.57806,301.37808,301.17807,301.27808,301.27808
302.9781,302.9781,302.9781,295.07806,294.87808,292.17807,296.27808,303.17807,303.07806,302.9781,303.07806,302.9781,302.9781,302.9781,302.77808,302.77808,302.87808,302.87808,302.87808,302.9781,302.87808,302.77808,302.77808,302.87808,302.9781,302.9781,302.87808,302.67807,302.67807,302.57806,302.57806,302.57806,302.4781,302.4781,302.37808,302.37808,302.4781,302.37808,302.27808,302.27808,302.17807,302.07806,301.9781,301.87808,301.87808,301.87808,301.87808,301.77808,301.57806,301.57806,301.67807,301.57806,301.57806,301.67807,301.57806,301.4781,301.4781,301.4781,301.4781,301.4781
303.07806,303.07806,295.4781,303.17807,301.9781,296.07806,299.87808,303.17807,303.07806,302.9781,302.9781,302.9781,302.87808,302.87808,302.87808,302.87808,302.87808,302.77808,302.77808,302.77808,302.77808,302.87808,302.9781,303.07806,303.07806,303.17807,302.87808,302.77808,302.67807,302.67807,302.67807,302.67807,302.67807,302.57806,302.57806,302.57806,302.67807,302.67807,302.67807,302.57806,302.37808,302.17807,302.07806,301.9781,301.87808,301.87808,301.87808,301.87808,301.77808,301.77808,301.77808,301.87808,301.77808,301.77808,301.77808,301.67807,301.57806,301.4781,301.57806,301.57806
302.77808,297.07806,303.17807,303.27808,303.17807,295.07806,302.9781,303.17807,302.9781,302.77808,302.77808,302.77808,302.87808,302.9781,303.07806,303.07806,302.9781,302.87808,302.77808,302.77808,302.87808,302.9781,302.9781,302.9781,303.07806,303.17807,303.07806,302.87808,302.87808,302.87808,302.9781,302.87808,302.87808,302.67807,302.67807,302.67807,302.77808,302.77808,302.77808,302.67807,302.4781,302.27808,302.17807,302.07806,301.9781,301.9781,302.07806,302.07806,301.9781,301.9781,301.87808,301.9781,301.9781,301.9781,301.87808,301.67807,301.57806,301.57806,301.67807,301.67807
302.87808,303.07806,303.27808,303.17807,303.17807,302.9781,302.87808,302.9781,302.87808,302.77808,302.87808,302.87808,302.87808,302.9781,303.17807,303.27808,303.17807,302.9781,302.87808,302.87808,302.87808,303.07806,303.17807,303.17807,303.17807,303.17807,303.27808,303.07806,302.9781,302.9781,303.07806,303.07806,302.9781,302.77808,302.67807,302.77808,302.87808,302.87808,302.77808,302.67807,302.57806,302.4781,302.37808,302.17807,302.07806,302.07806,302.07806,302.07806,302.07806,302.07806,301.9781,301.9781,301.9781,301.9781,301.77808,301.67807,301.4781,301.57806,301.67807,301.67807
303.27808,303.17807,303.17807,303.17807,303.07806,302.87808,302.77808,302.77808,302.77808,302.87808,303.07806,303.17807,303.07806,302.9781,303.07806,303.17807,303.07806,303.07806,303.07806,303.07806,303.07806,303.17807,303.27808,303.37808,303.27808,303.27808,303.27808,303.17807,303.07806,303.07806,303.07806,303.07806,303.07806,302.9781,302.77808,302.77808,302.87808,302.87808,302.77808,302.67807,302.57806,302.4781,302.37808,302.27808,302.17807,302.07806,302.07806,302.07806,301.9781,301.87808,301.77808,301.87808,301.87808,301.77808,301.67807,301.57806,301.4781,301.57806,301.57806,301.4781
303.37808,303.37808,303.27808,303.17807,303.07806,302.9781,302.57806,302.37808,302.4781,302.87808,303.07806,303.17807,303.17807,303.07806,303.07806,303.07806,303.07806,303.07806,303.17807,303.17807,303.17807,303.17807,303.27808,303.17807,303.07806,303.17807,303.37808,303.37808,303.07806,303.07806,303.07806,303.07806,302.9781,302.9781,302.77808,302.77808,302.87808,302.87808,302.67807,302.67807,302.67807,302.4781,302.37808,302.27808,302.27808,302.17807,301.9781,301.87808,301.67807,301.57806,301.4781,301.57806,301.57806,301.4781,301.37808,301.37808,301.27808,301.27808,301.27808,301.17807
303.27808,303.27808,303.17807,303.07806,303.17807,302.87808,301.9781,301.87808,298.07806,302.9781,303.17807,303.27808,303.27808,303.17807,303.07806,303.17807,303.07806,302.9781,303.17807,303.07806,303.07806,303.07806,303.17807,302.9781,302.9781,303.07806,303.27808,303.27808,303.07806,302.87808,302.77808,302.87808,302.77808,302.67807,302.77808,302.77808,302.67807,302.67807,302.67807,302.67807,302.67807,302.37808,302.17807,302.17807,302.27808,302.07806,301.67807,301.4781,301.37808,301.17807,301.07806,300.9781,300.9781,301.07806,301.17807,301.07806,300.9781,300.87808,300.87808,300.87808
303.17807,292.77808,294.77808,302.87808,302.87808,301.37808,301.67807,301.9781,300.77808,302.87808,303.07806,303.17807,302.9781,302.9781,302.87808,302.87808,302.9781,302.87808,302.87808,302.87808,302.9781,302.87808,302.87808,302.87808,302.87808,302.9781,302.9781,302.77808,302.67807,302.57806,302.57806,302.4781,302.57806,302.4781,302.4781,302.4781,302.27808,302.17807,302.37808,302.37808,302.27808,302.07806,301.87808,301.87808,301.87808,301.67807,301.27808,301.07806,300.9781,300.87808,300.67807,300.4781,300.57806,300.87808,300.9781,300.77808,300.57806,300.4781,300.4781,300.4781
295.87808,303.07806,302.9781,302.67807,301.9781,301.77808,301.77808,302.07806,302.37808,302.4781,302.57806,302.37808,302.9781,302.9781,302.77808,302.67807,302.77808,302.87808,302.87808,302.87808,302.87808,302.87808,302.87808,302.77808,302.67807,302.77808,302.77808,302.57806,302.57806,302.4781,302.37808,302.37808,302.4781,302.37808,302.37808,302.37808,302.17807,302.07806,302.07806,302.07806,302.07806,301.77808,301.57806,301.57806,301.57806,301.27808,301.07806,300.9781,300.87808,300.77808,300.57806,300.27808,300.37808,300.57806,300.67807,300.57806,300.4781,300.37808,300.27808,300.37808
292.57806,303.17807,294.17807,302.07806,301.57806,302.07806,301.87808,301.77808,302.17807,302.27808,302.07806,296.37808,295.27808,290.9781,297.17807,302.4781,296.4781,302.67807,302.77808,302.9781,302.9781,302.9781,302.87808,302.77808,302.77808,302.87808,302.77808,302.67807,302.57806,302.57806,302.4781,302.37808,302.37808,302.37808,302.27808,302.27808,302.07806,301.9781,301.77808,301.87808,301.87808,301.67807,301.4781,301.37808,301.27808,301.17807,301.07806,301.07806,300.9781,300.77808,300.4781,300.37808,300.4781,300.57806,300.57806,300.57806,300.57806,300.57806,300.4781,300.4781
287.57806,294.17807,301.67807,301.37808,301.17807,301.4781,297.67807,301.4781,302.07806,302.07806,299.37808,301.57806,300.9781,296.67807,295.37808,302.67807,302.77808,302.87808,296.57806,299.4781,302.9781,302.87808,302.87808,302.77808,302.87808,303.07806,303.07806,298.57806,302.77808,302.77808,302.67807,302.4781,302.37808,302.17807,302.17807,302.07806,301.87808,301.4781,301.57806,301.77808,301.67807,301.57806,301.4781,301.37808,301.17807,301.27808,301.27808,301.27808,301.07806,301.07806,300.77808,300.87808,300.77808,300.77808,300.67807,300.67807,300.77808,300.87808,300.87808,300.87808
292.17807,302.27808,293.17807,301.37808,301.27808,301.17807,301.57806,301.4781,301.87808,293.87808,295.77808,301.37808,301.07806,296.27808,295.27808,302.67807,299.07806,295.37808,296.4781,296.9781,294.57806,295.37808,296.07806,302.77808,302.87808,303.07806,303.07806,303.07806,303.17807,303.27808,303.17807,302.9781,302.67807,302.37808,302.27808,302.17807,302.07806,301.67807,301.67807,301.87808,301.87808,301.77808,301.67807,301.67807,301.57806,301.37808,301.57806,301.4781,301.27808,301.17807,301.17807,301.07806,301.07806,300.9781,300.87808,300.87808,300.9781,300.9781,300.9781,300.9781
296.9781,302.27808,294.9781,299.57806,301.27808,300.9781,300.67807,300.4781,300.57806,300.37808,300.27808,300.27808,300.4781,292.4781,299.67807,294.9781,286.9781,282.57806,281.57806,283.9781,292.4781,295.27808,296.27808,296.07806,296.37808,302.9781,303.07806,303.07806,303.17807,303.37808,303.4781,303.57806,302.87808,300.37808,302.27808,302.37808,302.37808,302.27808,302.17807,302.27808,302.07806,301.9781,301.9781,302.07806,301.9781,301.77808,301.67807,301.67807,301.4781,301.27808,301.4781,301.37808,301.27808,301.27808,301.27808,301.17807,301.27808,301.17807,301.17807,301.07806
293.37808,302.17807,301.87808,300.87808,301.27808,300.87808,300.67807,300.57806,300.4781,300.37808,300.07806,299.87808,300.07806,299.87808,299.67807,299.67807,299.77808,300.07806,296.07806,296.17807,294.9781,284.87808,288.77808,288.77808,292.07806,296.07806,302.57806,302.9781,303.17807,303.27808,303.57806,303.67807,302.17807,302.57806,302.57806,302.57806,302.4781,302.4781,302.4781,302.37808,302.27808,302.17807,302.17807,302.27808,302.27808,302.07806,301.9781,301.77808,301.57806,301.4781,301.67807,301.67807,301.57806,301.4781,301.37808,301.27808,301.37808,301.37808,301.37808,301.27808
301.17807,301.77808,301.67807,301.67807,301.4781,300.9781,300.87808,300.67807,300.4781,300.17807,299.9781,299.77808,299.77808,299.87808,299.87808,299.87808,300.07806,299.9781,299.87808,295.87808,295.67807,295.57806,295.4781,289.07806,284.67807,285.07806,291.77808,293.37808,302.37808,296.27808,294.17807,300.57806,302.57806,302.77808,302.87808,293.17807,302.67807,302.57806,302.57806,302.57806,302.4781,302.4781,302.4781,302.4781,302.37808,302.27808,302.17807,301.9781,301.77808,301.67807,301.57806,301.67807,301.77808,301.57806,301.4781,301.37808,301.27808,301.4781,301.4781,301.37808
301.37808,301.57806,301.9781,301.9781,301.4781,301.27808,301.17807,300.67807,300.4781,300.27808,300.27808,300.07806,299.67807,299.57806,299.4781,299.67807,299.77808,300.07806,300.27808,296.9781,296.57806,296.27808,296.07806,296.17807,294.87808,295.87808,284.4781,296.67807,302.27808,302.37808,302.4781,302.67807,302.67807,302.77808,302.9781,302.9781,302.77808,295.57806,302.67807,302.67807,302.57806,302.57806,302.67807,302.4781,302.4781,302.37808,302.27808,302.07806,301.87808,301.87808,301.77808,301.87808,301.9781,301.87808,301.77808,301.57806,301.57806,301.67807,301.67807,301.4781
301.77808,301.67807,301.87808,301.77808,301.37808,301.17807,299.77808,300.67807,300.27808,300.17807,300.07806,299.87808,299.67807,299.57806,299.27808,299.27808,299.27808,299.77808,295.57806,297.67807,297.57806,297.17807,295.57806,296.4781,299.4781,299.67807,296.67807,283.9781,302.07806,302.37808,302.57806,302.4781,302.37808,302.37808,302.4781,302.67807,302.77808,296.67807,302.77808,301.27808,302.77808,302.67807,302.67807,302.57806,302.4781,302.37808,302.27808,302.17807,302.27808,302.17807,302.07806,302.07806,301.9781,302.07806,302.07806,301.87808,301.87808,301.9781,301.87808,301.57806
299.57806,299.17807,299.87808,299.9781,300.07806,294.17807,293.9781,300.07806,299.9781,299.9781,299.67807,299.67807,299.77808,299.57806,299.27808,299.07806,299.27808,299.67807,299.87808,299.77808,299.67807,297.07806,297.07806,296.67807,299.07806,299.27808,299.67807,295.37808,292.57806,299.9781,302.27808,302.17807,302.07806,302.07806,302.27808,302.4781,302.4781,302.67807,302.87808,302.87808,302.77808,294.17807,302.67807,302.67807,302.57806,302.37808,302.37808,302.37808,302.37808,302.4781,302.37808,302.27808,302.17807,302.17807,302.17807,302.07806,301.9781,301.9781,301.87808,301.67807
292.9781,299.27808,299.37808,299.77808,290.4781,299.87808,299.77808,299.77808,299.87808,299.77808,299.4781,299.57806,299.57806,299.37808,299.07806,298.87808,298.87808,299.27808,299.77808,300.07806,299.87808,299.4781,298.77808,298.57806,298.77808,298.9781,299.17807,299.37808,297.37808,293.07806,301.4781,298.9781,301.77808,301.77808,301.9781,302.07806,302.27808,302.4781,302.67807,302.77808,302.57806,302.67807,302.67807,302.57806,302.37808,302.07806,302.27808,302.4781,302.37808,302.4781,302.37808,302.27808,302.17807,302.17807,302.07806,302.07806,301.9781,301.87808,301.67807,301.57806
299.57806,299.4781,299.37808,299.37808,299.57806,299.57806,299.67807,299.87808,299.9781,299.27808,299.07806,299.07806,298.67807,298.57806,298.67807,298.4781,298.37808,298.77808,299.37808,299.87808,299.87808,299.27808,298.27808,297.77808,298.4781,299.17807,299.37808,299.57806,299.57806,299.57806,299.77808,300.27808,301.07806,301.37808,301.57806,301.67807,301.9781,302.17807,302.37808,302.57806,302.4781,302.4781,302.37808,302.57806,302.27808,302.07806,302.17807,302.27808,302.27808,302.37808,302.27808,302.17807,302.07806,302.07806,301.9781,301.87808,301.77808,301.77808,301.67807,301.67807
299.9781,299.77808,299.57806,299.37808,299.27808,299.37808,299.57806,299.77808,299.67807,298.9781,298.37808,297.67807,297.87808,292.4781,293.17807,297.07806,297.57806,298.07806,298.9781,299.37808,299.77808,299.87808,298.57806,297.17807,298.4781,299.27808,299.37808,299.77808,299.67807,299.57806,299.87808,300.37808,300.87808,301.17807,301.27808,301.67807,301.87808,301.87808,301.9781,302.07806,301.9781,301.9781,301.9781,302.27808,302.17807,302.07806,302.17807,302.07806,302.07806,302.07806,301.9781,301.87808,301.87808,301.87808,301.87808,301.67807,301.57806,301.67807,301.67807,301.57806
299.9781,299.67807,299.37808,299.37808,299.27808,299.27808,298.9781,299.07806,299.27808,298.67807,297.37808,293.67807,294.37808,293.17807,292.07806,290.07806,291.87808,297.17807,298.27808,299.07806,299.67807,299.37808,294.57806,290.9781,298.87808,299.37808,299.27808,299.4781,299.67807,299.87808,300.07806,300.37808,300.9781,301.57806,301.67807,301.77808,301.77808,301.77808,301.67807,301.57806,301.57806,301.77808,301.77808,301.77808,301.57806,301.67807,301.87808,301.9781,301.77808,301.87808,301.77808,301.67807,301.57806,301.57806,301.67807,301.57806,301.4781,301.57806,301.57806,301.57806
299.67807,299.4781,299.27808,299.4781,299.57806,299.27808,296.77808,291.87808,297.9781,297.07806,294.77808,294.57806,293.4781,290.77808,290.27808,287.77808,293.57806,296.07806,297.4781,298.57806,299.17807,297.9781,293.07806,293.9781,298.27808,299.4781,299.4781,299.07806,299.27808,299.57806,299.87808,300.27808,300.9781,301.4781,301.4781,301.57806,301.4781,301.37808,301.17807,301.07806,301.27808,301.37808,301.4781,301.4781,301.27808,301.27808,301.4781,301.4781,301.27808,301.4781,301.57806,301.37808,301.17807,301.17807,301.17807,301.27808,301.37808,301.37808,301.37808,301.27808
299.37808,299.37808,299.17807,299.4781,299.4781,298.27808,292.17807,289.27808,290.17807,296.37808,293.87808,294.87808,292.87808,292.4781,291.77808,288.9781,294.57806,295.4781,296.77808,297.67807,298.17807,296.67807,293.67807,293.27808,293.67807,294.07806,299.27808,299.07806,298.77808,298.87808,299.27808,299.87808,300.4781,300.57806,300.67807,300.87808,301.07806,300.87808,300.87808,300.67807,300.57806,300.87808,301.17807,301.17807,301.07806,301.27808,301.57806,301.37808,301.07806,301.17807,301.37808,301.37808,301.07806,301.07806,300.9781,300.9781,301.17807,301.07806,300.87808,300.77808
299.4781,299.27808,298.57806,298.4781,297.9781,291.57806,288.4781,289.77808,290.57806,292.87808,293.07806,293.27808,292.57806,294.4781,294.07806,291.07806,288.87808,289.9781,294.87808,295.9781,295.9781,294.87808,293.9781,294.4781,291.27808,289.17807,298.37808,298.27808,297.77808,297.9781,298.4781,299.07806,299.4781,299.07806,299.17807,299.9781,300.37808,300.17807,299.77808,299.4781,299.67807,300.17807,300.77808,300.87808,300.77808,300.67807,300.9781,301.4781,301.27808,300.77808,300.9781,301.17807,301.07806,301.07806,300.9781,300.87808,300.87808,300.77808,300.4781,300.4781
299.17807,298.77808,297.27808,291.9781,291.9781,293.17807,291.77808,289.37808,289.4781,292.07806,290.57806,293.87808,291.4781,292.17807,292.4781,291.9781,292.77808,292.77808,291.87808,293.17807,293.57806,293.9781,294.17807,293.27808,292.57806,288.07806,296.07806,297.57806,296.9781,297.27808,297.87808,298.17807,298.17807,297.87808,298.4781,299.77808,299.9781,299.57806,299.27808,299.27808,299.37808,299.67807,300.07806,300.37808,300.37808,300.27808,300.57806,301.07806,301.07806,300.57806,300.27808,300.37808,300.67807,300.57806,300.57806,300.77808,300.67807,300.57806,299.87808,298.27808
