json-data/2022072100.json
{"header": {"discipline":0,"disciplineName":"Meteorological products","gribEdition":2,"gribLength":47411,"center":7,"centerName":"US National Weather Service - NCEP(WMC)","subcenter":0,"refTime":"2022-07-21T00:00:00.000Z","significanceOfRT":1,"significanceOfRTName":"Start of forecast","productStatus":0,"productStatusName":"Operational products","productType":1,"productTypeName":"Forecast products","productDefinitionTemplate":0,"productDefinitionTemplateName":"Analysis/forecast at horizontal level/layer at a point in time","parameterCategory":0,"parameterCategoryName":"Temperature","parameterNumber":0,"parameterNumberName":"Temperature","parameterUnit":"K","genProcessType":2,"genProcessTypeName":"Forecast","forecastTime":0,"surface1Type":1,"surface1TypeName":"Ground or water surface","surface1Value":0.0,"surface2Type":255,"surface2TypeName":"Missing","surface2Value":0.0,"gridDefinitionTemplate":0,"gridDefinitionTemplateName":"Latitude_Longitude","numberPoints":65160,"shape":6,"shapeName":"Earth spherical with radius of 6,371,229.0 m","gridUnits":"degrees","resolution":48,"winds":"true","scanMode":0,"nx":360,"ny":181,"basicAngle":0,"lo1":0.0,"la1":90.0,"lo2":359.0,"la2":-90.0,"dx":1.0,"dy":1.0}, "data":
[rows 0 to 33 of 181, columns 0 to 76 of 360]
272.9,272.9,272.9,272.9,272.9,272.9,272.9,272.9,272.9,272.9,272.9,272.9,272.9,272.9,272.9,272.9,272.9,272.9,272.9,272.9,272.9,272.9,272.9,272.9,272.9,272.9,272.9,272.9,272.9,272.9,272.9,272.9,272.9,272.9,272.9,272.9,272.9,272.9,272.9,272.9,272.9,272.9,272.9,272.9,272.9,272.9,272.9,272.9,272.9,272.9,272.9,272.9,272.9,272.9,272.9,272.9,272.9,272.9,272.9,272.9,272.9,272.9,272.9,272.9,272.9,272.9,272.9,272.9,272.9,272.9,272.9,272.9,272.9,272.9,272.9,272.9,272.9
272.7,272.7,272.7,272.7,272.7,272.8,272.8,272.8,272.8,272.8,272.8,272.8,272.8,272.9,272.9,272.9,272.9,272.9,273.0,273.0,273.0,273.0,273.0,273.0,273.0,273.0,273.0,273.0,273.0,273.0,273.0,273.1,273.1,273.1,273.1,273.1,273.1,273.1,273.1,273.1,273.1,273.0,273.0,273.0,273.0,273.0,273.0,273.0,273.0,273.0,273.0,273.0,273.0,272.9,272.9,272.9,272.9,272.9,272.9,272.9,272.9,272.9,272.9,272.9,272.9,272.9,273.0,273.0,273.0,273.0,273.0,273.0,273.0,272.9,272.9,272.9,272.9
272.9,272.9,272.9,272.9,272.9,272.9,273.0,273.0,273.0,273.0,273.0,273.0,273.0,273.0,273.0,273.0,273.0,273.0,273.0,273.0,273.0,273.0,273.0,273.0,273.0,273.0,273.0,273.0,272.9,272.9,272.9,272.9,272.9,272.9,272.8,272.8,272.8,272.7,272.7,272.8,272.8,272.8,272.8,272.8,272.8,272.8,272.9,272.9,272.9,272.9,273.0,273.0,273.0,273.1,273.1,273.1,273.1,273.1,273.0,273.0,273.0,273.1,273.1,273.1,273.1,273.1,273.1,273.1,273.1,273.1,273.1,273.1,273.1,273.0,273.0,273.0,273.0
272.9,272.9,272.9,272.9,272.9,272.9,272.9,272.9,272.9,272.9,272.9,272.9,272.9,272.9,272.9,272.9,272.8,272.8,272.8,272.8,272.8,272.8,272.8,272.8,272.8,272.8,272.7,272.7,272.8,272.8,272.7,272.8,272.8,272.8,272.8,272.8,272.8,272.8,272.8,272.8,272.8,272.7,272.7,272.8,272.8,272.8,272.8,272.8,272.8,272.8,272.8,272.8,272.8,272.8,272.8,272.8,272.8,272.8,272.8,272.8,272.8,272.8,272.8,272.7,272.7,272.7,272.8,272.8,272.8,272.8,272.8,272.7,272.7,272.7,272.7,272.7,272.6
273.0,273.0,273.0,273.0,273.0,273.0,273.0,273.0,272.9,272.9,272.9,272.9,272.9,272.9,272.8,272.8,272.8,272.8,272.8,272.8,272.8,272.8,272.7,272.7,272.7,272.7,272.7,272.7,272.7,272.7,272.7,272.7,272.7,272.7,272.6,272.6,272.6,272.5,272.5,272.7,272.7,272.7,272.7,272.7,272.7,272.7,272.8,272.7,272.7,272.7,272.7,272.8,272.8,272.7,272.7,272.7,272.7,272.8,272.8,272.8,272.8,272.7,272.7,272.7,272.7,272.8,272.8,272.6,272.6,272.6,272.7,272.7,272.7,272.7,272.7,272.7,272.7
273.0,273.0,273.0,273.0,272.9,272.8,272.8,272.9,272.9,272.9,273.0,273.0,272.9,272.9,272.9,272.9,272.8,272.8,272.8,272.9,272.8,272.8,272.8,272.8,272.8,272.8,272.8,272.7,272.7,272.7,272.7,272.8,272.7,272.7,272.7,272.6,272.7,272.7,272.8,272.8,272.8,272.8,272.8,272.8,272.8,272.8,272.8,272.7,272.7,272.8,272.8,272.8,272.7,272.7,272.7,272.7,272.6,272.6,272.6,272.7,272.7,272.7,272.6,272.6,272.7,272.6,272.6,272.5,272.5,272.6,272.6,272.6,272.6,272.6,272.7,272.7,272.7
273.0,273.0,273.0,273.0,273.1,273.1,273.0,273.0,273.0,273.0,273.0,273.0,273.0,273.0,273.0,272.9,273.0,272.9,273.0,273.0,272.9,272.9,272.9,272.9,272.9,272.9,272.9,272.9,273.0,272.9,272.9,272.9,272.9,272.8,272.8,272.8,272.8,272.8,272.8,272.8,272.8,272.8,272.8,272.8,272.8,272.8,272.7,272.8,272.8,272.7,272.8,272.8,272.8,272.8,272.9,273.0,272.9,272.8,272.8,272.8,272.8,272.8,272.9,272.8,272.8,272.8,272.7,272.8,272.8,272.9,272.9,272.8,272.9,272.9,272.9,272.9,272.8
273.1,273.1,273.1,273.1,273.0,273.1,273.1,273.1,273.1,273.1,273.0,273.0,273.0,273.1,273.1,273.0,272.9,273.0,272.9,272.9,272.9,272.9,272.9,272.9,272.9,272.9,272.8,272.8,272.8,272.8,272.9,272.8,272.8,272.8,272.7,272.7,272.7,272.9,272.9,272.9,272.8,272.9,272.9,273.0,272.9,272.9,273.0,273.0,273.0,272.9,272.9,272.9,273.0,272.9,273.0,272.9,272.8,272.9,272.9,273.0,273.0,273.1,273.0,273.0,273.0,273.1,273.1,273.1,273.1,272.9,272.9,272.7,272.7,272.5,272.5,272.6,272.4
273.1,273.1,273.0,273.1,273.0,273.0,273.1,273.1,273.1,273.0,273.0,273.0,273.0,272.9,272.9,272.9,272.7,272.7,272.7,272.6,272.5,272.0,273.0,273.6,272.0,272.9,272.0,272.3,272.2,272.4,272.4,272.4,272.6,272.8,273.0,272.6,272.6,273.0,272.6,272.5,272.4,272.4,272.8,272.7,272.8,272.9,272.9,272.9,272.9,272.9,272.9,272.9,273.0,273.0,272.8,273.0,272.9,272.9,272.9,272.7,272.4,272.4,272.3,272.6,272.6,272.6,272.6,272.6,272.6,272.4,272.4,272.4,272.3,272.3,272.3,272.4,272.4
273.1,273.1,273.0,273.1,273.1,272.9,272.6,272.3,272.1,272.7,272.2,274.3,274.7,274.9,274.5,275.3,275.1,274.3,274.6,274.8,274.9,274.9,275.0,275.1,275.1,275.1,275.1,275.0,275.0,275.0,274.7,274.4,274.1,273.9,274.0,274.0,273.8,273.8,273.8,273.8,273.8,272.4,272.4,273.6,273.8,273.7,272.6,273.1,273.1,272.8,272.9,272.7,271.4,272.2,272.3,271.6,272.7,272.7,271.3,272.0,272.5,272.5,272.3,272.1,272.0,269.9,271.9,271.8,272.3,271.8,272.1,272.3,272.2,272.1,272.1,271.9,272.2
272.9,272.8,272.3,273.1,275.3,275.7,276.7,277.0,277.3,278.0,278.4,278.1,278.3,278.0,278.0,277.5,280.4,276.5,275.5,276.6,273.2,273.2,273.2,273.2,273.2,273.2,273.2,274.7,275.7,275.5,275.3,275.2,275.0,274.8,274.7,274.6,274.6,274.5,274.5,274.5,274.4,274.4,274.4,274.4,274.4,274.4,274.4,274.3,274.2,274.1,273.9,273.8,273.7,273.6,273.5,273.5,273.3,272.6,273.0,272.9,272.9,272.9,272.7,272.5,272.4,272.2,272.1,272.1,272.1,271.7,271.6,271.6,271.9,272.5,272.8,272.8,272.8
275.5,274.6,274.8,275.4,276.2,277.8,278.6,280.2,280.9,281.4,281.7,281.2,276.2,273.2,273.2,281.2,284.9,273.2,273.2,273.2,275.6,276.2,276.4,276.5,276.4,276.2,276.0,276.0,275.8,275.6,275.4,275.3,275.2,275.2,275.1,275.1,275.1,275.1,275.2,275.2,275.2,275.2,275.3,275.3,275.3,275.2,275.2,275.2,275.2,275.2,274.9,274.8,274.7,274.4,274.3,274.3,274.1,274.0,273.9,273.7,273.1,273.2,273.0,273.1,272.6,272.6,272.4,272.4,272.1,271.9,271.7,271.4,273.2,273.6,273.6,273.5,273.5
279.7,276.4,276.9,277.7,278.3,279.2,279.8,280.3,280.7,280.9,281.0,280.8,280.4,280.0,281.9,285.3,284.6,280.0,280.4,276.7,276.6,276.3,281.6,282.3,276.0,276.1,276.1,276.1,276.0,275.8,275.8,275.7,275.6,275.6,275.6,275.6,275.6,275.6,275.7,275.7,275.7,275.9,276.0,276.0,276.1,276.1,276.2,276.2,276.1,276.0,275.8,275.6,275.5,275.3,275.3,275.1,275.1,275.0,274.9,274.7,274.4,274.5,274.1,274.1,273.0,274.0,274.2,274.1,274.1,274.1,274.1,274.2,274.2,274.2,274.2,274.4,274.4
278.4,277.8,278.2,278.5,278.9,279.2,279.5,279.6,279.6,280.0,280.1,280.2,280.0,279.4,278.8,278.0,279.7,276.0,276.9,276.9,276.7,276.0,275.7,275.8,275.8,276.0,276.1,276.4,276.6,276.8,277.0,276.9,276.6,276.5,276.5,276.5,276.5,276.6,276.5,276.6,276.7,276.6,276.7,276.8,277.0,277.1,277.2,277.2,277.1,277.0,276.9,276.9,276.8,276.6,276.5,276.4,276.4,276.3,276.2,276.1,276.0,275.9,275.6,275.6,275.5,275.7,275.6,274.6,276.0,275.4,275.6,275.6,275.5,271.5,271.4,275.4,275.4
279.1,278.4,278.6,278.7,279.0,279.2,279.5,279.7,279.8,279.9,280.0,280.2,280.4,280.6,280.4,279.9,279.2,278.7,278.0,277.3,277.0,276.8,276.7,276.5,276.6,276.9,277.4,278.1,278.3,278.7,278.6,278.7,278.7,278.5,278.3,278.1,278.0,277.8,277.8,277.6,277.8,278.1,278.1,278.3,278.2,278.2,278.2,278.0,278.0,277.9,277.9,278.0,277.8,277.6,277.6,277.6,277.6,277.6,277.3,276.3,276.0,271.7,270.0,269.5,268.3,269.7,279.1,273.9,276.0,277.1,277.4,277.6,277.0,276.6,276.5,276.6,276.5
279.0,278.8,278.8,279.0,279.1,279.3,279.4,279.6,279.7,280.0,280.0,280.3,280.5,280.8,281.0,281.0,280.5,280.1,278.9,278.2,277.7,277.7,277.9,278.0,278.6,279.2,279.7,279.9,280.2,280.2,280.3,280.4,280.2,279.7,279.5,279.1,279.0,278.7,278.5,278.4,278.5,278.6,278.7,279.0,279.4,279.5,279.6,279.7,279.6,279.5,279.4,279.3,279.1,279.0,279.0,278.8,283.5,273.2,273.2,270.5,277.4,275.0,275.3,277.9,278.0,277.9,277.9,278.0,278.5,278.6,278.6,279.0,278.8,278.6,278.6,278.7,278.5
280.5,278.9,279.1,279.1,279.3,279.4,279.8,280.0,280.2,280.3,280.5,280.6,280.9,281.1,281.4,281.7,281.6,281.1,280.4,280.2,280.5,280.8,281.0,281.3,281.5,281.6,281.7,281.8,281.7,281.8,281.7,281.5,281.6,281.4,281.4,281.3,281.2,281.0,281.0,280.5,280.6,280.4,280.3,280.6,280.8,281.1,281.4,281.5,281.5,281.3,281.0,280.7,280.4,280.2,279.5,285.5,283.3,281.2,277.6,277.2,277.3,277.7,277.8,278.1,278.6,278.8,279.2,279.6,280.1,280.4,280.4,280.6,280.8,280.9,280.7,280.3,279.9
279.8,279.4,279.7,280.2,280.2,280.5,280.7,280.9,281.0,281.0,281.1,281.4,281.6,281.8,282.0,282.3,282.5,282.5,282.6,282.5,282.5,282.4,282.4,282.4,282.4,282.5,282.6,282.6,282.7,282.7,282.7,282.7,282.6,282.4,282.3,282.2,282.1,282.1,282.0,281.9,281.9,281.8,281.9,282.1,282.3,282.6,283.0,283.2,283.1,282.8,282.1,281.8,281.1,279.8,284.3,282.8,279.7,277.5,277.6,277.7,277.8,278.1,278.1,278.5,279.0,279.4,279.6,280.0,280.1,279.4,279.0,278.8,279.0,279.5,278.9,278.2,276.8
280.8,281.2,281.5,281.7,281.5,281.7,281.8,281.7,281.9,281.9,282.1,282.5,282.9,283.3,283.5,283.5,283.5,283.3,283.0,282.8,282.6,282.6,282.8,282.7,282.8,282.8,282.9,283.1,283.2,283.4,283.5,283.7,283.7,283.5,283.4,283.1,282.9,282.7,282.9,282.9,282.8,283.0,282.8,282.7,282.6,282.6,282.6,282.6,282.1,281.8,281.7,281.6,284.3,280.7,279.3,278.3,276.6,277.5,277.7,277.8,278.0,278.2,278.3,278.4,278.8,279.3,279.6,279.7,278.4,282.7,282.6,282.4,281.7,277.1,276.8,280.9,276.1
281.8,281.6,281.7,282.0,282.2,282.5,282.6,282.5,282.1,281.6,281.4,281.9,282.7,283.9,284.5,284.6,284.4,284.2,283.9,283.6,283.4,283.1,283.0,282.8,282.4,284.6,282.9,283.2,283.5,283.4,283.7,284.0,284.0,283.8,283.8,283.8,283.9,284.1,284.1,284.2,284.0,283.4,282.8,282.5,282.3,281.9,281.8,281.7,281.5,281.5,281.3,281.3,281.2,280.5,280.0,279.4,278.6,278.1,277.5,277.9,278.0,278.0,278.0,278.2,278.7,278.9,278.5,281.8,282.2,282.2,282.2,282.0,281.9,276.2,280.1,280.9,281.2
281.6,281.5,281.6,281.8,282.0,282.5,283.3,283.6,283.8,283.6,283.5,283.6,283.9,284.3,284.4,284.5,284.9,284.9,284.8,284.5,283.5,283.7,282.8,282.0,282.6,283.6,283.7,284.7,282.0,282.2,284.0,283.9,284.0,284.0,284.1,284.1,284.1,284.1,284.0,283.9,283.7,283.2,282.8,282.4,282.3,282.0,281.6,281.4,281.2,281.2,281.1,281.2,281.3,281.4,281.3,281.2,281.0,280.6,279.9,281.2,279.5,277.6,277.5,277.8,277.8,278.1,278.0,277.3,282.7,282.7,282.8,283.2,282.7,276.1,282.2,282.2,281.3
281.5,281.5,281.6,281.7,282.1,282.6,283.2,283.9,284.3,284.3,284.2,284.4,284.9,285.2,285.3,285.2,285.4,286.1,284.8,281.6,276.9,276.9,278.2,281.5,282.2,281.4,281.6,285.0,283.8,282.7,281.8,282.6,283.4,286.0,282.5,281.6,282.2,284.0,283.4,283.1,282.5,282.0,281.9,282.0,282.0,281.9,281.7,280.9,280.7,281.2,281.4,281.0,281.2,281.3,282.1,281.5,281.4,280.9,280.5,280.7,278.1,279.2,284.1,282.5,283.5,283.8,280.3,276.7,276.3,283.9,283.5,282.6,282.4,276.7,277.8,275.3,276.9
281.9,282.2,282.2,282.7,282.8,283.2,283.6,284.2,284.5,284.6,284.5,284.5,284.6,285.5,286.5,286.8,285.3,282.5,281.8,280.3,277.7,278.3,279.8,282.1,282.5,283.1,283.1,283.3,284.2,282.5,283.6,284.6,283.6,285.5,284.7,281.4,280.8,280.7,280.2,280.0,279.6,280.2,280.6,281.3,281.3,279.7,280.1,280.1,279.9,280.1,281.3,281.9,282.4,283.0,282.6,283.9,284.2,284.4,286.0,286.2,285.9,285.4,285.0,286.1,285.7,285.1,285.2,284.6,283.1,282.9,283.2,277.5,283.5,283.0,276.9,282.8,281.4
282.4,282.6,282.8,283.1,283.6,284.0,284.6,284.9,285.0,284.9,285.0,285.2,285.4,286.2,285.1,283.5,279.2,280.8,279.7,283.2,285.0,283.6,284.1,284.9,285.3,284.3,283.4,284.3,283.6,282.9,283.5,285.1,286.3,285.6,284.4,283.2,282.5,281.8,281.8,281.4,281.1,280.6,280.7,281.4,282.0,280.3,281.0,280.8,283.2,281.4,282.0,282.5,283.7,284.7,285.4,285.9,286.3,286.4,286.7,286.6,288.9,288.3,287.2,285.2,285.1,283.7,284.8,284.9,284.8,284.8,284.4,284.4,279.0,277.1,282.1,282.6,282.5
282.9,283.0,283.3,283.4,283.7,284.3,284.7,284.8,285.1,285.1,285.2,285.1,285.0,284.8,282.0,282.4,280.7,282.3,286.2,285.7,286.3,287.0,285.4,285.3,285.1,284.0,283.5,283.8,283.3,283.3,283.9,286.5,286.3,286.0,285.5,283.4,283.8,283.7,283.4,282.4,281.5,281.4,284.0,284.1,285.2,286.1,285.7,285.9,285.5,285.2,285.5,286.2,286.2,286.8,287.2,287.5,289.3,289.6,289.3,289.1,287.3,287.9,285.7,283.6,287.1,287.0,286.0,286.1,286.3,285.6,284.2,283.3,282.9,284.8,284.5,284.0,284.4
283.1,283.2,283.5,284.0,284.1,284.3,284.3,284.4,284.4,284.5,284.8,284.9,285.5,282.8,282.0,281.3,284.3,284.4,284.2,284.6,284.5,284.9,288.7,288.7,288.5,288.5,282.8,282.7,282.3,284.0,285.2,285.7,286.6,286.6,285.7,283.1,283.1,283.7,284.1,283.9,284.1,287.5,286.6,287.1,287.2,287.0,286.8,286.9,286.7,286.2,286.2,285.9,286.6,286.4,287.1,286.0,286.8,288.7,286.8,287.2,283.2,283.3,285.4,287.5,287.2,286.5,286.9,287.0,285.7,284.6,284.3,283.8,284.5,286.2,286.6,286.3,286.3
283.9,283.9,284.2,284.5,284.2,284.3,284.5,284.9,285.3,285.4,285.4,284.4,285.8,286.0,285.8,286.6,285.6,284.1,283.7,283.9,283.7,289.0,289.0,289.0,284.3,283.8,282.8,282.7,283.1,283.6,284.6,285.7,285.9,286.0,285.6,286.2,284.9,283.6,285.5,286.8,286.8,286.4,286.0,286.4,286.1,286.1,285.8,285.7,286.1,286.4,289.3,287.5,286.0,286.5,286.9,286.3,287.3,286.9,288.1,286.0,285.9,287.0,287.2,287.4,287.3,285.1,284.6,284.3,283.6,283.7,283.4,283.8,285.0,286.9,287.9,287.1,286.4
284.6,284.8,284.9,285.1,285.2,285.4,285.8,286.3,286.0,286.4,285.2,286.4,285.6,284.6,289.0,288.7,287.8,286.1,284.8,288.7,289.2,289.3,285.6,285.0,284.8,284.2,289.0,283.6,287.7,284.5,286.7,285.9,286.1,287.2,286.8,287.0,285.7,285.7,286.4,286.3,285.9,286.0,285.6,285.4,285.0,285.1,285.1,285.0,285.0,285.0,285.0,285.4,285.1,285.3,284.8,285.0,288.1,287.3,286.2,285.1,285.2,286.6,287.7,286.7,287.1,285.9,284.5,283.5,283.4,283.7,284.2,284.8,285.5,287.6,286.2,286.6,286.4
284.7,284.7,284.9,285.4,286.1,286.4,284.6,286.0,283.9,285.2,285.9,286.5,285.1,286.7,289.4,288.7,288.3,289.2,288.3,288.4,288.7,289.3,286.4,285.4,284.9,284.7,284.8,284.6,284.8,285.9,287.6,287.4,287.5,288.4,288.1,290.4,287.2,287.1,286.0,285.6,285.2,284.6,283.9,283.8,283.5,283.4,284.0,284.2,284.4,284.5,285.8,285.6,285.6,285.2,286.6,286.1,285.7,286.2,285.8,285.4,285.1,285.9,287.3,285.3,287.8,287.3,287.5,287.5,286.8,286.2,285.8,287.0,287.5,280.9,287.3,287.3,287.0
285.4,285.6,285.7,286.0,286.6,286.2,285.9,285.7,284.6,285.8,288.5,288.6,288.8,288.5,288.4,289.3,289.5,291.0,288.8,288.8,289.2,289.6,287.5,286.6,286.1,286.0,286.1,285.7,286.0,287.5,288.6,287.5,287.6,289.2,287.9,288.4,290.5,286.2,286.4,285.5,284.4,282.8,285.4,282.6,282.1,281.9,281.9,282.3,282.7,283.4,283.8,283.7,283.9,285.6,286.3,286.8,286.3,286.3,286.0,284.8,286.0,286.8,286.9,287.8,287.9,287.9,288.2,286.2,286.4,286.6,285.7,287.0,286.8,286.8,286.8,287.3,288.2
286.2,286.4,286.5,286.8,287.4,288.0,287.2,286.2,285.7,287.9,288.0,288.2,289.9,290.2,290.1,290.3,290.4,289.9,289.3,289.1,290.7,289.9,290.3,291.7,288.5,290.3,290.5,290.6,290.8,290.8,290.6,289.7,288.7,289.4,287.8,287.4,287.0,286.5,286.2,285.2,285.3,285.6,285.2,284.8,282.4,281.8,281.7,281.9,281.9,282.3,282.5,282.8,282.6,282.7,282.9,283.0,283.2,283.5,284.1,284.7,286.5,287.1,287.7,287.9,287.7,287.9,288.1,287.3,287.1,287.8,287.3,287.6,287.2,287.5,287.5,288.1,288.2
287.0,287.3,287.2,287.4,287.6,288.0,288.3,287.3,285.7,288.8,290.0,291.0,293.6,290.6,291.3,290.4,291.9,289.1,290.4,290.5,290.6,290.7,290.8,291.0,286.9,286.2,285.3,285.4,286.9,287.9,288.7,288.5,288.7,287.9,287.7,287.6,287.5,286.5,286.5,285.1,285.9,285.9,285.2,285.1,284.1,283.2,282.3,282.3,281.9,282.3,282.3,282.1,282.0,282.0,282.5,282.8,284.5,282.2,281.6,281.6,286.0,286.6,287.5,287.5,287.4,287.6,286.8,288.1,287.4,287.7,287.7,288.0,288.2,288.4,288.3,288.6,288.3
287.0,287.5,287.5,287.6,287.7,287.9,288.4,289.2,289.9,289.9,289.7,290.1,293.9,293.4,290.7,290.1,290.6,291.2,291.6,291.7,291.7,291.3,291.2,291.0,291.1,285.7,284.9,285.7,293.7,288.6,288.4,288.3,289.5,286.5,287.6,287.7,287.9,286.8,285.9,285.6,286.1,285.6,285.4,283.5,283.0,284.2,282.7,282.8,282.8,283.2,281.7,281.6,281.4,281.6,282.3,282.6,283.0,282.6,282.0,281.8,283.4,284.0,285.5,287.4,286.7,287.1,286.1,286.4,287.3,288.3,287.5,286.6,287.3,288.6,287.5,288.4,288.0
287.4,288.0,288.2,288.4,288.4,288.4,288.4,288.5,288.9,289.8,288.0,290.8,291.5,289.9,290.9,288.3,288.5,291.5,291.7,291.8,291.6,291.3,286.2,286.2,290.6,285.6,284.5,284.8,285.4,287.2,288.1,287.8,288.2,289.2,286.8,288.1,287.8,287.2,286.3,285.7,283.8,285.6,282.9,282.7,283.2,283.0,283.5,283.0,282.3,282.5,282.1,282.7,282.2,282.3,282.5,281.7,282.2,282.3,282.4,281.9,282.0,283.1,284.2,284.0,285.4,284.9,285.5,285.9,287.2,288.2,287.1,287.2,287.5,288.5,288.5,288.0,288.0
