json-data/2022072012.json
{"header": {"discipline":0,"disciplineName":"Meteorological products","gribEdition":2,"gribLength":47700,"center":7,"centerName":"US National Weather Service - NCEP(WMC)","subcenter":0,"refTime":"2022-07-20T12:00:00.000Z","significanceOfRT":1,"significanceOfRTName":"Start of forecast","productStatus":0,"productStatusName":"Operational products","productType":1,"productTypeName":"Forecast products","productDefinitionTemplate":0,"productDefinitionTemplateName":"Analysis/forecast at horizontal level/layer at a point in time","parameterCategory":0,"parameterCategoryName":"Temperature","parameterNumber":0,"parameterNumberName":"Temperature","parameterUnit":"K","genProcessType":2,"genProcessTypeName":"Forecast","forecastTime":0,"surface1Type":1,"surface1TypeName":"Ground or water surface","surface1Value":0.0,"surface2Type":255,"surface2TypeName":"Missing","surface2Value":0.0,"gridDefinitionTemplate":0,"gridDefinitionTemplateName":"Latitude_Longitude","numberPoints":65160,"shape":6,"shapeName":"Earth spherical with radius of 6,371,229.0 m","gridUnits":"degrees","resolution":48,"winds":"true","scanMode":0,"nx":360,"ny":181,"basicAngle":0,"lo1":0.0,"la1":90.0,"lo2":359.0,"la2":-90.0,"dx":1.0,"dy":1.0}, "data":
[rows 52 to 77 of 181, columns 60 to 119 of 360]
326.27936,325.07935,319.87933,323.77936,325.47934,325.27936,324.17935,319.07935,319.77936,317.77936,312.07935,292.17935,305.57935,300.37933,302.07935,301.17935,304.27936,314.77936,315.47934,313.87933,314.57935,313.87933,310.97934,309.87933,309.37933,309.07935,296.37933,288.37933,285.67935,286.77936,291.07935,293.47934,292.27936,292.07935,293.37933,293.27936,287.27936,285.27936,283.57935,277.87933,278.57935,277.27936,285.47934,300.97934,299.67935,299.97934,296.97934,297.27936,298.07935,297.97934,297.27936,294.47934,294.17935,289.57935,293.87933,297.07935,294.57935,294.07935,295.67935,296.07935
319.27936,321.67935,323.07935,321.77936,323.87933,325.27936,324.97934,322.07935,322.47934,320.87933,314.07935,306.07935,300.77936,301.27936,299.17935,294.67935,300.57935,301.77936,303.77936,309.87933,314.57935,313.77936,313.07935,310.87933,300.07935,276.87933,278.97934,283.37933,284.27936,285.37933,285.77936,285.57935,286.47934,291.37933,296.47934,295.37933,300.87933,300.07935,295.07935,284.57935,286.87933,282.37933,281.77936,283.77936,296.47934,296.97934,298.07935,294.67935,293.77936,293.57935,296.87933,291.97934,293.17935,293.47934,291.97934,295.57935,292.47934,294.97934,293.17935,294.97934
316.37933,318.57935,320.67935,322.17935,319.67935,318.67935,314.17935,313.77936,311.07935,315.87933,300.67935,301.27936,308.37933,299.77936,303.87933,273.17935,275.47934,288.27936,291.47934,290.87933,292.57935,294.37933,292.17935,284.57935,283.97934,283.87933,286.27936,286.27936,286.27936,281.37933,280.47934,274.17935,281.87933,283.67935,285.97934,290.17935,290.47934,289.77936,291.47934,282.97934,285.57935,287.17935,287.47934,290.77936,293.97934,296.87933,290.27936,295.87933,292.87933,289.47934,289.77936,288.57935,291.07935,291.17935,293.67935,293.27936,295.87933,293.67935,291.17935,293.47934
313.57935,318.07935,315.27936,317.57935,314.17935,308.77936,305.67935,301.27936,306.97934,312.87933,303.87933,306.47934,306.47934,297.97934,290.97934,293.37933,303.07935,285.17935,293.07935,290.27936,291.97934,289.87933,287.97934,288.37933,286.67935,286.67935,285.87933,286.07935,285.27936,284.57935,283.97934,284.57935,281.47934,283.07935,283.47934,283.67935,281.27936,287.07935,282.07935,277.67935,278.37933,279.07935,277.97934,281.07935,285.57935,292.07935,291.47934,290.87933,292.67935,293.47934,295.67935,294.47934,293.77936,296.67935,295.87933,293.87933,295.67935,293.77936,293.37933,294.67935
320.17935,318.57935,316.57935,312.47934,311.07935,310.27936,313.07935,312.67935,308.87933,317.87933,304.27936,310.17935,318.57935,305.97934,293.07935,298.17935,285.87933,299.27936,299.27936,298.77936,296.47934,297.87933,293.07935,291.97934,289.37933,289.17935,290.87933,289.37933,286.17935,283.97934,285.37933,284.17935,285.87933,287.87933,280.77936,277.87933,280.97934,277.37933,277.97934,276.77936,278.57935,277.77936,279.37933,280.77936,287.47934,289.37933,291.37933,290.17935,289.67935,290.37933,290.17935,290.37933,292.27936,296.67935,294.47934,296.17935,295.37933,296.07935,295.57935,295.57935
316.67935,320.47934,321.97934,324.87933,315.67935,319.97934,318.37933,307.27936,313.97934,309.27936,316.97934,322.47934,316.87933,314.47934,308.17935,299.97934,290.27936,287.07935,294.97934,297.77936,298.67935,298.97934,300.17935,298.57935,294.67935,292.07935,288.57935,290.17935,289.17935,288.17935,288.37933,287.57935,282.27936,281.77936,281.67935,281.37933,281.97934,282.37933,279.37933,278.07935,281.07935,278.47934,282.67935,280.67935,280.17935,290.77936,292.77936,294.27936,294.67935,292.17935,293.67935,296.07935,297.47934,296.87933,295.77936,295.67935,294.87933,296.07935,296.47934,296.77936
323.97934,320.97934,325.37933,327.47934,326.77936,323.07935,322.17935,315.17935,311.87933,311.97934,321.07935,325.07935,324.87933,316.57935,313.37933,299.67935,297.87933,290.17935,292.57935,294.77936,290.47934,294.17935,298.87933,294.47934,296.97934,294.87933,292.47934,297.67935,294.97934,295.27936,289.77936,289.77936,282.57935,283.67935,283.07935,280.87933,282.67935,284.27936,280.77936,278.67935,279.97934,279.77936,282.07935,281.67935,288.17935,292.67935,294.97934,293.17935,294.17935,290.17935,295.37933,295.17935,296.77936,293.97934,293.87933,295.07935,295.17935,295.87933,296.17935,298.27936
327.27936,324.47934,322.97934,325.17935,326.97934,323.17935,321.37933,309.97934,312.47934,313.97934,314.77936,323.37933,320.47934,314.07935,308.67935,300.27936,295.97934,300.57935,293.97934,287.87933,295.67935,288.67935,278.77936,285.77936,296.77936,293.77936,291.77936,292.17935,286.37933,285.37933,278.27936,284.87933,283.87933,283.77936,283.07935,285.57935,286.77936,283.67935,280.37933,282.37933,278.77936,281.47934,285.47934,280.37933,295.57935,296.57935,296.97934,298.07935,295.27936,295.87933,293.67935,293.57935,294.47934,294.87933,296.17935,297.07935,294.87933,298.17935,297.77936,300.07935
322.57935,326.67935,324.57935,326.27936,323.47934,324.57935,322.77936,315.07935,317.27936,316.47934,317.87933,318.77936,317.17935,315.97934,310.47934,308.67935,311.07935,309.57935,306.47934,293.67935,292.57935,283.97934,284.77936,291.37933,289.27936,287.57935,284.37933,284.97934,286.87933,285.37933,280.77936,280.27936,282.17935,279.57935,281.77936,287.37933,279.87933,292.07935,285.87933,286.57935,280.17935,285.17935,282.67935,294.67935,296.57935,295.87933,296.97934,296.07935,295.97934,292.87933,292.27936,295.37933,295.47934,297.27936,297.97934,297.97934,299.77936,298.47934,297.77936,297.87933
327.27936,321.57935,325.27936,326.07935,324.47934,323.87933,314.07935,313.07935,320.37933,316.27936,317.77936,317.77936,316.97934,315.17935,311.47934,315.07935,306.87933,306.27936,308.07935,306.77936,302.17935,295.27936,285.27936,285.37933,287.67935,286.57935,290.27936,288.67935,294.17935,288.67935,287.57935,291.97934,286.47934,285.87933,282.27936,291.87933,285.47934,281.27936,286.87933,289.07935,281.87933,282.47934,282.37933,289.47934,295.77936,294.87933,295.57935,293.27936,292.97934,294.77936,296.07935,297.47934,298.77936,299.47934,297.87933,297.47934,303.17935,300.47934,299.17935,301.47934
316.07935,311.87933,320.97934,307.67935,316.07935,317.27936,308.77936,317.07935,319.67935,319.27936,318.77936,315.87933,315.97934,314.77936,309.67935,310.27936,312.57935,311.97934,310.67935,308.47934,306.17935,304.57935,301.87933,295.87933,295.47934,294.47934,284.67935,272.17935,278.17935,280.37933,278.67935,281.77936,281.37933,285.27936,292.47934,295.47934,296.17935,285.27936,285.67935,283.97934,281.97934,285.57935,287.67935,284.87933,290.77936,291.97934,291.97934,291.57935,294.77936,295.67935,298.17935,297.97934,298.27936,301.27936,299.27936,300.17935,301.37933,300.57935,296.07935,298.57935
324.87933,321.07935,315.57935,312.87933,308.17935,310.77936,310.47934,308.87933,315.57935,316.87933,316.57935,313.07935,313.97934,312.97934,308.07935,309.37933,307.87933,312.57935,315.27936,311.87933,304.47934,301.87933,302.57935,302.17935,300.47934,299.57935,298.47934,295.37933,291.37933,293.67935,294.47934,294.37933,292.57935,297.87933,302.17935,298.27936,293.07935,290.77936,291.27936,285.17935,287.47934,285.57935,288.87933,289.47934,286.97934,288.87933,291.27936,292.47934,295.17935,295.67935,297.57935,299.57935,300.37933,301.27936,300.07935,301.37933,297.97934,297.57935,299.67935,297.87933
320.07935,315.37933,313.67935,314.37933,310.37933,309.97934,306.27936,306.87933,310.97934,313.67935,313.87933,311.27936,309.97934,309.57935,304.17935,306.17935,309.57935,309.07935,309.07935,313.77936,306.17935,302.07935,306.47934,305.67935,305.37933,305.47934,302.87933,300.07935,302.37933,302.07935,302.17935,300.97934,299.47934,298.37933,298.77936,290.87933,295.57935,294.07935,292.97934,287.27936,286.97934,288.37933,290.47934,287.57935,287.47934,290.77936,292.47934,293.67935,295.37933,296.17935,294.27936,298.37933,295.87933,300.77936,293.47934,301.17935,299.77936,298.57935,299.27936,298.77936
303.17935,302.77936,302.37933,302.07935,301.87933,302.27936,302.07935,309.07935,309.77936,307.97934,307.77936,310.57935,310.07935,304.97934,303.47934,305.47934,306.37933,304.27936,307.77936,308.77936,305.87933,307.57935,310.57935,307.57935,307.97934,308.27936,306.47934,307.37933,306.67935,305.77936,302.87933,301.47934,301.07935,298.47934,293.77936,297.37933,297.07935,297.87933,289.97934,291.17935,289.77936,289.37933,291.07935,289.17935,289.37933,293.07935,295.87933,295.77936,295.87933,297.77936,297.77936,296.57935,295.27936,294.57935,297.37933,297.87933,298.27936,296.27936,297.97934,300.47934
302.57935,301.87933,301.87933,301.77936,302.07935,302.17935,302.07935,301.87933,302.07935,302.37933,303.27936,304.27936,306.47934,304.87933,303.77936,302.27936,302.87933,303.37933,303.37933,302.47934,303.07935,307.17935,307.67935,301.07935,301.77936,302.67935,303.07935,306.17935,307.07935,303.07935,303.97934,301.77936,299.47934,295.67935,293.67935,297.37933,298.07935,298.27936,294.07935,291.47934,291.37933,291.47934,291.37933,291.87933,290.67935,293.37933,296.77936,296.57935,297.67935,298.37933,296.97934,297.67935,297.77936,299.57935,297.97934,298.37933,299.27936,297.67935,300.67935,301.57935
301.87933,300.77936,301.17935,301.57935,301.57935,301.97934,301.97934,301.67935,301.57935,306.47934,307.27936,307.77936,307.47934,303.97934,303.87933,301.87933,300.47934,300.47934,300.37933,299.97934,300.37933,298.87933,302.87933,303.17935,298.37933,302.57935,304.47934,305.47934,305.77936,302.77936,303.37933,302.87933,298.87933,296.17935,295.97934,298.77936,302.57935,293.77936,295.17935,294.37933,291.57935,292.57935,292.27936,290.77936,292.97934,295.17935,295.77936,296.67935,299.87933,298.97934,299.47934,298.27936,299.07935,305.57935,304.47934,298.57935,300.17935,302.17935,302.27936,302.17935
299.27936,300.17935,300.87933,301.17935,301.27936,301.57935,301.67935,301.47934,301.47934,301.47934,303.67935,303.77936,306.77936,303.67935,302.57935,303.67935,299.97934,299.77936,297.17935,297.47934,300.07935,298.07935,304.47934,303.47934,303.77936,301.47934,301.97934,305.77936,303.97934,303.97934,302.37933,302.57935,300.27936,296.97934,298.47934,307.67935,307.17935,295.67935,294.97934,294.47934,293.47934,295.57935,295.07935,295.87933,293.37933,298.07935,297.27936,298.57935,298.67935,300.57935,299.27936,298.67935,298.57935,300.37933,302.97934,303.07935,302.97934,303.27936,303.57935,303.47934
299.07935,300.07935,300.67935,300.97934,300.97934,301.17935,301.07935,301.07935,301.07935,300.97934,300.87933,302.87933,301.27936,300.97934,299.77936,302.87933,302.67935,303.27936,301.27936,299.57935,299.67935,300.97934,300.67935,301.37933,302.07935,303.37933,304.57935,303.67935,303.27936,302.97934,302.87933,302.87933,302.77936,299.37933,294.27936,306.07935,304.37933,294.87933,294.77936,295.37933,295.37933,293.97934,295.37933,293.97934,295.37933,296.37933,301.27936,300.27936,303.57935,303.57935,300.57935,303.07935,302.97934,302.97934,302.97934,303.07935,303.07935,303.17935,303.97934,303.87933
299.27936,299.97934,300.37933,300.57935,300.57935,300.67935,300.67935,300.57935,300.47934,300.47934,300.67935,300.67935,300.97934,300.37933,299.97934,301.77936,301.77936,300.07935,301.57935,301.27936,300.37933,298.37933,298.17935,301.97934,298.17935,302.87933,304.47934,302.97934,302.87933,302.67935,302.57935,302.57935,302.57935,302.47934,298.87933,306.07935,300.57935,294.57935,295.87933,295.17935,298.37933,295.77936,298.37933,295.07935,293.27936,295.07935,301.87933,303.47934,303.67935,303.77936,302.37933,302.87933,302.87933,302.87933,303.17935,303.27936,303.37933,303.57935,304.27936,303.97934
299.57935,299.77936,299.97934,300.17935,300.27936,300.37933,300.47934,300.37933,300.27936,300.27936,300.47934,300.67935,300.77936,302.57935,302.17935,300.87933,301.27936,301.37933,301.87933,301.47934,301.27936,299.07935,299.57935,297.57935,300.27936,302.57935,302.67935,302.57935,302.57935,302.47934,302.17935,302.17935,302.27936,302.47934,300.47934,303.47934,297.97934,294.67935,295.87933,297.67935,296.47934,296.27936,296.17935,293.77936,293.47934,297.67935,303.37933,303.37933,303.07935,297.47934,296.97934,302.97934,303.17935,303.07935,303.17935,303.37933,303.47934,303.77936,304.37933,304.17935
299.37933,299.47934,299.67935,299.77936,300.07935,300.17935,300.37933,300.37933,300.27936,300.17935,300.37933,300.57935,300.87933,301.77936,303.37933,303.17935,302.47934,299.97934,300.77936,302.17935,300.67935,301.57935,297.97934,305.57935,302.37933,302.47934,302.17935,302.07935,302.17935,302.17935,302.07935,301.97934,301.97934,301.97934,302.07935,300.57935,297.77936,297.27936,296.27936,295.97934,298.07935,297.37933,297.97934,299.57935,299.57935,295.47934,297.57935,303.17935,303.07935,302.77936,303.07935,303.07935,302.97934,303.07935,303.17935,303.37933,303.47934,303.57935,303.77936,303.87933
299.17935,299.37933,299.57935,299.67935,299.87933,300.07935,300.17935,300.37933,300.37933,300.27936,300.27936,300.37933,300.67935,300.87933,298.57935,301.87933,303.47934,303.77936,302.57935,307.27936,304.57935,303.47934,303.97934,301.87933,302.27936,302.17935,301.87933,301.77936,301.67935,301.87933,301.87933,301.97934,301.97934,301.97934,301.87933,300.77936,299.77936,301.57935,298.07935,297.77936,301.57935,295.77936,298.17935,299.47934,297.97934,298.37933,296.77936,298.87933,303.07935,303.17935,303.27936,302.97934,302.97934,303.17935,303.47934,303.47934,303.47934,303.47934,303.47934,303.77936
298.47934,298.87933,299.17935,299.47934,299.67935,299.97934,300.17935,300.17935,300.27936,300.37933,300.27936,300.37933,300.57935,300.87933,298.07935,303.47934,304.17935,307.87933,309.07935,304.87933,304.57935,306.17935,302.17935,301.97934,301.87933,301.87933,301.67935,301.57935,301.37933,301.57935,301.77936,301.97934,302.07935,302.07935,301.87933,298.57935,301.77936,301.57935,297.77936,293.07935,302.37933,300.67935,297.77936,300.47934,299.17935,298.47934,296.37933,292.77936,295.47934,302.97934,303.07935,302.77936,302.67935,302.87933,303.17935,303.47934,303.47934,303.37933,303.37933,303.47934
298.07935,298.37933,298.87933,299.17935,299.57935,299.87933,299.97934,299.97934,300.07935,300.27936,300.37933,300.47934,300.67935,300.77936,300.87933,298.97934,301.67935,309.77936,311.07935,307.17935,305.07935,302.87933,302.57935,302.17935,301.87933,301.77936,301.57935,301.47934,301.57935,301.67935,301.77936,301.97934,301.97934,302.07935,301.97934,301.87933,301.87933,301.87933,296.57935,295.17935,304.37933,300.77936,300.27936,299.87933,300.07935,298.77936,296.07935,295.67935,290.87933,301.07935,302.77936,302.57935,302.47934,302.57935,302.97934,303.27936,303.37933,303.37933,303.37933,303.47934
297.67935,297.97934,298.37933,298.87933,299.37933,299.67935,299.87933,299.97934,300.07935,300.27936,300.37933,300.57935,300.57935,300.77936,300.87933,297.87933,301.27936,302.77936,303.37933,304.57935,305.57935,302.87933,302.57935,302.27936,301.87933,301.77936,301.67935,301.67935,301.77936,301.87933,301.97934,302.07935,302.07935,302.07935,301.97934,301.87933,301.77936,301.77936,301.77936,296.57935,300.77936,299.87933,297.97934,298.07935,297.07935,296.87933,296.47934,296.57935,293.97934,297.27936,302.47934,302.37933,302.37933,302.47934,302.67935,303.17935,303.27936,303.37933,303.57935,303.37933
297.67935,298.07935,298.37933,298.77936,299.27936,299.77936,299.97934,300.07935,300.17935,300.27936,300.37933,300.57935,300.67935,300.87933,300.87933,300.27936,297.67935,301.37933,300.67935,304.67935,305.17935,302.57935,302.57935,302.37933,302.17935,301.87933,301.87933,301.87933,301.87933,301.97934,301.97934,302.07935,301.97934,301.17935,301.97934,301.77936,301.77936,301.77936,301.77936,295.47934,299.97934,298.47934,296.67935,297.77936,302.97934,297.57935,297.17935,297.17935,295.07935,295.87933,302.07935,302.07935,302.27936,302.37933,302.67935,302.87933,303.17935,303.17935,303.37933,303.37933
