json-data/2022072206.json
{"header": {"discipline":0,"disciplineName":"Meteorological products","gribEdition":2,"gribLength":79215,"center":7,"centerName":"US National Weather Service - NCEP(WMC)","subcenter":0,"refTime":"2022-07-22T06:00:00.000Z","significanceOfRT":1,"significanceOfRTName":"Start of forecast","productStatus":0,"productStatusName":"Operational products","productType":1,"productTypeName":"Forecast products","productDefinitionTemplate":0,"productDefinitionTemplateName":"Analysis/forecast at horizontal level/layer at a point in time","parameterCategory":2,"parameterCategoryName":"Momentum","parameterNumber":3,"parameterNumberName":"V-component_of_wind","parameterUnit":"m.s-1","genProcessType":2,"genProcessTypeName":"Forecast","forecastTime":0,"surface1Type":103,"surface1TypeName":"Specified height level above ground","surface1Value":10.0,"surface2Type":255,"surface2TypeName":"Missing","surface2Value":0.0,"gridDefinitionTemplate":0,"gridDefinitionTemplateName":"Latitude_Longitude","numberPoints":65160,"shape":6,"shapeName":"Earth spherical with radius of 6,371,229.0 m","gridUnits":"degrees","resolution":48,"winds":"true","scanMode":0,"nx":360,"ny":181,"basicAngle":0,"lo1":0.0,"la1":90.0,"lo2":359.0,"la2":-90.0,"dx":1.0,"dy":1.0}, "data":
[rows 26 to 51 of 181, columns 290 to 347 of 360]
1.3787915,2.4387915,-0.001208496,-1.3312085,0.2487915,1.1687915,3.4287915,2.5387914,2.4087915,3.0987916,3.0587914,3.1087916,4.3787913,4.2787914,4.9887915,5.2987914,5.7087917,6.2487917,4.4087915,0.3987915,1.7087915,1.7887915,1.8087915,3.3187914,3.6387916,3.1487916,1.2787915,-0.2812085,-1.7412086,0.6387915,-5.3712087,-3.1512084,-0.2712085,0.3387915,0.048791505,-0.8012085,-2.4312086,-4.4812083,-5.7312083,-7.2212086,-5.8812084,-2.8212085,0.23879151,-0.15120849,-0.6712085,-1.5012085,2.5187914,2.3587916,0.2287915,-0.5912085,0.27879152,0.7787915,-1.6212085,-0.5912085,1.3087915,0.20879151,-0.2812085,-0.0812085
0.3387915,-0.44120848,-0.9512085,2.8987916,0.1887915,-0.8712085,-0.3812085,0.4387915,1.6387916,1.4487915,2.2587914,2.5387914,2.7787914,3.9387915,4.9187913,5.6987915,5.6287913,4.1887913,2.9887915,2.8087914,-0.2912085,0.5487915,2.8687916,3.2687914,2.0687914,1.3487915,-2.5912085,-3.9412086,-0.7712085,-2.9912086,-2.4112084,-1.9312085,-0.89120847,-1.7612085,-2.6212084,-2.8012085,-1.9512085,-2.3712084,-3.4012084,-3.7112086,-2.2212086,-1.0512085,-0.7112085,-1.2012085,-2.6912086,1.1887915,1.8487915,1.5587915,2.3287916,3.3487916,2.7987914,2.2687914,1.4787915,0.6487915,0.4787915,1.2787915,1.7987915,2.8887916
-1.0712085,0.20879151,0.6587915,0.7787915,-2.7812085,-1.7612085,-0.5712085,1.3087915,0.4387915,0.038791504,-0.0812085,1.1687915,2.0987916,4.3287916,5.0487914,5.5487914,4.3687916,5.4887915,5.1587915,2.3487916,-0.6612085,-2.1212084,-2.3012085,0.8287915,-1.0612085,-3.1012084,-3.9812086,-2.4012084,-3.8012085,-1.6112084,-1.4812084,-1.1012084,-1.5112085,-2.3512084,-2.7712085,-2.6412084,-2.8512084,-3.2912085,-3.3512084,-3.3012085,-2.9712086,-2.1312084,-1.6912085,-0.7412085,1.0587915,2.5087914,3.1787915,3.1987915,4.4287915,3.3487916,1.9387915,0.9487915,-0.011208496,-0.64120847,-0.1212085,1.6487916,2.3987916,2.0087914
-2.9212084,-3.4012084,-2.6012084,-1.7412086,-0.5212085,-0.2912085,0.3487915,-0.011208496,-1.0212085,-1.9512085,-1.1012084,0.5787915,2.5887916,3.1287916,4.0887914,4.1887913,4.5487914,3.8287916,2.0287914,1.2287915,0.4287915,-2.1212084,-1.6412085,-2.2212086,0.8287915,-0.1912085,-2.5912085,-0.9612085,-2.3812084,-1.6812085,-1.6012084,-1.6612085,-1.1812085,-0.8512085,-1.3612084,-2.2812085,-2.4012084,-2.6412084,-2.5412085,-2.3712084,-1.8812085,-1.4512085,-0.4112085,0.4287915,0.4687915,1.1687915,2.3787916,2.3687916,0.3587915,2.2587914,1.3487915,0.30879152,0.1087915,0.4187915,0.9287915,1.0287915,1.6087915,1.1787915
-1.7512085,-2.3712084,-3.0612085,-3.6112084,-4.8012085,-0.5512085,2.9887915,-0.3412085,-1.2812085,-3.3312085,-2.0912085,0.5687915,2.2587914,2.8887916,3.1487916,2.9887915,3.2187915,1.5787915,0.7587915,0.3887915,1.4787915,3.5087914,4.6087914,5.5187917,-0.9812085,-1.8012085,-2.2812085,-7.8912086,-4.5412083,-3.5612085,-2.7812085,-2.4212084,-2.2312086,-1.4712085,-1.0312085,-1.4112085,-1.8312085,-1.9312085,-2.0212085,-2.1612084,-2.6912086,-2.7412086,-2.4112084,-1.7812085,-1.1012084,-0.1612085,1.8687915,1.9787915,2.1087916,2.1487916,2.5487914,2.3587916,3.2187915,3.4187915,2.5187914,1.4087915,0.9387915,-0.3712085
-2.0712085,-2.2312086,-3.1112084,-3.1212084,-1.3012085,0.1587915,-0.3012085,1.0087914,-3.4612086,-4.3012085,-3.1412084,-1.1212085,0.8487915,2.3087914,1.4587915,1.0687915,1.9487915,1.0987915,1.3187915,0.8487915,0.5987915,0.4187915,-0.6612085,-1.3312085,-2.0912085,-3.8112085,-5.0612087,-4.9412084,-4.4912086,-4.0812087,-3.7712085,-3.3912084,-2.9312086,-2.4512086,-2.4412086,-2.5512085,-2.2312086,-1.9712085,-1.9612085,-2.0512085,-1.9112085,-1.4712085,-0.6212085,-0.041208494,0.3787915,0.91879153,1.0987915,0.5087915,0.7887915,1.8787915,1.9487915,1.6487916,1.7087915,2.2087915,1.8487915,1.5487915,0.6987915,0.1087915
-1.2312084,-3.3812084,-1.6612085,0.49879152,0.60879153,1.0887915,-0.25120848,-0.7112085,-1.5612085,-4.2412086,-3.2412086,-2.7012086,-1.0212085,0.5787915,1.6587915,0.5287915,0.5887915,0.2187915,-0.5412085,-2.2612085,-2.7912085,-2.6812086,-2.7912085,-3.8712084,-4.2212086,-4.4212084,-4.6512084,-4.6912084,-4.4312086,-3.8112085,-3.5412085,-3.2512085,-3.1312084,-2.9512086,-2.7012086,-2.0912085,-1.8512084,-2.5412085,-3.0912085,-2.3412085,-1.9012085,-1.2712085,-0.4312085,0.20879151,-0.3212085,0.1887915,0.4587915,1.4787915,1.7287915,1.3587915,1.6387916,2.5487914,2.5887916,2.4687915,2.0687914,1.8987916,0.7187915,-0.1312085
-1.7212085,-0.8712085,1.7687916,2.8187914,2.8187914,1.2987915,0.5787915,-0.8612085,-2.0112085,-5.8512087,-4.8012085,-4.0612087,-2.4612086,0.1387915,-0.4012085,-1.2912085,-0.9512085,-1.5212085,-1.8712085,-2.8912084,-3.9012084,-4.2612085,-4.1112084,-4.5012083,-4.6712084,-5.0212083,-4.9812083,-4.7312083,-4.7812085,-4.7412086,-4.4312086,-3.8912084,-3.4212084,-2.9612086,-2.5312085,-2.5612085,-2.4012084,-2.5212085,-2.2212086,-1.6912085,-1.1112084,-0.5212085,-0.9912085,-0.9812085,-0.6512085,-0.15120849,0.3387915,0.60879153,1.1487916,1.4087915,1.5087914,1.8187915,2.5587914,2.3387916,1.9187915,1.2587914,1.0587915,1.2687916
1.5787915,0.4787915,0.9587915,0.5287915,1.5287915,1.8887916,2.2287915,0.3687915,0.8487915,-0.3912085,-4.1212087,-4.7812085,-4.7512083,-2.5512085,-2.5212085,-1.9912086,-3.1312084,-2.0912085,-2.8212085,-2.7012086,-3.1212084,-3.7912085,-4.0212083,-4.5712085,-4.5812087,-5.2212086,-5.7712083,-5.1312084,-5.3412085,-4.6512084,-3.9512086,-2.8612084,-1.5212085,-1.0612085,-0.0712085,-0.3012085,-0.5512085,-0.9912085,-1.3012085,-0.8612085,-0.3112085,-0.47120848,-0.7312085,-0.3612085,1.3187915,1.6487916,1.8187915,1.5587915,1.4887915,1.6187915,2.6987915,3.5787916,2.9187915,2.3787916,1.8887916,1.5487915,1.4987915,2.2787914
4.9987917,5.1287913,3.8587916,2.0387914,1.8787915,2.1587915,3.5587914,2.3487916,-0.5112085,0.3587915,-0.4112085,-0.25120848,-3.8712084,-5.6712084,-4.9012084,-5.2112083,-3.8512084,-2.2612085,-2.9712086,-2.8912084,-3.6912086,-4.2212086,-5.4312086,-4.6012087,-5.5812087,-5.5612087,-5.1712084,-4.3012085,-3.4812086,-2.8312085,-1.7012085,-1.3512084,-0.6612085,-0.1912085,-0.2812085,0.1387915,0.4887915,-0.031208497,0.088791505,0.3387915,0.4587915,0.7387915,0.6987915,0.8687915,1.9387915,1.3987916,0.1987915,0.7087915,1.8387915,2.4487915,3.3687916,4.0287914,3.7487915,4.0287914,3.4287915,3.9187915,3.7787914,3.3887916
4.9787917,4.9487915,3.5387914,4.1487913,2.3987916,0.9487915,2.0187914,1.1187915,0.3887915,-1.7912085,-2.1912086,-1.1412085,-0.4812085,-4.3212085,-6.3912086,-5.6612086,-3.6812086,-2.4812086,-2.3912084,-4.3512087,-4.7112083,-4.9812083,-5.2512083,-6.6912084,-6.9812083,-6.8812084,-5.6812086,-3.9812086,-2.9812086,-1.2212085,0.9887915,2.1187916,2.3287916,3.4887915,3.3187914,3.0987916,2.3387916,1.6787915,1.1187915,1.1287915,1.2387915,1.1787915,1.7887915,1.7487915,1.8887916,2.0987916,1.4287915,1.5487915,2.8187914,3.2987914,3.6287916,4.6187916,3.7287915,5.7187915,5.1387916,4.8887916,4.6987915,4.5687914
5.9887915,5.3887916,3.7887914,3.1887915,2.7487915,1.6587915,0.7387915,0.8187915,-0.3712085,-1.0012085,-1.7812085,-0.8512085,-1.0912085,-2.4512086,-2.3912084,-5.4012084,-3.5912085,-1.9712085,-3.7212086,-4.9012084,-5.4612083,-5.3312087,-5.6712084,-5.9012084,-5.7612085,-5.0912085,-3.9012084,-2.6112084,0.1987915,2.5687914,4.9087915,5.2587914,5.2087917,5.1287913,5.3987913,4.0687914,4.1687913,4.3387914,3.6187916,3.0487914,2.7587914,2.1687915,2.0487914,2.5287914,2.2187915,1.6087915,1.8987916,2.3387916,3.2187915,3.7587914,4.3687916,4.6287913,4.3187914,4.8787913,5.5087914,6.8587914,5.8687916,6.0787916
3.5387914,2.0587914,1.4487915,2.1987915,4.3987913,2.1787915,0.8287915,0.9887915,1.2487915,0.1887915,0.038791504,-0.4812085,-1.2812085,-1.4812084,-2.9012084,1.2787915,-2.6012084,-4.5712085,-5.9712086,-6.2912083,-6.2912083,-5.8912086,-5.1612086,-4.0812087,-4.1412086,-3.0812085,-2.5912085,-1.0412085,2.0787916,5.0387917,6.0687914,6.5587916,6.0787916,5.6087914,6.6287913,7.3287916,5.1987915,5.2087917,4.9087915,4.8487916,4.6687913,4.9887915,4.8587914,4.0587916,3.8487916,3.5087914,3.2787914,3.0187914,3.4487915,4.5487914,6.6887913,7.4887915,7.1687913,6.0287914,4.6787915,4.0787916,4.5587916,8.458792
4.6487913,4.1987915,1.6887915,1.0087914,0.6887915,2.0087914,1.6887915,0.9287915,1.2787915,1.0287915,0.1687915,-0.8012085,3.9087915,4.6587915,-0.5312085,3.4687915,-1.4512085,-2.3412085,-4.7112083,-6.4412084,-5.7712083,-4.7212086,-3.8412085,-3.4312086,-1.6612085,-2.2912085,-0.7312085,0.8387915,3.0087914,5.2787914,6.0887914,6.4787917,6.3487916,6.2687917,6.5387917,7.4887915,6.5887914,6.0587916,6.2987914,4.4487915,5.9487915,6.5087914,7.7287917,6.7387915,5.5387917,4.2787914,4.0287914,4.2087917,4.7587914,5.1787915,6.2587914,8.338792,8.078792,8.288792,5.8187914,3.6387916,2.9987915,4.3487916
2.5887916,2.8187914,1.5487915,-0.3212085,-0.1112085,3.9687915,0.8687915,3.0987916,5.0187917,3.6487916,3.5287914,3.8087914,3.3887916,0.0087915035,1.3587915,2.0587914,3.8687916,0.0087915035,-4.2312083,-4.3412085,-4.1812086,-5.4212084,-3.6312084,-2.0112085,-0.3712085,1.1487916,2.3287916,3.1287916,4.1587915,5.2187915,5.5587916,5.9887915,6.6287913,6.1287913,6.8887916,7.8587914,7.3387914,7.3887916,7.1887913,5.8887916,5.3887916,5.8387914,6.7087917,6.2987914,4.8187914,4.7187915,3.7887914,3.3387916,4.3287916,6.3987913,8.028791,9.008792,8.528791,7.4287915,5.8987913,2.8687916,1.8387915,3.4387915
2.2187915,0.2687915,-0.5512085,3.3287916,3.4687915,2.6187916,6.1687913,6.0787916,3.9287915,5.6887913,5.6887913,3.9787915,1.4487915,2.3687916,1.0087914,1.5687915,0.8987915,2.9187915,-0.5012085,-2.3412085,-3.0612085,-2.8012085,-2.9512086,-1.1012084,0.4087915,1.5087914,1.9887915,2.7187915,3.3187914,3.5587914,4.4787917,4.8987913,6.4887915,6.4087915,6.6787915,7.4287915,7.6487913,8.008792,7.3387914,5.6687913,5.1487913,5.2287917,5.8087916,5.2987914,5.2687917,4.3087916,4.0187917,4.0587916,5.8887916,8.148791,8.398791,9.048792,8.088792,7.1987915,4.8587914,1.9887915,1.8987916,3.2287915
1.7387915,3.6887915,3.6087916,0.1887915,2.0987916,0.4887915,7.0487914,7.1487913,7.1487913,6.6887913,7.3787913,2.4187915,2.8587916,0.6787915,0.30879152,0.8187915,0.6787915,1.9787915,0.5987915,-0.4212085,-0.6212085,-0.5412085,0.038791504,0.5187915,0.5887915,1.6087915,2.0687914,2.1087916,2.0187914,3.1487916,3.3287916,4.8087916,5.8987913,6.8687916,7.9087915,8.168792,8.238791,7.5487914,5.5987916,5.1387916,6.1487913,6.1387916,5.8787913,6.0987916,4.5887914,4.2187915,5.3887916,6.1087914,8.868792,7.7887917,7.5987916,6.2487917,7.3587914,5.7887917,3.1087916,-0.2312085,0.2987915,6.3487916
2.7987914,3.1187916,3.7987914,3.0587914,3.6887915,4.1287913,6.9087915,8.188791,8.938791,6.6687913,7.1287913,5.8887916,4.4887915,2.6087916,1.7687916,-1.0212085,0.5187915,-0.7412085,-0.10120849,1.0287915,1.6587915,1.4387915,1.5187916,1.7687916,2.1087916,2.0487914,2.0787916,2.1487916,1.5087914,2.6387916,2.7787914,4.6787915,5.9487915,7.5487914,8.228791,7.2887917,6.4487915,5.2687917,5.2787914,5.5987916,6.0487914,6.4187913,7.0387917,7.2587914,6.8087916,6.4387913,7.4887915,8.078792,7.8887916,7.4887915,6.9087915,5.9987917,5.2087917,2.7187915,-1.0512085,1.3587915,5.4387913,4.7687917
1.6587915,1.9987915,2.5187914,2.4487915,3.7887914,3.7687914,4.1487913,6.5587916,5.6387916,1.0687915,2.7287915,5.0887914,4.6387916,4.1587915,3.2787914,2.2287915,2.1687915,1.7587914,2.1187916,1.6087915,1.1687915,1.3087915,1.8087915,2.4087915,2.7987914,2.8787916,3.0587914,1.8587915,1.0887915,1.5087914,3.2087915,4.7887917,7.0287914,7.3087916,6.4387913,6.4187913,6.0187917,6.6787915,6.1687913,6.5787916,7.3887916,6.9887915,6.7487917,6.8587914,7.4687915,6.9787917,7.2987914,6.8887916,6.0187917,5.5587916,5.0687914,3.6587915,3.3687916,3.3287916,2.5087914,2.9087915,3.5787916,3.0087914
-0.21120849,1.2187915,1.5787915,2.2787914,4.5987916,5.7287917,3.6187916,2.6687915,2.7487915,5.5687914,5.3187914,4.8387914,4.4687915,3.8087914,3.1887915,3.2887914,2.7787914,2.3887916,2.2687914,2.8087914,2.5087914,2.1987915,2.5087914,2.1887915,2.9187915,2.6787915,1.9287915,1.9787915,2.1887915,2.8387916,4.1287913,5.2887917,5.5587916,4.9287915,5.0287914,6.5787916,7.1187916,7.2887917,7.1387916,7.3687916,6.2287917,6.9987917,6.4487915,6.5187917,5.9487915,6.0787916,5.8987913,5.2687917,4.4587917,3.4887915,3.1787915,2.2487915,2.5687914,2.2687914,2.5787916,4.1287913,2.5087914,0.3587915
-0.1412085,3.6587915,5.7887917,6.5887914,3.4887915,2.9787915,5.9287915,5.8087916,5.7187915,5.9287915,5.4687915,4.7587914,4.4387913,3.9687915,3.4087915,2.5287914,2.3487916,2.0087914,2.4687915,2.5687914,2.4387915,2.3987916,2.7487915,2.6387916,2.8787916,3.3287916,2.8487916,2.1187916,2.5487914,2.7987914,3.2087915,3.4587915,4.3987913,6.3387914,6.4987917,6.9187913,7.1387916,7.3987913,6.7687917,6.7887917,6.5087914,5.9287915,5.7187915,5.5187917,5.1787915,4.8287916,4.0387917,3.3287916,2.3387916,2.1387916,2.6887915,2.0287914,0.8487915,1.9887915,2.7787914,1.4687915,-0.2712085,-3.1512084
1.6487916,5.1087914,5.8087916,7.3387914,7.0787916,6.9987917,6.3487916,5.8287916,5.3087916,5.2187915,5.4387913,4.5587916,4.0387917,3.4687915,3.2687914,2.9287915,2.4387915,2.5287914,2.1987915,2.1187916,2.0487914,1.7987915,1.8087915,2.0487914,2.3287916,2.6887915,2.4487915,2.3687916,1.6887915,1.7287915,4.2187915,5.9487915,7.4187913,7.0187917,7.0387917,6.2887917,6.8987913,6.6787915,6.8887916,6.2687917,5.0487914,3.8687916,4.4987917,4.5287914,4.3887916,3.8087914,2.9187915,2.1587915,1.3987916,3.7087915,4.0087914,3.3287916,2.5387914,1.9487915,0.4687915,-1.5512085,-4.1112084,-5.7412086
4.3487916,5.1387916,6.3887916,7.0887914,6.9787917,6.9887915,6.8187914,6.2587914,5.7187915,5.1487913,5.0087914,4.8787913,3.3887916,2.8887916,3.9487915,4.2087917,4.0687914,3.4587915,3.4187915,3.2887914,3.1387916,2.7987914,2.4887915,2.5787916,2.8387916,2.9087915,2.3787916,1.7187915,2.7387915,4.6387916,6.3687916,7.5587916,7.8487916,7.1487913,7.0887914,6.3187914,6.3887916,5.7887917,5.2687917,4.0187917,3.7387915,3.0187914,3.7487915,3.2087915,3.5387914,2.6887915,1.9087915,1.7387915,-0.2912085,4.2787914,3.3487916,2.0487914,0.7287915,-0.3712085,-2.6212084,-4.9912086,-6.6212087,-8.331208
5.5387917,7.0987916,7.0787916,6.3987913,7.8687916,7.8687916,7.0587916,6.6987915,6.2287917,6.8287916,6.3887916,5.2887917,3.6087916,3.0287914,2.6587915,3.9787915,4.6687913,3.5087914,3.5887916,3.7287915,3.6887915,3.3187914,3.0387914,3.2087915,2.9187915,2.1187916,2.1287916,4.6087914,6.2487917,7.4687915,7.1887913,6.1487913,6.1187916,5.8887916,5.7287917,4.8587914,5.3387914,4.5987916,3.7887914,3.6387916,1.7187915,3.2587914,2.0687914,2.1187916,1.8387915,0.6987915,-1.8912085,3.1187916,3.7187915,2.4587915,1.7187915,0.6987915,-1.2912085,-3.8112085,-5.4712086,-7.0212083,-8.251208,-9.671208
6.4787917,7.4187913,6.8487916,8.518791,9.038792,8.458792,7.6487913,7.0587916,7.4487915,6.8687916,6.3287916,6.2287917,4.5287914,3.2587914,2.6287916,1.9787915,2.5887916,2.5287914,2.4387915,2.8687916,3.5487914,3.1887915,2.6587915,2.9487915,3.9387915,4.4087915,6.0687914,7.5487914,6.8387914,6.3487916,5.8487916,5.3987913,4.6687913,4.5387917,4.3887916,4.9487915,3.7687914,3.4887915,3.1887915,1.7187915,1.8987916,1.8887916,0.7387915,0.7087915,1.1087915,1.3587915,3.4287915,2.6887915,1.6187915,0.7087915,-0.041208494,-1.5712085,-3.6512084,-5.6212087,-6.9412084,-7.7712083,-8.841208,-10.101209
7.8187914,8.888791,10.388791,10.538792,9.628792,8.568791,7.7987914,7.3087916,6.8887916,6.8787913,6.4287915,5.4287915,3.8287916,3.0687914,2.7287915,2.0187914,2.1387916,2.6687915,2.2787914,1.8287915,3.7887914,2.5587914,3.0987916,4.1787915,6.1487913,7.0987916,6.9687915,6.5587916,6.4987917,6.3787913,5.0387917,4.5087914,3.6787915,3.9787915,4.1587915,3.5587914,3.2587914,3.4487915,1.6187915,0.9587915,2.3687916,1.2187915,0.1887915,1.8587915,1.6087915,2.3687916,1.3587915,-0.0812085,-1.2912085,-1.4612085,-2.7012086,-3.6412084,-5.1012087,-6.4312086,-7.1312084,-8.011209,-9.151209,-10.481209
