json-data/2022072118.json
{"header": {"discipline":0,"disciplineName":"Meteorological products","gribEdition":2,"gribLength":79274,"center":7,"centerName":"US National Weather Service - NCEP(WMC)","subcenter":0,"refTime":"2022-07-21T18:00:00.000Z","significanceOfRT":1,"significanceOfRTName":"Start of forecast","productStatus":0,"productStatusName":"Operational products","productType":1,"productTypeName":"Forecast products","productDefinitionTemplate":0,"productDefinitionTemplateName":"Analysis/forecast at horizontal level/layer at a point in time","parameterCategory":2,"parameterCategoryName":"Momentum","parameterNumber":2,"parameterNumberName":"U-component_of_wind","parameterUnit":"m.s-1","genProcessType":2,"genProcessTypeName":"Forecast","forecastTime":0,"surface1Type":103,"surface1TypeName":"Specified height level above ground","surface1Value":10.0,"surface2Type":255,"surface2TypeName":"Missing","surface2Value":0.0,"gridDefinitionTemplate":0,"gridDefinitionTemplateName":"Latitude_Longitude","numberPoints":65160,"shape":6,"shapeName":"Earth spherical with radius of 6,371,229.0 m","gridUnits":"degrees","resolution":48,"winds":"true","scanMode":0,"nx":360,"ny":181,"basicAngle":0,"lo1":0.0,"la1":90.0,"lo2":359.0,"la2":-90.0,"dx":1.0,"dy":1.0}, "data":
[rows 100 to 124 of 181, columns 171 to 227 of 360]
-5.4117064,-6.4217067,-7.0617065,-6.8117065,-7.3117065,-7.7317066,-7.3417068,-7.4817066,-7.4517064,-6.821707,-6.6217065,-6.2117066,-7.4117064,-7.7417064,-7.4717064,-7.9517064,-9.271707,-9.011706,-8.671706,-8.001706,-7.4117064,-7.8117065,-7.8017063,-7.1917067,-7.1717067,-6.5817065,-6.6717067,-6.9717064,-7.1717067,-6.8717065,-6.5417066,-6.8417068,-6.3917065,-6.0217066,-6.2017064,-4.5017066,-5.3617067,-3.7217066,-3.4617066,-2.6317065,-3.5317066,-3.6617064,-3.5917065,-4.571707,-5.8617067,-5.571707,-5.9917064,-5.6417065,-5.7217064,-4.7217064,-6.6417065,-6.9917064,-6.7317066,-6.7117066,-6.6217065,-6.3617067,-6.1717067
-6.4617066,-7.5317063,-7.5417066,-7.7017064,-7.7117066,-7.8017063,-7.4417067,-8.121707,-6.9817066,-6.4317064,-7.2917066,-6.5117064,-7.1417065,-8.051706,-8.681706,-8.541706,-8.301706,-8.971706,-8.771707,-8.361707,-7.1017065,-8.171706,-7.5917068,-7.0617065,-7.0417066,-6.9217067,-6.6217065,-7.4917064,-8.061707,-7.1117067,-6.7317066,-6.0217066,-5.4917064,-5.5117064,-5.2717066,-5.3017063,-4.4317064,-4.0917068,-3.9617066,-4.0417066,-3.7417066,-1.9417065,-2.3517065,-4.0117064,-4.6317067,-5.2517066,-5.6017065,-4.5417066,-4.7017064,-4.8617067,-6.6617064,-6.4817066,-6.7717066,-6.4917064,-6.1817064,-6.0117064,-5.8717065
-8.371707,-8.331707,-8.571707,-8.821707,-7.6117067,-7.2417064,-8.661707,-8.181706,-7.0417066,-6.1417065,-6.8117065,-7.4817066,-7.8717065,-8.361707,-8.651707,-8.831707,-8.401707,-8.811707,-8.321707,-8.031707,-6.9817066,-7.9517064,-6.9917064,-7.0517063,-7.4117064,-7.2117066,-6.9017067,-7.3617067,-7.8817067,-7.071707,-6.571707,-6.0517063,-6.2117066,-4.7317066,-4.9417067,-5.1517067,-4.7517066,-4.821707,-4.8417068,-4.7117066,-4.9617066,-3.5917065,-3.9217064,-2.6417065,-2.8417065,-3.6417065,-3.9817066,-4.0117064,-4.4117064,-3.9817066,-5.4017067,-6.2917066,-6.4217067,-6.0417066,-5.7417064,-5.5517063,-6.0017066
-8.611707,-8.901707,-8.651707,-8.701707,-9.121707,-8.381706,-8.201707,-8.301706,-7.5617065,-7.1217065,-8.181706,-9.071707,-9.3517065,-9.201707,-8.311707,-7.8817067,-9.071707,-8.131706,-7.8417068,-7.9517064,-6.9317064,-7.3717065,-7.2017064,-7.1817064,-7.4517064,-7.4217067,-7.3717065,-7.3517065,-7.1917067,-6.1217065,-5.2717066,-5.0417066,-5.5617065,-5.071707,-5.0017066,-4.6817064,-4.4817066,-4.7917066,-4.0317063,-4.4317064,-3.6517065,-4.0117064,-3.6817064,-3.2317066,-2.7017066,-3.1817064,-2.7217066,-3.5817065,-3.6517065,-3.8617065,-3.5117066,-5.3617067,-5.7517066,-5.7517066,-5.5517063,-5.5017066,-5.9717064
-8.771707,-8.861707,-9.061707,-9.131706,-9.001706,-9.111707,-8.961706,-9.041706,-8.091706,-8.011706,-8.1017065,-9.431706,-9.451707,-9.541706,-8.721706,-8.721706,-7.571707,-6.8517065,-7.1117067,-6.6417065,-6.6817064,-7.9617066,-8.241707,-7.6417065,-8.251706,-8.201707,-7.9117064,-7.2517066,-6.8817067,-6.5117064,-5.8417068,-5.1317067,-5.5617065,-5.2117066,-5.1217065,-5.7917066,-4.4817066,-3.4217064,-3.5517066,-3.9717066,-3.4917066,-2.9317064,-2.9717066,-2.2917066,-2.3017066,-2.5117066,-2.5517066,-3.2317066,-3.5417066,-2.3517065,-2.5917065,-4.6117067,-4.7917066,-5.3117065,-5.3117065,-5.7117066,-5.7317066
-9.311707,-8.321707,-9.081707,-8.941707,-8.451707,-8.711706,-8.631706,-9.371707,-8.311707,-7.6917067,-7.9417067,-8.541706,-9.091706,-8.771707,-8.311707,-7.8117065,-6.8417068,-6.1917067,-5.6117067,-5.0917068,-6.2317066,-7.4717064,-8.451707,-8.8517065,-8.871707,-7.8717065,-7.8517065,-6.7817063,-6.5217066,-5.7617064,-6.4617066,-6.1017065,-6.0217066,-4.7617064,-5.2317066,-4.8417068,-5.1217065,-4.9517064,-4.321707,-3.5217066,-3.9317064,-2.1817064,-0.7717065,-1.5617065,-0.72170657,-0.5317066,-0.8317065,-1.1217065,-2.5417066,-2.2017066,-1.0917065,-2.8817065,-4.3017063,-4.2717066,-4.5617065,-4.1717067,-4.4917064
-8.261706,-8.181706,-8.421706,-8.621707,-8.651707,-8.341706,-8.241707,-7.6417065,-7.5517063,-8.261706,-8.301706,-8.341706,-8.1017065,-7.5617065,-8.021707,-7.9517064,-7.1417065,-6.8717065,-5.8717065,-4.8417068,-5.4117064,-7.2217064,-8.931706,-9.231707,-9.641706,-9.591706,-9.411707,-9.191707,-8.081707,-6.8717065,-6.8517065,-6.4317064,-6.8017063,-5.8717065,-6.4417067,-6.0217066,-5.8917065,-5.2617064,-4.7517066,-4.1517067,-4.0117064,-2.7117066,-1.9517065,-1.3217065,0.14829345,-0.13170654,1.1182934,0.68829346,0.26829347,-0.69170654,-0.29170653,-1.4517065,-3.6517065,-3.7417066,-3.2117066,-3.5317066,-3.8117065
-8.161707,-7.6217065,-7.7417064,-7.8017063,-7.9817066,-5.571707,-7.8417068,-8.951707,-8.091706,-7.5117064,-7.4117064,-7.7217064,-7.3617067,-7.8517065,-7.4817066,-7.7117066,-6.1917067,-5.6617064,-7.1617064,-5.7817063,-6.1717067,-6.8117065,-7.8617067,-8.961706,-9.661707,-9.471706,-9.951707,-9.791706,-9.931706,-9.391706,-7.6717067,-7.2817063,-7.2017064,-6.6317067,-6.7417064,-6.3017063,-6.5417066,-6.0217066,-5.0217066,-5.2717066,-4.4717064,-3.8417065,-3.1017065,-1.0617065,-1.7817066,-0.68170655,1.4082935,2.7882934,1.8482934,1.2082934,-0.31170654,-0.37170655,-1.9317065,-3.1117065,-2.4717066,-2.6317065,-3.7217066
-7.7617064,-7.5817065,-6.9917064,-8.461706,-8.251706,-9.631706,-7.2617064,-1.0217066,-8.461706,-7.6617064,-7.9517064,-8.031707,-7.3317065,-6.821707,-7.4517064,-6.6617064,-4.8817067,-6.7517066,-7.3417068,-6.8317065,-5.7717066,-5.8517065,-7.3817067,-8.871707,-9.391706,-9.701707,-9.411707,-9.661707,-9.631706,-10.001706,-10.161707,-9.461706,-9.171706,-8.611707,-8.991707,-8.221706,-8.091706,-7.5517063,-7.2917066,-6.6317067,-5.321707,-4.1617064,-4.1617064,-3.6617064,-2.1217065,-0.5317066,-0.91170657,1.8682934,3.1282935,3.1082935,1.3382934,1.0282935,-0.18170655,-1.8617065,-1.3317065,-1.1617066,-1.7317065
-7.6617064,-7.3617067,-7.7117066,-8.411707,-8.091706,-7.8417068,-9.261706,-9.081707,-7.3717065,-7.0117064,-7.1217065,-7.2017064,-6.4917064,-6.571707,-6.5217066,-5.5817065,-5.2017064,-6.3617067,-7.5917068,-6.6617064,-5.7017064,-6.0817065,-7.1317067,-7.8917065,-8.381706,-8.841706,-9.001706,-9.571707,-9.421706,-10.081707,-10.871707,-11.261706,-11.1017065,-11.121707,-10.671706,-10.811707,-10.451707,-10.241707,-9.111707,-8.431706,-7.7917066,-7.3517065,-4.7817063,-3.3017066,-3.2317066,-0.5917065,1.3282934,1.4382935,2.2082934,3.7382934,3.4482934,1.8482934,1.7182934,1.0782934,-0.20170654,-0.50170654,-1.1117065
-7.2017064,-7.3617067,-7.5417066,-7.4617066,-7.7217064,-7.8617067,-7.6317067,-7.3817067,-6.6317067,-6.0617065,-6.071707,-5.9717064,-5.4917064,-5.3617067,-4.7117066,-3.6917067,-4.6317067,-6.2617064,-6.9417067,-6.3517065,-6.8817067,-7.3017063,-7.7917066,-8.691707,-9.311707,-8.771707,-8.641706,-8.121707,-9.001706,-9.911707,-10.891706,-10.871707,-11.631706,-11.901707,-11.781707,-11.841706,-12.271707,-11.031707,-10.791706,-9.321707,-8.781707,-8.431706,-6.1117067,-5.6417065,-4.5917068,-2.7517066,-1.7717066,1.2082934,2.9182935,2.1982934,3.4882934,4.3882933,2.5882936,1.5682935,0.69829345,1.1782935,0.07829346
-7.2417064,-7.1717067,-6.2317066,-7.2917066,-7.8817067,-8.031707,-6.8417068,-6.3517065,-6.0217066,-5.1217065,-4.9817066,-5.0617065,-4.2617064,-4.4917064,-3.8417065,-3.6417065,-4.1617064,-6.4317064,-5.5017066,-5.6017065,-6.4417067,-8.221706,-9.471706,-9.781707,-9.021707,-8.801706,-9.021707,-8.6017065,-9.821707,-10.381706,-10.711706,-11.251706,-10.771707,-11.531707,-11.171706,-11.311707,-11.201707,-11.181706,-10.611707,-10.161707,-9.871707,-9.151707,-6.8817067,-6.7617064,-6.5517063,-6.2117066,-4.0817065,-4.3317065,-0.26170653,-3.4917066,-0.31170654,5.4982934,5.7382936,3.5582933,2.1582935,2.6882935,0.61829346
-7.6817064,-6.9317064,-5.6817064,-5.8317065,-7.0617065,-6.5317063,-5.8817067,-5.4317064,-4.9417067,-4.6417065,-3.9717066,-3.8917065,-2.9917066,-3.5317066,-2.9217064,-2.3917065,-1.4317065,-5.6017065,-6.0817065,-6.0017066,-7.1817064,-8.471706,-8.821707,-8.321707,-8.1017065,-7.9617066,-8.011706,-7.9117064,-9.151707,-10.141706,-10.941707,-10.271707,-9.6017065,-10.201707,-10.8517065,-10.531707,-9.841706,-9.551706,-9.201707,-9.071707,-9.661707,-8.731707,-8.501706,-6.6217065,-6.2617064,-6.2117066,-5.9417067,-3.8517065,-2.4117064,-0.5317066,4.7082934,2.3082933,5.1982937,4.4082932,3.0582933,2.9382935,3.0182934
-8.641706,-7.9617066,-6.5217066,-5.3117065,-6.0117064,-5.8117065,-5.0217066,-4.6217065,-4.1217065,-3.3617065,-2.8317065,-2.2117066,-1.8417065,-2.3417065,-1.9517065,-0.91170657,-1.0417066,-4.5417066,-5.1517067,-6.3817067,-6.0917068,-7.3117065,-7.8517065,-5.8317065,-6.1417065,-8.221706,-7.8317065,-8.451707,-9.221706,-9.591706,-9.731707,-8.701707,-9.381706,-9.711706,-10.131706,-10.511706,-10.801706,-10.321707,-9.611707,-8.881706,-8.971706,-8.461706,-6.9917064,-7.1517067,-6.8517065,-5.7917066,-5.6717067,-5.7617064,-3.0417066,-3.0117066,-5.7417064,-0.46170655,2.1682935,3.4482934,4.1882935,4.1182933,3.3182936
-10.071707,-9.501706,-8.8517065,-8.521707,-7.3617067,-5.5817065,-3.8417065,-3.7417066,-3.1717064,-2.4917066,-2.2017066,-1.5417066,-1.1417066,-1.3017066,0.26829347,0.6682935,1.7282934,-2.2117066,-4.1317067,-4.7417064,-5.1017065,-4.6717067,-4.4817066,-4.7317066,-6.6817064,-7.3617067,-7.2617064,-9.021707,-9.051706,-9.481707,-8.611707,-9.281707,-10.381706,-10.421706,-10.361707,-10.641706,-10.211706,-10.271707,-9.611707,-9.051706,-8.491707,-8.041706,-8.201707,-8.3517065,-7.5917068,-7.3517065,-5.9817066,-5.0917068,-4.9417067,-4.2417064,-2.0817065,-5.3317065,1.2682935,3.6582935,3.7782934,2.8382936,2.1882935
-11.311707,-10.721706,-9.921706,-9.551706,-9.111707,-8.271707,-6.8617067,-5.8417068,-4.4417067,-0.6517065,0.14829345,0.64829344,1.0082935,1.6082934,1.6882935,3.3282936,3.3182936,0.18829346,-2.2117066,-2.9317064,-2.7017066,-3.0317066,-2.2917066,-3.7117066,-5.0117064,-6.0517063,-7.4717064,-7.6417065,-9.011706,-8.561707,-9.441707,-9.391706,-10.631706,-10.951707,-10.231707,-9.781707,-10.971706,-9.561707,-10.021707,-9.421706,-8.901707,-7.2717066,-7.9617066,-6.571707,-7.8517065,-8.371707,-7.6117067,-7.2317066,-5.7717066,-6.0517063,-6.1317067,-11.441707,-6.5617065,4.6282935,0.39829347,0.43829346,0.64829344
-10.741707,-10.151707,-9.3517065,-8.281707,-8.081707,-7.2017064,-6.4317064,-5.0317063,-4.2717066,-3.5217066,0.008293457,1.1382935,3.6582935,3.7082934,3.7482934,4.0582933,4.8482933,2.2682934,-0.8317065,-0.92170656,-0.17170654,-0.63170654,-0.72170657,-2.2917066,-3.4617066,-4.6917067,-6.6517067,-7.8717065,-8.691707,-8.921706,-8.941707,-9.401707,-10.491707,-9.901707,-9.711706,-9.961706,-11.471706,-9.371707,-8.651707,-8.311707,-7.8517065,-8.551706,-7.7217064,-7.1617064,-6.5617065,-7.6717067,-8.071707,-7.7817063,-6.2317066,-7.5917068,-6.1517067,-11.581707,-7.8417068,-4.7717066,-6.321707,-3.7017066,-3.7017066
-9.441707,-9.071707,-8.131706,-7.2217064,-6.321707,-5.6417065,-4.2117066,-3.8717065,-2.6317065,-1.7517066,-0.56170654,-0.7117065,1.8182935,3.1782935,6.3482933,6.4082932,5.9182935,4.7982936,1.7482934,0.31829345,0.25829345,0.14829345,0.03829346,-1.6017065,-1.7017065,-4.1717067,-6.3417068,-6.6517067,-7.2517066,-8.441707,-6.5817065,-9.091706,-9.521707,-9.201707,-9.291706,-10.071707,-9.611707,-9.3517065,-9.061707,-8.6017065,-7.6117067,-8.991707,-8.281707,-8.571707,-6.321707,-7.3417068,-8.271707,-7.2617064,-6.7317066,-7.4317064,-7.6317067,-10.091706,-9.201707,-6.8517065,-13.691707,-11.981707,-13.551706
-8.901707,-7.5017066,-6.7517066,-5.4817066,-4.9017067,-3.6617064,-2.5017066,-1.4417065,-0.54170656,0.36829346,1.2682935,1.9582934,2.5682936,3.0382934,3.4682934,8.158294,8.738294,7.6582932,4.4382935,1.9182935,0.6682935,0.68829346,0.33829346,-0.15170655,-1.6917065,-3.7317066,-5.2117066,-5.1817064,-5.8317065,-8.161707,-7.3117065,-8.3517065,-8.961706,-9.231707,-8.391706,-9.081707,-9.561707,-8.781707,-9.461706,-7.2617064,-7.071707,-7.0817065,-7.9217067,-6.7017064,-7.5617065,-6.8617067,-7.2517066,-6.5817065,-7.1217065,-6.4117064,-7.8717065,-9.381706,-8.8517065,-10.081707,-12.051706,-10.731707,-12.451707
-7.4617066,-6.7417064,-5.9617066,-4.6517067,-3.7717066,-1.9417065,-1.0017066,0.7282935,2.5282934,2.8382936,3.9282935,4.7982936,5.4582934,5.2482934,5.3882933,5.7882934,4.9882936,9.818294,8.6482935,4.4082932,1.0582935,1.7482934,1.4682934,-0.16170654,-2.0117066,-2.6417065,-3.2017066,-5.4117064,-5.5017066,-6.9617066,-5.7617064,-6.2417064,-7.7517066,-7.9317064,-7.9417067,-8.651707,-8.131706,-8.811707,-6.5417066,-6.821707,-6.9317064,-6.4417067,-6.2117066,-6.3117065,-5.3817067,-5.8717065,-6.7617064,-6.571707,-6.8917065,-6.4717064,-7.8617067,-8.8517065,-7.321707,-7.7417064,-10.741707,-11.331707,-10.091706
-5.4817066,-5.4017067,-4.0217066,-3.1817064,-1.7917066,-1.0517066,-0.17170654,0.95829344,2.1782935,4.5182934,5.9082932,6.6282935,7.3782935,7.9682937,7.9982934,8.278294,8.008293,6.8482933,10.588293,9.6482935,3.1882935,2.4182935,2.1482935,0.11829346,0.33829346,-2.3517065,-2.6517065,-4.3317065,-4.6617064,-4.8817067,-5.6817064,-6.2917066,-6.9817066,-7.7317066,-7.8917065,-7.0017066,-7.2017064,-7.8817067,-6.4917064,-5.8017063,-5.3517065,-4.9817066,-5.4917064,-5.0017066,-5.5917068,-5.4417067,-5.2817063,-5.1317067,-5.1117067,-6.9717064,-6.9517064,-7.0017066,-7.7417064,-7.3517065,-7.8017063,-8.151707,-9.231707
-4.071707,-3.6517065,-2.7817066,-1.1117065,-0.36170655,0.27829346,1.1582935,2.5282934,3.5782936,5.1182933,5.6382933,7.2482934,8.738294,10.138293,9.808293,10.208294,10.168293,9.118294,9.128293,8.298293,5.8882933,3.5382934,3.1082935,2.2082934,-0.47170654,-2.0917065,-2.7917066,-2.8117065,-3.7517066,-4.1117067,-4.4017067,-4.4517064,-5.3817067,-6.6917067,-6.9717064,-6.6317067,-6.7317066,-5.821707,-5.6317067,-6.2517066,-5.8917065,-5.321707,-3.8617065,-3.4617066,-3.4017065,-4.2217064,-4.4117064,-2.0517066,-4.6717067,-5.321707,-6.1217065,-6.4017067,-6.1117067,-6.1917067,-7.3517065,-7.821707,-6.7417064
-2.6917067,-1.5317066,-1.1617066,0.30829346,1.8482934,1.9882934,2.8182936,3.6082935,4.8882933,6.1682935,7.3482933,8.198294,9.118294,10.458294,11.268293,11.728293,11.128293,10.978293,10.118294,9.938293,11.098293,3.8982935,2.6782935,2.2182934,0.49829346,-1.8517065,-2.1617064,-2.2417066,-3.1017065,-3.4917066,-3.7517066,-4.1317067,-5.2117066,-4.9217067,-4.6317067,-7.3317065,-5.4017067,-4.9917064,-4.2917066,-4.5117064,-5.7417064,-4.8417068,-4.0817065,-3.1917067,-2.3617065,-1.2717066,-1.8117065,-3.4817066,-4.2317066,-4.7917066,-5.0017066,-4.1617064,-6.1317067,-5.9517064,-4.8517065,-5.3117065,-5.8717065
-0.85170656,-1.0017066,0.49829346,1.9282935,2.4382935,2.5782936,2.9582934,3.9482934,4.8982935,3.8082933,5.5982933,7.8282933,10.078294,11.848293,12.358294,12.618294,12.228293,12.828294,11.468293,11.668293,8.428293,7.3982935,4.5182934,1.0582935,0.20829345,2.5382934,-1.6617066,-1.3617065,-3.1717064,-2.2217066,-2.7017066,-3.4317064,-4.1017065,-3.7917066,-5.8117065,-6.4817066,-4.1817064,-4.8417068,-4.0817065,-3.7817066,-4.9617066,-3.8817065,-3.3817065,-2.4717066,-1.6417066,-0.21170655,-0.33170655,-1.0417066,-1.0817065,-2.1117065,-2.9817066,-1.8917066,-2.7617066,-5.3817067,-2.2117066,-4.6017065,-4.6717067
-0.16170654,0.5482935,1.3382934,0.7182934,0.63829345,0.99829346,-1.1717066,-0.45170653,0.20829345,3.5382934,6.4882936,8.878293,10.748294,11.598293,13.758293,13.598293,12.8982935,13.108294,12.638293,11.538294,11.278294,10.848293,2.4482934,1.6882935,1.1582935,-0.47170654,-0.7717065,-1.6617066,-2.1117065,-1.6517066,-3.2617066,-2.1817064,-2.5817065,-3.4817066,-4.4117064,-5.6717067,-4.1717067,-4.0417066,-3.6317065,-3.7917066,-3.7217066,-2.1717064,0.13829346,-0.041706543,-0.0017065429,0.6582935,1.6982934,2.6682935,0.8582935,0.37829345,-1.4217066,-0.5817065,-0.021706544,-0.99170655,-1.7517066,-3.1517065,-4.9217067
