json-data/2022072406.json
{"header": {"discipline":0,"disciplineName":"Meteorological products","gribEdition":2,"gribLength":78747,"center":7,"centerName":"US National Weather Service - NCEP(WMC)","subcenter":0,"refTime":"2022-07-24T06:00:00.000Z","significanceOfRT":1,"significanceOfRTName":"Start of forecast","productStatus":0,"productStatusName":"Operational products","productType":1,"productTypeName":"Forecast products","productDefinitionTemplate":0,"productDefinitionTemplateName":"Analysis/forecast at horizontal level/layer at a point in time","parameterCategory":2,"parameterCategoryName":"Momentum","parameterNumber":2,"parameterNumberName":"U-component_of_wind","parameterUnit":"m.s-1","genProcessType":2,"genProcessTypeName":"Forecast","forecastTime":0,"surface1Type":103,"surface1TypeName":"Specified height level above ground","surface1Value":10.0,"surface2Type":255,"surface2TypeName":"Missing","surface2Value":0.0,"gridDefinitionTemplate":0,"gridDefinitionTemplateName":"Latitude_Longitude","numberPoints":65160,"shape":6,"shapeName":"Earth spherical with radius of 6,371,229.0 m","gridUnits":"degrees","resolution":48,"winds":"true","scanMode":0,"nx":360,"ny":181,"basicAngle":0,"lo1":0.0,"la1":90.0,"lo2":359.0,"la2":-90.0,"dx":1.0,"dy":1.0}, "data":
[rows 104 to 129 of 181, columns 114 to 170 of 360]
-5.690137,-4.420137,-5.0101366,-5.210137,-3.8801367,-3.1201367,-2.9901366,-2.9001367,-2.7001367,-1.9801368,-0.99013674,0.9198633,3.0498633,-3.6201367,-3.9501367,0.29986328,-2.1901367,-1.6501367,0.45986328,-2.1601367,-2.1501367,-1.1901367,-1.7801367,-2.7701368,-2.6901367,-4.0701365,-1.8401368,3.5498633,-2.8801367,-4.170137,-11.3801365,-8.340137,-7.1401367,-6.1601367,-5.650137,-5.3701367,-5.0901365,-4.690137,-4.2801366,-3.3401368,-2.9701366,-3.2501366,-3.5401368,-3.0701368,-2.3001368,-2.2701368,-2.1301367,-2.1601367,-2.9601367,-2.3801367,-3.6201367,-5.4101367,-4.3701367,-3.8701367,-3.5501368,-5.420137,-6.0301366
-4.420137,-2.7801368,-2.3301368,-2.4101367,-2.9701366,-1.9901367,-1.4701368,-1.6001368,-1.8001367,-1.1101367,1.7398633,6.019863,-3.0801368,-4.310137,-3.9801366,-2.4501367,-2.6001368,-2.8001368,-2.2701368,-2.7801368,-2.7401366,-4.4701366,-3.7701368,-2.4001367,-2.1601367,-2.9501367,-2.2501366,2.5598633,-2.6001368,-2.9201367,-4.5501366,-3.9401367,-6.4901366,-6.230137,-5.8401365,-5.3001366,-5.170137,-4.540137,-4.0101366,-3.5901368,-2.9101367,-2.4001367,-2.0001366,-1.9301367,-1.2401367,-0.9701367,-1.1101367,-1.2201368,-0.8201367,-1.3601367,-1.8801367,-3.1801367,-0.99013674,-3.9301367,-4.7601366,-4.7201366,-6.5701365
-3.8401368,-3.6301367,-1.4701368,-1.5601367,-0.5101367,-0.68013674,-0.68013674,-0.7201367,-0.8801367,-0.6001367,3.6398633,-0.15013672,-3.1101367,-3.0401368,-3.6601367,-2.2301366,-2.7401366,-2.2001367,-1.6501367,-1.6201367,-2.4901366,-2.2001367,-2.5201368,-3.5701368,-3.4901366,-2.3701367,-1.9301367,4.019863,-1.9001367,-0.9201367,-0.14013672,-4.4901366,-4.650137,-5.7201366,-5.9701366,-5.480137,-5.310137,-4.830137,-3.4101367,-2.5201368,-1.8901367,-1.4901367,-1.2201368,-0.69013673,-0.120136715,0.049863283,0.56986326,0.13986328,0.049863283,0.38986328,-0.14013672,-1.2601367,-0.55013674,-1.5601367,-4.980137,-5.1201367,-6.270137
-3.6901367,-3.3801367,-1.8001367,-0.10013672,0.88986325,1.1198633,0.80986327,-0.6501367,2.8398633,-3.6201367,1.9898633,0.49986327,-0.38013673,-1.9301367,-2.9501367,-2.2001367,-3.0701368,-1.8401368,-2.4401367,-1.9201367,-1.9701368,-2.1601367,-1.4401367,-1.1101367,-2.0001366,-4.1101365,-1.3701367,4.2198634,-1.1901367,-1.3201367,-2.0301368,-3.6301367,-2.0501368,-3.9001367,-5.690137,-5.210137,-5.1201367,-4.900137,-3.7201366,-2.6701367,-2.1101367,-0.93013674,-0.69013673,0.15986328,1.0598633,1.4298633,1.1098633,1.7798632,1.3598633,1.2398633,1.1898633,1.3898633,-1.0801368,-1.6401367,-4.9901366,-4.1801367,-5.210137
-3.8001368,-2.4201367,-1.3701367,0.029863281,1.2498633,2.3798633,2.0898633,0.5398633,3.5198634,1.2998633,-0.23013672,0.87986326,0.33986327,1.4898633,-1.8901367,-2.0101366,-2.7801368,-1.8401368,-2.1301367,-2.0801368,-2.0601368,-1.9401367,-1.4101367,-1.0701367,-1.8401368,-1.4701368,-1.2901367,1.5498633,-1.2701367,-1.7301368,-1.7401367,-3.5401368,-1.3801367,-5.3901367,-5.500137,-4.8601365,-5.6801367,-5.060137,-4.6301365,-3.5401368,-2.8901367,-1.0201367,-1.0101367,0.63986325,1.0198632,2.2298632,2.3698633,2.4598632,2.4798632,2.3398633,2.7998633,1.7598633,-0.16013671,-2.1201367,0.009863282,-3.5501368,-3.4001367
-4.0101366,-2.8401368,-1.6001368,-0.5201367,-0.61013675,0.12986328,1.0898633,0.6698633,0.029863281,1.5498633,1.5698633,1.5398632,1.4598633,1.3098633,-0.50013673,-0.47013673,-2.1701367,-2.3901367,-1.6701367,-1.3401368,-2.3301368,-1.4001367,-0.7601367,-1.5401367,-1.0101367,-1.0701367,-0.41013673,-0.36013672,-1.3601367,-0.7701367,-2.9901366,-4.4101367,-2.5801368,-5.4901366,-5.0101366,-5.3801365,-4.9701366,-4.790137,-4.730137,-3.7401366,-3.6001368,-1.5701367,-1.1301367,-0.6401367,0.049863283,1.8998632,3.3498633,3.7298632,3.5598633,3.1698632,3.6498632,3.6998632,3.7798634,1.5598633,-0.35013673,1.4498633,-2.8801367
-4.1301365,-2.5101366,-0.9001367,-1.3301368,2.0698633,1.2798632,0.41986328,0.35986328,0.99986327,1.4198632,2.3398633,2.1498632,2.0898633,1.3198633,1.6298633,1.4798633,-1.2301368,-1.5101367,-1.4001367,-0.5301367,-1.0501367,-1.0101367,-1.1501367,-0.24013671,0.42986327,-1.3901367,-1.0801368,0.009863282,0.8698633,2.1998632,-1.6301367,-3.0901368,-3.2801368,-2.6201367,-3.6901367,-4.1301365,-3.8201368,-3.7801368,-4.0501366,-4.0301366,-3.3501368,-2.1001368,-0.6401367,-0.010136719,0.69986326,1.7498633,2.7398634,3.4398632,4.6398635,3.8698633,3.5098634,7.1598635,4.829863,3.3998632,0.8598633,0.5498633,-2.4101367
-3.3701367,-1.0601367,1.5998633,-2.5301368,-2.2801368,-2.3701367,-1.4701368,-0.02013672,0.10986328,1.0998633,2.5298634,3.7398634,3.0798633,3.5598633,2.8398633,2.7398634,1.5698633,0.3198633,-0.05013672,-0.19013672,0.9098633,-0.50013673,-0.03013672,-0.4001367,0.9798633,0.7298633,-1.0501367,-0.5801367,-1.3101367,-2.7601366,-4.040137,-4.3601365,-3.6501367,-0.5201367,0.94986326,-2.9901366,-2.5801368,-3.0301368,-3.6101367,-3.7201366,-3.0801368,-1.6301367,-0.4601367,1.1598632,1.4698633,-0.5201367,0.8398633,3.2098632,4.8898635,4.6998634,2.7698634,1.3898633,2.7398634,2.3298633,2.4698632,0.14986329,-3.2601366
-3.6701367,-2.5001366,-2.0401368,-2.4401367,-2.5601368,-3.1301367,-1.0001367,-0.040136717,1.1198633,1.4698633,3.1998632,3.7398634,5.309863,4.5498633,4.8598633,3.9398632,3.2598634,2.9998634,1.9498633,0.8298633,0.7098633,1.0898633,0.32986328,-0.18013673,-0.02013672,0.44986328,-1.0901368,-2.3501368,-3.6901367,-4.770137,-5.330137,-4.560137,-4.2401366,-3.7901368,-3.4901366,-2.6001368,-2.2201366,-3.3401368,-3.0101366,-3.1501367,-1.9801368,-2.4101367,-0.7101367,0.33986327,2.0398633,1.2298633,-1.2401367,0.019863281,-0.6601367,3.6298633,3.1998632,4.3998632,4.499863,-0.18013673,4.1198635,1.8798633,-1.6801367
-2.9901366,-3.0201368,-3.9501367,-3.3701367,-1.9301367,-0.94013673,0.049863283,0.4798633,1.5598633,2.9398632,3.9198632,4.8698635,5.6598635,6.7998633,7.0898633,6.2198634,5.979863,5.8798633,4.0098634,2.7198632,2.4998634,1.8398633,0.9698633,0.29986328,-0.86013675,-1.4401367,-2.1301367,-2.9901366,-3.3401368,-3.8401368,-4.3001366,-3.8201368,-4.0701365,-4.170137,-3.9501367,-2.9101367,-2.6601367,-3.5601368,-2.7801368,-3.2001367,-1.8601367,-1.9401367,-1.8501368,-1.2101368,1.2398633,-1.2001367,-0.62013674,-0.7201367,0.019863281,0.7898633,1.6698632,4.6198635,5.5098634,4.9698634,3.2398634,3.9398632,0.7798633
-4.520137,-4.770137,-3.3501368,-2.4001367,-2.7001367,-1.5601367,-0.4001367,0.9298633,2.4398632,3.0598633,4.8398633,5.7398634,6.2198634,6.919863,8.039864,8.209864,7.1198635,7.0298634,5.959863,4.7198634,4.1298633,1.8798633,0.7698633,0.18986328,-0.68013674,-0.6601367,-1.4801368,-1.9501367,-2.8301368,-3.0901368,-2.5701368,-2.7101367,-3.6101367,-3.9001367,-3.0801368,-3.6601367,-1.5001367,-1.7001367,-4.2401366,-3.1501367,-3.2401366,-2.6101367,-1.5801368,-1.7001367,-2.1401367,-0.69013673,0.8698633,2.7298632,2.7898633,2.2698634,3.2498634,3.9298632,4.3698635,5.5698633,4.1098633,5.1098633,3.4698632
-4.830137,-5.150137,-4.1301365,-3.1901367,-1.8601367,-0.7301367,0.62986326,2.0898633,2.6098633,3.6498632,4.6998634,5.9498634,7.5098634,6.559863,8.299863,10.419864,9.309863,8.629864,8.669864,6.6298633,2.8398633,0.9898633,0.5798633,0.5298633,0.14986329,-0.07013672,-1.1001368,-0.9701367,-1.4501367,-1.3201367,-1.2701367,-1.2301368,-0.38013673,0.13986328,-1.2801367,-1.5801368,-0.80013674,-0.6601367,-0.93013674,-2.5101366,-3.3301368,-2.3501368,-0.9501367,-0.5401367,-0.040136717,0.05986328,0.8698633,2.2998633,3.9198632,4.4298635,4.539863,6.579863,5.829863,5.8598633,5.2398634,3.9998634,5.559863
-4.290137,-5.000137,-4.330137,-2.8601367,-1.6601367,0.22986329,1.2898632,2.8498633,4.1598635,5.079863,5.209863,5.959863,7.059863,8.759863,7.4898634,7.599863,12.6198635,10.279863,9.179863,8.049863,3.9298632,1.1398633,0.9098633,0.75986326,0.80986327,0.68986326,0.2898633,0.03986328,-0.5401367,-0.86013675,-0.6501367,-0.68013674,-1.3201367,-1.4401367,-2.2701368,-2.3801367,-0.33013672,-1.0101367,-0.06013672,-1.6501367,-1.8901367,-1.6901367,-0.5901367,-0.45013672,1.0998633,2.6298633,3.2198632,4.3998632,5.169863,5.8598633,4.9298635,6.4698634,7.959863,7.1298633,5.5298634,4.5298634,4.5898633
-3.0001366,-4.3001366,-3.3801367,-2.5901368,-0.94013673,0.18986328,1.2898632,2.3798633,3.1598632,4.059863,5.6798635,6.6498632,6.8698635,9.229863,9.669864,9.609863,7.8698635,13.259863,9.569863,9.029863,6.7998633,1.5298632,0.6598633,0.33986327,0.6098633,0.48986328,0.019863281,-0.23013672,-0.20013672,-1.5901368,-1.8001367,-2.0101366,-1.5301367,-2.2201366,-1.9001367,-1.1301367,-0.9701367,-0.6601367,-2.4601367,-2.5301368,-1.7001367,-0.3701367,-0.11013672,0.48986328,1.7598633,3.3398633,4.3398633,5.479863,5.4498634,6.4698634,6.829863,7.3698635,7.8198633,7.5698633,8.479863,6.019863,4.1398635
-3.6201367,-2.2901368,-2.2801368,-1.5401367,-0.08013672,0.17986327,1.8398633,2.6498632,3.8098633,5.2198634,5.7798634,7.6498632,7.4898634,8.039864,10.389863,10.899863,10.649863,11.229863,12.149863,9.219863,6.7198634,2.5698633,0.15986328,-0.16013671,0.2898633,0.2598633,0.049863283,-0.16013671,-0.4001367,-0.6401367,-1.7001367,-2.4801366,-2.2501366,-1.9701368,-0.9001367,-0.47013673,-0.5801367,1.3198633,-0.4601367,-0.18013673,-0.4901367,-0.07013672,1.5898633,1.6398633,2.0398633,2.3098633,2.0598633,3.0898633,4.6498632,4.829863,7.0698633,7.979863,9.159863,9.079864,7.6998634,6.7598634,5.1098633
-1.2601367,-1.3671875E-4,-0.4901367,0.049863283,0.7898633,1.7798632,2.8498633,2.9698632,4.4698634,6.0298634,6.019863,6.459863,6.8798633,8.8698635,10.1198635,13.219863,11.819863,5.7598634,11.609863,12.279863,8.029863,2.4198632,-0.10013672,-0.5801367,0.009863282,-0.6601367,-0.26013672,-0.68013674,-1.1501367,-1.0401367,-1.8301368,-2.6501367,-1.4301367,-1.6401367,-0.4301367,0.21986328,0.5498633,1.9598633,0.3498633,-2.3701367,-0.32013673,0.4698633,1.0198632,0.80986327,0.27986327,-0.6001367,-0.9601367,1.7998633,3.5998633,5.8798633,8.889863,11.099863,11.109863,10.1198635,7.1498632,5.999863,3.9598632
-0.05013672,0.7898633,0.26986328,1.2098633,2.9598632,3.5498633,3.9898634,4.4498634,4.8598633,5.6998634,6.1198635,5.7598634,6.4498634,7.4498634,8.559863,9.839863,13.559863,7.6298633,6.689863,12.419864,10.029863,1.5998633,-1.1501367,-0.8801367,-0.9601367,-1.5301367,-0.36013672,-0.80013674,-1.5201367,-0.8801367,-2.1801367,-2.7301366,-1.8601367,-1.3801367,-1.0701367,-0.4601367,2.1198633,1.1898633,-1.6701367,-1.6901367,-1.3671875E-4,0.7798633,0.10986328,0.29986328,-1.6201367,-1.7501367,-1.5201367,0.74986327,2.1898632,4.8198633,8.269863,9.149863,9.979863,9.769863,6.3798633,4.3998632,2.8398633
2.4698632,2.2098632,0.09986328,2.2498634,3.1798632,4.249863,4.4698634,4.439863,5.419863,5.5098634,5.3898635,5.9498634,7.9898634,7.079863,10.229863,10.509863,12.699863,9.319863,5.419863,6.8598633,10.099863,2.4998634,-0.62013674,-1.2001367,-0.7601367,-0.6601367,-1.3701367,-0.68013674,-0.7301367,-1.2301368,-2.1301367,-1.8001367,-0.8501367,-1.5501367,-1.4201367,2.5698633,-1.1401367,1.2198633,-0.8201367,-0.3701367,1.0298632,0.7398633,-0.5201367,-0.29013672,-1.8001367,-1.9401367,-0.8201367,-0.5701367,0.7798633,2.9498632,6.769863,8.209864,7.5498633,6.919863,4.4298635,2.7398634,1.1898633
3.9298632,3.1698632,1.7198633,1.5798633,3.2598634,4.2598634,4.019863,4.9698634,5.3698635,3.9798632,5.249863,7.3698635,7.9498634,7.019863,10.809863,13.489863,9.899863,10.1198635,7.3698635,3.9598632,6.0698633,4.4898634,0.87986326,-0.9801367,-0.5301367,-2.4601367,-0.7001367,-0.3701367,-0.16013671,-2.0201368,-1.3501368,-1.2401367,-2.5601368,-2.2501366,-1.8401368,-2.3001368,-2.0501368,1.0198632,-0.6301367,0.21986328,-0.35013673,-0.4901367,-1.1801367,-2.5901368,-2.2901368,-2.2001367,-1.6901367,-2.0101366,-0.5301367,1.1198633,3.3898633,4.8198633,2.5798633,2.8998632,1.1798633,0.5898633,-0.9001367
5.539863,4.809863,1.9898633,1.7998633,3.9898634,4.349863,4.2998633,4.459863,4.4698634,6.039863,5.8198633,8.589863,7.419863,8.419864,11.429863,12.439863,11.099863,9.6198635,9.319863,6.8998632,4.1998634,6.519863,2.3798633,0.5898633,0.29986328,-0.5901367,-0.5301367,-0.19013672,-1.0501367,-1.3601367,-1.1001368,-2.1401367,-2.5401368,-2.1001368,-0.25013673,0.41986328,-1.2201368,-1.3501368,-1.5301367,-0.7701367,-1.4301367,-2.0501368,-2.0701368,-1.9301367,-2.9001367,-3.3401368,-3.8101368,-2.2301366,-1.2201368,-2.3501368,-2.9901366,-1.7601367,-1.0801368,-3.2301366,-4.0101366,-1.8301368,-5.170137
6.809863,3.4298632,1.7698632,3.3698633,3.5698633,4.5698633,7.4898634,7.1498632,7.9498634,8.069863,8.639863,9.159863,8.599863,7.8798633,8.039864,9.8698635,7.8798633,9.539864,7.729863,4.1398635,4.329863,3.8298633,2.1898632,-1.9601368,1.1598632,-2.7501366,-2.1401367,-1.9001367,-1.0201367,-1.2401367,-2.0901368,-3.8301368,-2.2501366,-1.3901367,-0.4001367,0.8598633,-1.6701367,-1.8201367,-1.7201368,-1.1701367,-2.2001367,-0.94013673,-0.50013673,-1.7201368,-3.7301366,-4.4701366,-4.900137,-4.710137,-3.2301366,-5.2601366,-5.0701365,-6.5501366,-1.1801367,-8.160137,-9.040136,-10.910137,-12.950137
6.6098633,6.1598635,6.1998634,5.2398634,4.8898635,7.3398633,6.9698634,6.9098635,8.139863,9.3698635,8.849863,9.809863,8.479863,8.469863,7.8198633,8.799863,8.499864,8.529863,5.039863,4.7598634,2.3598633,1.6798633,-2.6701367,-4.3901367,-2.2301366,-2.4801366,-2.7301366,-0.6001367,-1.1601367,-1.2801367,-4.650137,-2.9701366,-2.2901368,-0.9201367,0.74986327,0.6698633,0.29986328,-3.1901367,-1.4501367,-4.040137,-2.6601367,-1.0601367,-1.3601367,-3.7001367,-5.020137,-5.460137,-6.1001368,-6.310137,-7.400137,-7.8501368,-7.3601365,-9.990137,-10.010137,-9.110137,-13.990137,-17.900137,-16.240137
6.8198633,5.809863,7.0698633,7.5698633,7.789863,7.8598633,7.5698633,8.569863,8.189863,10.069863,9.209864,10.089863,9.609863,9.589863,7.169863,8.859863,8.479863,5.8698635,4.419863,1.2698632,-3.0301368,-1.8101367,-3.4201367,-1.6901367,-3.4301367,-5.1101365,-3.1801367,-0.47013673,-1.7101368,-3.1201367,-2.4201367,-2.6701367,-2.1801367,0.5798633,0.21986328,-1.1701367,-1.6701367,-0.9601367,-3.5801368,-4.4301367,-2.5701368,-3.1701367,-3.3801367,-4.080137,-6.4101367,-6.5501366,-7.1301365,-7.520137,-8.660137,-9.390137,-10.410137,-10.590137,-13.420136,-16.770136,-17.080137,-16.870136,-17.570137
6.2998633,6.6998634,7.0698633,7.1098633,6.499863,6.7198634,6.8598633,7.059863,8.239863,8.459864,9.089863,9.769863,9.339863,9.739863,6.039863,7.9498634,8.679863,2.3998632,3.1598632,-2.8501368,-3.5501368,-1.7301368,-2.6401367,-4.080137,-2.3501368,-4.7001367,-2.1401367,-1.9601368,-2.2201366,-3.0801368,-2.7701368,-1.8901367,-0.33013672,0.62986326,0.2898633,-0.5901367,-2.4001367,-4.2801366,-5.400137,-4.250137,-3.7301366,-4.0701365,-4.020137,-6.1801367,-6.9501367,-7.9301367,-7.8901367,-7.9901366,-8.730137,-10.110137,-10.530137,-12.060137,-13.280137,-14.990137,-16.890137,-18.290136,-18.410137
6.5298634,7.8398633,7.8698635,6.6498632,6.749863,6.959863,6.8998632,7.479863,8.249864,7.6998634,8.219863,9.569863,9.759863,9.599863,4.2198634,3.3398633,6.979863,-0.9101367,-4.6601367,-4.960137,-2.8501368,-3.1301367,-5.2201366,-4.3001366,-3.5901368,-2.8201368,-4.040137,-1.2801367,-2.1701367,-1.8701367,1.0398632,0.9898633,-0.81013674,-0.9501367,-3.5701368,-3.4901366,-2.5301368,-3.7901368,-5.8701367,-4.4101367,-4.5701365,-4.4301367,-5.3601365,-6.8001366,-7.670137,-7.3401365,-7.6401367,-8.160137,-8.390137,-8.990137,-10.070137,-11.510137,-13.590137,-14.330136,-14.550137,-14.8801365,-14.970137
7.2398634,7.3998632,6.959863,6.789863,5.9698634,6.749863,7.3598633,8.219863,7.329863,6.8698635,8.449863,7.9698634,8.819863,8.079864,3.8298633,2.8498633,6.8198633,0.7898633,-1.9701368,-3.9201367,-4.210137,-2.7701368,-2.5601368,-2.6001368,-4.250137,-3.9901366,-3.7301366,-5.3701367,-4.3901367,-6.4701366,-4.920137,-1.9101367,-3.4801366,-2.6901367,-0.10013672,-1.0501367,-0.9501367,-5.190137,-5.8201365,-4.940137,-5.4701366,-6.900137,-8.100137,-7.810137,-7.420137,-6.9701366,-6.1101365,-8.010137,-8.470137,-9.070137,-10.120136,-10.990137,-11.260137,-12.780137,-13.560137,-14.160137,-14.240137
