json-data/2022072506.json
{"header": {"discipline":0,"disciplineName":"Meteorological products","gribEdition":2,"gribLength":79327,"center":7,"centerName":"US National Weather Service - NCEP(WMC)","subcenter":0,"refTime":"2022-07-25T06:00:00.000Z","significanceOfRT":1,"significanceOfRTName":"Start of forecast","productStatus":0,"productStatusName":"Operational products","productType":1,"productTypeName":"Forecast products","productDefinitionTemplate":0,"productDefinitionTemplateName":"Analysis/forecast at horizontal level/layer at a point in time","parameterCategory":2,"parameterCategoryName":"Momentum","parameterNumber":3,"parameterNumberName":"V-component_of_wind","parameterUnit":"m.s-1","genProcessType":2,"genProcessTypeName":"Forecast","forecastTime":0,"surface1Type":103,"surface1TypeName":"Specified height level above ground","surface1Value":10.0,"surface2Type":255,"surface2TypeName":"Missing","surface2Value":0.0,"gridDefinitionTemplate":0,"gridDefinitionTemplateName":"Latitude_Longitude","numberPoints":65160,"shape":6,"shapeName":"Earth spherical with radius of 6,371,229.0 m","gridUnits":"degrees","resolution":48,"winds":"true","scanMode":0,"nx":360,"ny":181,"basicAngle":0,"lo1":0.0,"la1":90.0,"lo2":359.0,"la2":-90.0,"dx":1.0,"dy":1.0}, "data":
[rows 135 to 161 of 181, columns 300 to 359 of 360]
0.65560305,0.955603,2.135603,3.865603,4.925603,4.835603,5.955603,3.675603,3.225603,4.205603,4.415603,3.425603,4.735603,5.155603,5.175603,4.655603,5.005603,5.345603,4.605603,5.055603,4.755603,4.625603,4.215603,4.235603,4.545603,5.405603,5.865603,6.185603,4.865603,3.865603,2.9456031,2.005603,1.295603,0.555603,0.35560304,1.095603,0.84560305,1.835603,3.275603,3.165603,4.375603,6.045603,6.415603,5.575603,4.545603,4.0656033,4.045603,4.125603,4.055603,3.675603,3.305603,2.545603,1.965603,1.0156031,0.945603,1.3756031,-2.634397,-4.594397,-5.224397,-5.264397
0.77560306,0.97560304,1.865603,3.865603,4.405603,4.245603,2.985603,1.075603,1.545603,3.015603,2.6856031,3.235603,4.0656033,3.815603,4.945603,5.755603,5.925603,5.985603,6.415603,6.435603,6.125603,5.255603,3.875603,3.775603,3.605603,5.015603,5.525603,6.835603,5.975603,7.025603,7.035603,4.115603,2.045603,1.175603,1.025603,0.885603,1.025603,1.825603,3.4556031,2.525603,3.065603,4.655603,6.545603,5.835603,4.985603,4.775603,4.725603,3.535603,3.165603,2.845603,1.6256031,0.16560303,-0.934397,-1.0043969,-1.664397,-1.334397,-1.564397,-6.554397,-6.234397,-7.174397
-0.33439696,0.555603,3.395603,3.295603,2.885603,1.715603,2.045603,0.67560303,1.825603,2.015603,2.825603,3.755603,3.815603,5.035603,6.0656033,6.615603,6.865603,7.085603,7.165603,7.575603,8.205603,7.435603,7.265603,7.475603,6.665603,6.095603,6.715603,6.485603,7.195603,7.335603,6.595603,5.265603,5.025603,3.245603,2.715603,2.985603,3.175603,5.035603,4.495603,3.055603,1.7556031,2.665603,6.305603,5.415603,4.5656033,5.425603,4.725603,4.585603,4.005603,2.505603,1.165603,-0.12439697,-2.474397,-4.514397,-5.044397,-4.584397,-3.644397,-3.004397,-8.874397,-8.934397
-0.884397,0.805603,1.435603,2.1956031,1.775603,-0.544397,0.29560304,-0.76439697,-0.014396973,1.0156031,3.595603,4.835603,4.655603,5.395603,4.955603,5.455603,5.965603,6.615603,7.445603,6.245603,7.145603,6.015603,7.355603,7.605603,7.395603,7.525603,6.905603,6.145603,5.725603,6.355603,5.885603,5.595603,5.635603,3.035603,3.505603,4.025603,4.915603,5.515603,3.055603,4.275603,0.935603,3.655603,3.9556031,4.105603,4.095603,3.6856031,3.135603,3.405603,3.715603,3.895603,3.775603,-0.634397,-4.114397,-6.024397,-7.554397,-7.824397,-7.474397,-6.164397,-10.534397,-10.564397
-1.584397,-0.72439694,-0.0043969727,0.995603,0.30560303,-1.094397,-0.35439697,-1.2343969,-0.994397,0.28560302,1.8756031,2.835603,3.6956031,3.4456031,4.045603,4.925603,5.625603,6.215603,5.485603,6.215603,5.575603,5.555603,5.535603,6.085603,6.015603,6.365603,6.965603,5.645603,6.505603,6.675603,6.235603,5.515603,4.755603,4.655603,3.885603,3.755603,2.9556031,5.825603,4.515603,3.725603,3.515603,3.295603,3.735603,3.575603,3.275603,3.165603,3.625603,4.055603,6.395603,6.025603,9.955603,-0.034396973,-5.944397,-6.404397,-8.184397,-9.844397,-9.754397,-7.994397,-11.874397,-11.434397
-3.104397,-2.664397,-2.094397,-0.45439696,-0.054396972,-1.564397,-1.414397,-1.174397,-0.58439696,-0.14439698,0.37560302,0.42560303,1.475603,2.675603,2.965603,3.775603,4.075603,5.005603,4.505603,4.015603,3.975603,4.195603,5.435603,5.675603,6.095603,6.245603,6.265603,6.015603,5.625603,5.685603,4.085603,4.215603,4.865603,4.545603,4.375603,3.585603,3.025603,5.545603,5.675603,4.325603,4.895603,5.445603,6.165603,6.015603,5.985603,6.375603,6.595603,6.885603,8.045603,9.0756035,11.155603,-2.704397,-2.754397,-4.274397,-7.894397,-9.474397,-9.774397,-9.274397,-10.574397,-11.814397
-4.504397,-3.914397,-3.344397,-3.094397,-1.304397,-1.7343969,-1.9943969,-1.6143969,-2.0443969,-1.644397,-0.64439696,-0.044396974,1.085603,1.655603,2.285603,1.435603,3.505603,4.515603,3.865603,3.785603,3.285603,4.575603,5.485603,5.545603,5.395603,5.035603,4.855603,4.405603,4.385603,4.335603,3.965603,3.875603,3.745603,4.005603,4.475603,3.655603,3.115603,4.795603,4.885603,4.305603,4.795603,5.515603,6.125603,6.425603,6.385603,6.8156033,7.375603,7.455603,8.165603,9.615603,11.005603,3.845603,-1.904397,-3.154397,-7.754397,-9.334397,-9.954397,-8.664397,-9.774397,-12.324397
-6.364397,-4.154397,-5.394397,-4.464397,-4.464397,-3.124397,-1.824397,-2.164397,-1.694397,-1.9843969,-1.074397,-0.34439698,0.43560302,0.835603,1.435603,0.635603,2.1956031,2.975603,3.775603,2.175603,2.055603,4.245603,5.455603,5.525603,5.605603,5.125603,4.615603,4.635603,4.925603,3.9556031,4.345603,3.005603,2.395603,3.115603,4.415603,3.985603,3.905603,3.7056031,3.4356031,3.895603,5.185603,5.915603,6.235603,6.305603,6.605603,7.005603,7.045603,7.915603,8.275603,8.745603,9.705603,10.245603,2.745603,-4.574397,-6.344397,-8.664397,-10.184397,-9.1743965,-9.934397,-12.254397
-7.4343967,-7.034397,-5.874397,-5.454397,-4.924397,-3.914397,-3.734397,-2.904397,-2.374397,-1.534397,-0.754397,-0.054396972,0.515603,0.46560302,0.615603,-1.154397,0.22560303,1.2456031,2.145603,2.085603,1.855603,3.985603,6.125603,6.795603,6.505603,6.225603,3.745603,3.345603,1.525603,1.965603,7.305603,4.115603,4.215603,4.605603,4.865603,4.845603,4.195603,4.095603,3.9456031,4.535603,5.085603,5.745603,6.245603,6.985603,6.445603,6.165603,6.535603,7.155603,7.675603,7.685603,7.8156033,7.855603,7.375603,7.755603,-1.5043969,-6.624397,-7.1843967,-7.194397,-10.994397,-11.794397
-6.014397,-6.924397,-5.884397,-5.194397,-5.534397,-4.914397,-4.674397,-3.754397,-3.214397,-2.3043969,-1.974397,-0.78439695,0.24560302,0.935603,-0.22439697,-0.34439698,-0.40439698,-0.31439698,0.73560303,1.7456031,1.3856031,2.515603,5.495603,2.585603,2.6956031,1.285603,10.0756035,7.515603,5.245603,4.275603,4.405603,4.055603,4.145603,4.605603,4.865603,5.615603,5.195603,4.935603,4.855603,5.325603,5.185603,5.665603,6.585603,6.515603,6.295603,6.985603,7.465603,7.665603,7.745603,7.705603,7.8156033,7.525603,6.625603,5.755603,5.445603,3.925603,4.955603,3.855603,-3.204397,-8.064397
-6.4343967,-6.1843967,-5.494397,-6.474397,-6.374397,-6.224397,-5.594397,-5.024397,-4.164397,-3.354397,-2.454397,-2.384397,-2.184397,-1.914397,-1.404397,-0.744397,-1.434397,-1.064397,-0.53439695,-0.0043969727,0.23560303,0.35560304,1.6356031,1.595603,-0.744397,4.885603,5.825603,5.725603,5.425603,5.455603,5.515603,5.845603,5.945603,5.665603,5.425603,5.585603,5.305603,5.205603,5.165603,5.605603,5.795603,6.115603,6.545603,6.275603,6.845603,6.885603,6.845603,7.095603,7.925603,7.8156033,7.225603,6.825603,6.425603,5.415603,5.135603,3.325603,1.185603,0.40560302,-1.4843969,-2.914397
-6.304397,-6.374397,-6.844397,-5.854397,-5.564397,-5.724397,-5.484397,-4.604397,-3.584397,-2.854397,-2.104397,-1.164397,-1.434397,-3.244397,-4.464397,-3.674397,-3.364397,-3.264397,-2.844397,-1.764397,-1.164397,-1.764397,-0.554397,1.175603,2.545603,3.285603,3.925603,4.145603,4.575603,4.925603,5.475603,5.965603,5.825603,5.505603,5.535603,5.115603,5.135603,5.555603,5.455603,6.035603,5.915603,6.005603,6.135603,6.055603,5.885603,6.365603,7.045603,6.945603,7.265603,7.095603,7.045603,6.695603,6.145603,5.655603,4.755603,3.535603,2.225603,0.91560304,-0.70439696,-1.6043969
-7.194397,-7.384397,-6.654397,-6.024397,-5.654397,-5.724397,-5.124397,-4.494397,-3.894397,-3.5443969,-2.974397,-2.834397,-2.274397,-2.334397,-3.934397,-5.734397,-6.224397,-5.404397,-4.864397,-4.044397,-3.364397,-2.3043969,-1.774397,-1.434397,0.445603,2.055603,3.045603,3.465603,4.025603,4.935603,5.215603,5.495603,4.915603,4.135603,2.665603,3.585603,4.955603,5.725603,5.295603,5.695603,6.105603,5.505603,5.585603,6.005603,6.395603,6.675603,6.655603,6.8156033,7.025603,7.265603,7.365603,7.445603,7.695603,7.675603,6.785603,5.465603,3.725603,0.90560305,-0.554397,-1.0043969
-6.374397,-6.794397,-7.014397,-7.024397,-7.064397,-6.334397,-6.144397,-5.284397,-4.974397,-4.584397,-3.734397,-2.914397,-2.364397,-3.014397,-3.194397,-5.494397,-6.694397,-7.334397,-7.354397,-6.134397,-5.314397,-4.854397,-3.574397,-3.834397,-1.6143969,0.60560304,1.215603,2.665603,3.2056031,3.395603,2.485603,2.865603,3.895603,4.455603,4.925603,4.975603,5.225603,5.285603,4.795603,6.195603,5.535603,5.255603,5.995603,5.915603,5.705603,5.615603,6.625603,5.685603,6.375603,5.545603,6.105603,7.135603,7.445603,7.085603,7.225603,7.045603,5.965603,4.985603,3.305603,2.605603
-7.054397,-6.514397,-7.074397,-7.724397,-7.324397,-6.784397,-6.274397,-5.894397,-5.414397,-4.4343967,-3.334397,-2.184397,-1.334397,-1.214397,-2.514397,-3.524397,-5.914397,-7.394397,-8.534397,-8.474397,-7.584397,-6.014397,-5.594397,-5.224397,-4.294397,-1.7343969,-0.924397,0.475603,0.475603,0.67560303,1.2456031,1.445603,1.555603,3.525603,2.585603,2.765603,3.225603,5.705603,6.255603,5.075603,4.675603,5.285603,4.895603,6.345603,6.185603,6.535603,6.415603,5.695603,5.165603,5.095603,5.765603,5.365603,5.515603,5.535603,5.595603,5.595603,5.015603,4.055603,3.575603,2.175603
-8.834397,-8.094397,-8.664397,-7.604397,-6.584397,-6.054397,-5.374397,-4.554397,-4.414397,-2.434397,-1.264397,-0.36439696,0.78560305,0.97560304,-0.26439697,-2.914397,-5.094397,-6.294397,-7.994397,-9.574397,-8.824397,-7.734397,-7.794397,-6.904397,-6.104397,-4.114397,-3.894397,-3.0643969,-1.804397,-0.874397,-0.0043969727,-0.18439697,0.19560303,0.90560305,1.535603,2.095603,4.855603,5.255603,5.165603,4.155603,5.025603,4.405603,5.035603,5.475603,4.915603,4.805603,4.185603,3.985603,4.495603,4.5656033,4.875603,5.335603,5.755603,6.505603,6.505603,6.5656033,6.405603,6.075603,5.745603,4.765603
-10.244397,-9.164397,-8.774397,-7.484397,-6.454397,-3.624397,-3.694397,-3.684397,-3.284397,-3.074397,-2.584397,-0.934397,1.155603,1.575603,2.1956031,0.38560304,-3.264397,-6.004397,-7.544397,-8.734397,-9.194397,-8.974397,-8.964397,-8.634397,-7.844397,-6.244397,-4.864397,-4.284397,-3.914397,-3.214397,-2.514397,-1.934397,-1.644397,-0.804397,0.48560303,2.1856031,3.125603,3.085603,3.915603,4.145603,4.285603,4.155603,3.675603,3.525603,3.885603,3.485603,3.645603,4.185603,4.385603,4.895603,5.335603,5.425603,5.825603,6.0656033,6.955603,6.835603,7.085603,7.115603,6.845603,6.725603
-8.084397,-6.994397,-4.234397,-6.414397,-6.544397,-6.104397,-5.674397,-4.524397,-4.804397,-3.354397,-2.454397,-1.214397,0.695603,1.185603,0.92560303,0.41560304,-0.37439698,-4.214397,-6.884397,-8.654397,-9.574397,-10.184397,-10.314397,-10.254397,-8.884397,-7.564397,-6.334397,-5.794397,-4.904397,-4.4343967,-3.8043969,-3.144397,-2.614397,-2.364397,-0.924397,0.28560302,1.3956031,2.115603,2.515603,2.865603,2.985603,2.785603,3.4556031,3.465603,3.535603,4.465603,4.595603,4.575603,4.675603,4.5656033,4.805603,5.415603,5.755603,6.105603,6.575603,7.155603,7.285603,7.0656033,7.105603,7.215603
-4.604397,-5.204397,-5.654397,-6.364397,-4.924397,-5.314397,-6.214397,-5.634397,-4.754397,-3.914397,-2.974397,-2.264397,0.33560303,1.965603,-0.274397,-3.014397,-3.0543969,-3.454397,-6.334397,-8.314397,-9.574397,-10.634397,-11.244397,-10.794397,-10.194397,-9.014397,-7.944397,-7.034397,-6.204397,-5.384397,-4.964397,-4.174397,-3.484397,-2.904397,-1.9843969,-0.914397,0.21560302,1.2556031,2.005603,2.265603,2.765603,3.535603,3.985603,4.005603,4.145603,4.665603,5.015603,5.135603,5.075603,5.045603,4.795603,4.655603,5.035603,5.485603,5.955603,6.335603,6.5656033,6.675603,6.695603,6.615603
-3.224397,-5.994397,-4.944397,-3.034397,-7.354397,-6.6843967,-5.394397,-4.564397,-5.644397,-5.604397,-4.374397,-1.964397,-0.82439697,0.77560306,1.2656031,-2.364397,-2.3143969,-3.144397,-5.754397,-7.804397,-9.684397,-10.914397,-11.9243965,-11.584397,-11.214397,-10.324397,-8.834397,-7.994397,-7.214397,-6.454397,-5.964397,-4.904397,-4.054397,-3.784397,-3.0443969,-2.154397,-1.064397,-0.074396975,0.84560305,1.815603,2.395603,2.675603,3.255603,3.495603,3.745603,4.245603,4.605603,4.825603,4.935603,4.975603,5.035603,5.225603,5.275603,5.325603,5.205603,5.225603,5.555603,5.955603,6.025603,6.055603
-2.244397,-3.354397,-4.104397,-3.104397,-4.364397,-5.064397,-5.254397,-5.424397,-5.9343967,-4.784397,-3.234397,-0.754397,-0.754397,-0.09439697,-0.944397,-0.22439697,0.22560303,-3.224397,-4.474397,-7.164397,-10.094397,-11.634397,-12.334397,-11.974397,-11.834397,-11.154397,-9.964397,-9.044397,-8.084397,-7.214397,-6.634397,-6.074397,-5.214397,-4.514397,-3.904397,-3.194397,-2.834397,-2.074397,-0.90439695,0.24560302,0.945603,1.485603,1.8856031,2.125603,2.6956031,3.285603,3.665603,3.805603,3.895603,4.015603,4.215603,4.335603,4.615603,4.585603,4.825603,4.985603,4.895603,5.025603,5.155603,5.405603
-3.784397,-4.154397,-3.854397,-3.5643969,-4.144397,-4.904397,-4.694397,-4.444397,-4.734397,-4.774397,-4.124397,-3.284397,-1.944397,-1.674397,-1.6043969,-1.1243969,-1.574397,-1.294397,-1.394397,-7.514397,-10.744397,-12.454397,-12.854397,-12.454397,-12.384397,-11.824397,-10.784397,-9.914397,-9.004397,-7.834397,-7.084397,-6.524397,-5.944397,-5.324397,-4.904397,-4.064397,-3.2943969,-2.894397,-2.0543969,-1.5043969,-0.76439697,0.14560303,0.96560305,1.5156031,2.165603,2.365603,2.505603,2.595603,2.735603,2.985603,3.535603,4.115603,3.915603,3.9556031,3.975603,3.835603,3.675603,3.815603,3.865603,3.825603
-3.174397,-3.734397,-3.834397,-4.174397,-4.294397,-3.884397,-3.724397,-3.944397,-3.764397,-3.5643969,-3.704397,-3.0543969,-4.054397,-3.334397,-1.644397,-0.634397,-0.38439697,0.105603024,-3.014397,-7.064397,-12.344397,-12.404397,-12.894397,-12.784397,-12.584397,-12.154397,-11.1743965,-10.414397,-9.454397,-8.104397,-7.554397,-7.134397,-6.754397,-6.214397,-5.594397,-5.004397,-4.084397,-3.374397,-2.934397,-2.3043969,-2.0643969,-1.554397,-0.944397,-0.0043969727,0.765603,1.2456031,1.425603,1.845603,2.255603,2.165603,2.265603,2.235603,2.4356031,2.585603,2.615603,2.905603,2.505603,2.525603,2.355603,2.1856031
-3.144397,-3.004397,-3.124397,-4.124397,-3.924397,-3.504397,-3.364397,-3.354397,-2.764397,-2.7943969,-3.124397,-3.354397,-3.844397,-3.134397,-1.924397,-1.184397,-0.39439696,-0.43439698,-3.0543969,-7.674397,-10.284397,-11.764397,-12.154397,-12.264397,-12.004397,-11.784397,-10.904397,-10.084397,-9.364397,-8.474397,-8.014397,-7.694397,-7.124397,-6.424397,-6.234397,-6.154397,-6.034397,-4.954397,-4.064397,-3.3143969,-2.924397,-2.504397,-2.004397,-1.664397,-1.054397,-0.12439697,0.60560304,1.345603,1.435603,1.545603,1.6256031,1.735603,1.7556031,1.305603,0.805603,0.35560304,0.28560302,-0.014396973,-0.304397,-0.29439697
-1.974397,-1.9943969,-2.154397,-2.074397,-2.244397,-3.034397,-3.644397,-4.244397,-4.194397,-4.074397,-4.324397,-3.144397,-2.954397,-3.024397,-2.974397,-3.224397,-3.414397,-3.744397,-4.424397,-5.484397,-7.094397,-8.714397,-10.034397,-10.644397,-10.9243965,-10.274397,-9.894397,-9.564397,-8.9243965,-8.254397,-7.874397,-7.744397,-7.604397,-7.214397,-6.734397,-6.374397,-6.254397,-5.994397,-5.424397,-4.734397,-3.834397,-3.344397,-2.664397,-2.0643969,-1.464397,-0.914397,-0.504397,-0.0043969727,0.49560302,0.765603,0.995603,1.075603,1.415603,1.6256031,0.935603,-0.014396973,-1.044397,-1.7343969,-2.364397,-3.264397
0.36560303,0.25560302,-0.43439698,0.615603,0.635603,0.945603,-0.39439696,-2.884397,-4.074397,-4.484397,-4.404397,-3.984397,-3.394397,-4.394397,-4.614397,-5.044397,-5.604397,-5.884397,-6.624397,-7.534397,-8.124397,-9.004397,-9.524397,-9.704397,-8.954397,-8.884397,-8.804397,-8.704397,-8.244397,-7.924397,-7.824397,-7.664397,-7.4343967,-7.094397,-6.9343967,-6.704397,-6.364397,-6.104397,-5.854397,-5.354397,-5.014397,-4.144397,-3.194397,-2.634397,-1.904397,-0.96439695,-0.09439697,0.575603,1.065603,1.295603,1.965603,3.4356031,4.155603,4.465603,3.925603,3.395603,2.355603,0.585603,-1.664397,-0.604397
-1.194397,-1.194397,0.475603,0.825603,1.3756031,1.345603,1.065603,-0.014396973,-1.594397,-3.664397,-3.864397,-4.584397,-4.974397,-4.654397,-4.124397,-4.4343967,-5.954397,-6.944397,-7.544397,-8.114397,-8.504397,-8.844397,-8.904397,-8.484397,-8.254397,-8.344397,-8.204397,-8.204397,-8.384397,-8.264397,-7.774397,-7.324397,-7.094397,-6.824397,-6.694397,-6.484397,-6.384397,-6.214397,-5.794397,-5.124397,-4.494397,-3.964397,-3.484397,-2.684397,-1.724397,-0.89439696,0.17560303,1.455603,2.555603,5.035603,5.825603,3.415603,1.3756031,3.385603,2.365603,2.165603,1.595603,1.455603,1.8956031,1.3756031
