json-data/2022072318.json
{"header": {"discipline":0,"disciplineName":"Meteorological products","gribEdition":2,"gribLength":47732,"center":7,"centerName":"US National Weather Service - NCEP(WMC)","subcenter":0,"refTime":"2022-07-23T18:00:00.000Z","significanceOfRT":1,"significanceOfRTName":"Start of forecast","productStatus":0,"productStatusName":"Operational products","productType":1,"productTypeName":"Forecast products","productDefinitionTemplate":0,"productDefinitionTemplateName":"Analysis/forecast at horizontal level/layer at a point in time","parameterCategory":0,"parameterCategoryName":"Temperature","parameterNumber":0,"parameterNumberName":"Temperature","parameterUnit":"K","genProcessType":2,"genProcessTypeName":"Forecast","forecastTime":0,"surface1Type":1,"surface1TypeName":"Ground or water surface","surface1Value":0.0,"surface2Type":255,"surface2TypeName":"Missing","surface2Value":0.0,"gridDefinitionTemplate":0,"gridDefinitionTemplateName":"Latitude_Longitude","numberPoints":65160,"shape":6,"shapeName":"Earth spherical with radius of 6,371,229.0 m","gridUnits":"degrees","resolution":48,"winds":"true","scanMode":0,"nx":360,"ny":181,"basicAngle":0,"lo1":0.0,"la1":90.0,"lo2":359.0,"la2":-90.0,"dx":1.0,"dy":1.0}, "data":
[rows 108 to 134 of 181, columns 244 to 304 of 360]
295.774,295.67398,295.57397,295.47397,295.37396,295.07397,294.97397,294.87396,294.774,294.57397,294.47397,294.07397,294.07397,294.07397,294.07397,293.774,293.67398,293.47397,293.274,293.274,293.07397,292.87396,292.57397,292.67398,292.57397,292.37396,292.17398,292.07397,291.97397,291.774,291.37396,291.07397,290.97397,290.774,290.47397,290.17398,289.87396,289.57397,289.37396,289.274,289.07397,288.87396,289.17398,289.37396,289.67398,289.97397,311.274,299.67398,303.67398,303.274,314.07397,306.37396,296.17398,305.97397,307.67398,310.07397,309.07397,306.274,309.774,312.57397,313.774
295.57397,295.47397,295.57397,295.47397,295.274,295.07397,294.87396,294.774,294.67398,294.47397,294.37396,294.07397,293.87396,293.774,293.774,293.57397,293.47397,293.37396,293.17398,292.97397,292.774,292.57397,292.47397,292.47397,292.47397,292.17398,291.97397,291.774,291.67398,291.47397,291.274,291.07397,291.07397,290.87396,290.57397,290.274,290.07397,289.87396,289.67398,289.47397,289.274,289.17398,289.17398,289.17398,289.47397,289.774,315.97397,296.274,304.774,282.87396,302.87396,308.274,302.87396,309.774,307.774,308.57397,311.07397,310.67398,310.67398,311.67398,312.37396
295.57397,295.47397,295.47397,295.274,295.07397,294.87396,294.774,294.67398,294.57397,294.47397,294.37396,293.97397,293.67398,293.47397,293.274,293.274,293.274,293.274,292.97397,292.774,292.67398,292.47397,292.37396,292.37396,292.37396,292.17398,291.774,291.47397,291.274,291.17398,291.07397,291.07397,291.07397,290.97397,290.67398,290.47397,290.274,289.97397,289.87396,289.67398,289.57397,289.274,289.17398,288.97397,289.17398,289.37396,310.87396,303.17398,291.97397,301.07397,309.07397,310.07397,303.47397,308.47397,309.57397,311.37396,311.274,310.07397,312.17398,308.57397,310.67398
295.67398,295.47397,295.47397,295.274,294.97397,294.87396,294.67398,294.47397,294.274,294.274,294.07397,293.87396,293.57397,293.37396,293.17398,293.07397,292.97397,292.774,292.67398,292.57397,292.57397,292.37396,292.17398,292.07397,292.17398,292.07397,291.67398,291.47397,291.274,290.97397,290.97397,291.07397,290.97397,290.97397,290.774,290.47397,290.37396,290.17398,289.87396,289.67398,289.47397,289.274,289.17398,288.97397,288.774,288.97397,312.17398,309.97397,305.97397,301.87396,299.07397,313.774,308.57397,307.87396,309.67398,314.87396,311.774,310.67398,310.17398,308.47397,309.274
295.67398,295.57397,295.37396,295.17398,294.97397,294.774,294.37396,294.17398,293.97397,293.87396,293.774,293.67398,293.47397,293.274,293.07397,292.97397,292.87396,292.774,292.57397,292.37396,292.274,292.17398,291.97397,291.87396,291.97397,291.774,291.57397,291.47397,291.274,290.87396,290.97397,290.774,290.774,290.774,290.774,290.47397,290.274,290.17398,289.97397,289.87396,289.47397,289.07397,288.97397,288.774,288.47397,288.67398,314.274,306.37396,295.57397,291.67398,305.17398,303.87396,302.37396,313.774,309.17398,314.97397,310.274,309.97397,310.67398,309.67398,306.774
295.47397,295.37396,295.274,294.97397,294.774,294.47397,294.274,293.97397,293.774,293.67398,293.57397,293.47397,293.37396,293.274,293.17398,292.97397,292.87396,292.67398,292.47397,292.17398,292.17398,292.07397,292.17398,291.97397,291.97397,291.774,291.57397,291.37396,290.97397,290.67398,290.774,290.774,290.47397,290.47397,290.47397,290.37396,290.274,290.17398,289.97397,289.67398,289.274,289.07397,288.774,288.57397,288.274,288.17398,311.87396,307.274,308.67398,289.17398,300.774,298.274,306.07397,314.07397,308.774,310.47397,312.67398,309.87396,309.67398,309.97397,307.17398
295.274,295.17398,295.274,295.17398,294.774,294.37396,293.97397,293.774,293.57397,293.47397,293.47397,293.37396,293.274,293.274,293.37396,293.17398,292.97397,292.57397,292.37396,292.37396,292.47397,292.07397,292.274,292.274,292.17398,291.97397,291.97397,291.67398,291.17398,290.87396,290.67398,290.47397,290.57397,290.57397,290.37396,289.97397,289.97397,289.87396,289.67398,289.274,288.97397,288.774,288.67398,288.57397,288.17398,288.274,312.57397,305.774,295.274,296.47397,298.07397,299.57397,306.274,309.57397,312.274,308.87396,312.57397,309.97397,309.67398,309.07397,307.07397
295.17398,294.97397,294.87396,294.87396,294.774,294.07397,293.774,293.57397,293.47397,293.274,293.274,293.17398,293.17398,293.07397,293.17398,293.17398,292.87396,292.67398,292.47397,292.07397,292.37396,292.37396,291.97397,291.67398,291.37396,291.274,291.274,291.774,291.97397,291.37396,290.67398,290.37396,290.57397,290.47397,290.37396,290.17398,289.87396,289.47397,289.274,288.97397,288.67398,288.47397,288.37396,288.17398,288.07397,288.07397,307.37396,288.37396,291.37396,291.37396,308.17398,301.87396,306.67398,310.67398,308.57397,308.67398,309.774,309.07397,308.47397,307.87396,303.774
295.17398,294.67398,294.47397,294.274,294.274,294.274,293.87396,293.57397,293.67398,293.774,293.57397,293.47397,293.37396,293.274,292.97397,292.774,292.87396,292.67398,292.47397,292.07397,291.87396,291.87396,291.67398,291.47397,291.17398,291.07397,291.07397,290.97397,290.87396,290.774,290.57397,290.274,290.17398,290.274,289.97397,289.97397,289.87396,289.57397,289.274,288.67398,288.47397,288.07397,287.87396,287.774,287.87396,287.67398,310.17398,284.67398,291.57397,283.87396,303.07397,300.37396,308.17398,307.67398,307.37396,308.274,307.17398,305.774,305.37396,301.67398,301.57397
294.774,294.17398,293.87396,293.87396,293.87396,294.07397,293.97397,293.37396,293.57397,293.774,293.774,293.47397,293.37396,293.17398,292.97397,292.57397,292.37396,292.07397,291.87396,291.774,291.67398,291.67398,291.37396,291.274,291.07397,290.87396,290.87396,290.67398,290.37396,290.274,290.37396,290.07397,289.774,289.774,289.67398,289.57397,289.47397,289.37396,289.07397,288.87396,288.37396,287.774,287.57397,287.47397,287.47397,287.67398,306.07397,273.87396,289.67398,299.37396,299.47397,305.17398,307.47397,306.97397,307.37396,306.47397,304.67398,303.07397,302.57397,296.37396,300.37396
293.87396,293.47397,293.57397,293.774,293.774,293.774,293.57397,293.07397,293.07397,293.17398,293.47397,293.57397,293.17398,292.87396,293.07397,293.07397,292.37396,292.07397,291.774,291.97397,291.87396,291.47397,291.17398,291.07397,290.97397,290.774,290.57397,290.37396,289.97397,290.07397,290.07397,289.57397,289.57397,289.47397,289.57397,289.57397,289.37396,289.17398,288.774,288.774,288.274,287.87396,287.57397,287.37396,287.07397,301.47397,302.67398,280.47397,295.97397,306.97397,301.37396,303.37396,306.774,311.57397,308.47397,304.67398,302.97397,302.37396,301.07397,300.87396,298.37396
293.37396,293.07397,293.17398,293.274,293.37396,293.67398,293.47397,292.87396,292.67398,292.774,292.774,292.97397,292.774,292.37396,292.17398,292.07397,291.87396,291.67398,291.47397,291.57397,291.57397,291.274,290.97397,290.67398,290.47397,290.47397,290.274,290.17398,289.87396,289.57397,289.47397,289.47397,289.47397,289.47397,289.57397,289.37396,289.07397,289.17398,289.07397,288.57397,288.07397,287.57397,287.17398,286.97397,286.47397,302.07397,276.07397,293.47397,307.47397,303.07397,313.87396,308.774,306.774,307.97397,306.57397,301.47397,303.57397,300.87396,299.37396,295.47397,298.774
292.97397,292.67398,292.87396,292.87396,292.774,292.97397,292.87396,292.57397,292.57397,292.47397,292.274,292.17398,292.07397,291.97397,291.97397,292.07397,291.87396,291.37396,291.07397,290.87396,290.774,290.47397,290.47397,290.47397,290.37396,290.274,290.17398,289.97397,289.67398,289.37396,289.274,289.17398,288.97397,288.97397,288.97397,288.97397,288.87396,288.774,288.774,288.57397,288.17398,287.67398,287.17398,286.774,286.274,299.47397,268.97397,300.07397,308.17398,309.97397,311.274,310.07397,303.274,308.57397,305.274,302.774,296.774,297.97397,298.67398,299.57397,298.37396
292.47397,292.274,292.57397,292.774,292.67398,292.37396,291.87396,291.67398,291.87396,291.774,291.774,291.57397,291.57397,291.57397,291.47397,291.37396,291.37396,291.274,290.97397,290.57397,290.07397,289.97397,290.07397,290.17398,290.17398,289.774,289.47397,289.57397,289.37396,289.07397,288.774,288.57397,288.37396,288.37396,288.37396,288.37396,288.37396,288.37396,288.274,288.274,287.97397,287.87396,287.17398,286.57397,286.17398,300.37396,272.67398,300.67398,310.47397,310.17398,308.87396,305.67398,305.47397,304.97397,304.774,303.97397,301.07397,300.47397,299.07397,298.67398,297.57397
291.87396,291.87396,292.274,292.774,292.274,291.67398,291.07397,291.07397,291.17398,291.07397,290.774,290.774,290.97397,291.07397,290.87396,290.47397,290.57397,290.97397,290.87396,290.37396,289.67398,289.47397,289.47397,289.57397,289.47397,289.17398,288.87396,288.87396,289.17398,289.17398,288.774,288.37396,288.274,288.274,288.37396,288.37396,288.07397,287.774,287.97397,287.87396,287.67398,287.67398,287.274,286.57397,286.07397,297.17398,269.17398,299.97397,306.87396,310.274,309.87396,302.07397,304.87396,304.07397,303.97397,304.67398,302.87396,300.274,299.67398,298.37396,297.47397
291.57397,291.67398,291.774,291.774,291.47397,290.97397,290.57397,290.774,290.774,290.274,290.37396,290.37396,290.57397,290.47397,290.37396,289.87396,289.67398,290.07397,290.37396,290.17398,289.37396,288.774,288.87396,288.774,288.774,288.67398,288.57397,288.67398,288.97397,289.57397,288.97397,288.17398,287.97397,288.17398,288.37396,288.17398,287.57397,286.97397,287.07397,287.274,287.274,287.17398,287.17398,286.47397,285.97397,295.37396,269.274,295.97397,308.87396,305.97397,302.47397,304.17398,304.07397,303.37396,302.87396,302.67398,301.774,299.57397,299.17398,298.07397,296.47397
291.47397,291.274,290.87396,290.37396,290.07397,289.87396,289.67398,289.87396,289.87396,289.47397,289.37396,289.87396,289.774,289.37396,289.47397,289.37396,289.17398,289.37396,289.37396,289.57397,289.07397,288.57397,288.57397,288.57397,288.37396,288.17398,288.07397,287.97397,288.17398,288.47397,288.274,287.774,287.57397,287.57397,287.47397,287.37396,287.17398,286.774,286.67398,286.87396,286.774,286.37396,286.07397,286.07397,285.37396,293.274,272.774,300.67398,307.274,305.774,305.274,306.17398,304.274,302.87396,302.274,301.07397,300.67398,300.67398,299.274,295.07397,293.07397
290.37396,290.17398,290.07397,289.97397,289.774,289.274,288.97397,289.07397,289.274,288.774,288.67398,289.17398,288.97397,288.774,288.87396,288.97397,288.87396,288.67398,288.57397,288.87396,288.67398,288.57397,288.67398,288.57397,288.17398,287.87396,287.37396,287.274,287.47397,287.57397,287.37396,287.274,287.17398,286.97397,286.774,286.67398,286.47397,286.37396,286.274,286.67398,286.47397,285.97397,285.57397,285.57397,290.67398,289.17398,273.07397,299.07397,306.37396,303.274,305.37396,305.274,305.17398,301.87396,301.07397,301.17398,297.774,295.37396,290.97397,284.274,284.274
289.37396,289.67398,290.07397,290.17398,289.87396,289.17398,288.67398,288.87396,289.274,289.07397,288.47397,288.37396,288.37396,288.17398,288.274,288.07397,287.774,287.37396,287.57397,287.774,287.67398,287.47397,287.774,287.67398,287.57397,287.274,286.87396,286.97397,287.274,287.274,286.87396,286.67398,286.47397,286.274,286.274,286.274,286.07397,285.87396,285.47397,285.57397,285.67398,285.47397,285.274,284.97397,288.47397,278.774,274.47397,298.57397,300.17398,300.274,300.87396,303.57397,302.97397,301.97397,300.07397,299.57397,296.87396,290.67398,288.87396,283.37396,283.47397
288.87396,289.17398,289.47397,289.67398,289.274,288.37396,288.07397,288.47397,289.274,289.17398,287.97397,287.47397,287.37396,287.17398,286.97397,286.774,286.774,286.67398,286.67398,286.774,286.67398,286.57397,286.67398,286.57397,286.57397,286.57397,286.47397,286.57397,286.57397,286.57397,286.47397,286.37396,286.274,285.87396,285.774,285.87396,285.774,285.57397,285.57397,285.17398,284.67398,284.57397,284.57397,284.07397,285.274,276.17398,284.07397,294.274,297.17398,295.67398,297.57397,302.17398,298.87396,299.47397,297.47397,294.97397,292.774,291.37396,291.17398,289.07397,283.37396
288.274,288.274,288.17398,288.07397,287.774,287.274,286.97397,286.87396,287.37396,287.67398,287.07397,286.57397,286.47397,286.274,286.07397,286.07397,286.17398,285.97397,285.87396,285.774,285.774,285.97397,286.17398,286.274,285.97397,285.87396,285.87396,285.97397,285.774,285.57397,285.274,285.37396,285.57397,285.47397,285.274,285.274,285.17398,285.37396,285.37396,284.774,284.274,284.17398,284.37396,286.17398,281.67398,273.17398,288.17398,293.07397,298.87396,297.37396,298.274,295.87396,296.97397,293.67398,292.37396,293.774,293.97397,292.67398,290.57397,282.47397,281.67398
287.17398,287.17398,286.97397,286.774,286.774,286.67398,286.47397,286.07397,285.97397,286.37396,286.274,285.97397,285.97397,285.87396,285.57397,285.47397,285.57397,285.57397,285.274,284.97397,284.97397,284.97397,285.274,285.47397,285.274,285.17398,285.07397,285.17398,285.274,285.17398,284.57397,284.47397,284.67398,284.67398,284.57397,284.37396,284.47397,284.57397,284.47397,284.07397,283.97397,284.07397,284.17398,284.47397,281.67398,273.87396,288.07397,289.274,292.17398,294.17398,293.774,292.774,295.17398,291.97397,286.47397,285.97397,282.274,282.57397,282.07397,281.17398,280.274
286.07397,286.07397,285.67398,285.274,285.47397,285.774,285.67398,285.37396,285.274,285.17398,285.274,284.97397,285.17398,285.07397,284.774,284.67398,284.87396,284.97397,284.87396,284.67398,284.47397,284.274,284.57397,284.47397,284.47397,284.47397,284.274,284.274,284.37396,284.37396,284.07397,284.07397,284.07397,284.07397,283.774,283.47397,283.47397,283.47397,283.274,283.17398,283.274,283.47397,283.57397,283.07397,278.17398,284.274,286.97397,284.47397,285.774,286.47397,285.57397,286.274,288.67398,289.274,280.97397,282.274,282.67398,281.37396,280.274,279.47397,279.274
285.17398,284.97397,284.67398,284.57397,284.67398,284.87396,284.97397,284.774,284.57397,284.37396,284.274,284.07397,284.274,284.67398,284.37396,284.274,284.37396,284.274,284.17398,284.274,283.97397,283.97397,283.97397,283.774,283.57397,283.774,283.774,283.87396,283.97397,283.774,283.47397,283.57397,283.57397,283.47397,283.17398,283.07397,282.97397,282.87396,282.774,282.57397,282.67398,283.07397,282.87396,283.67398,277.57397,273.274,275.87396,276.07397,275.57397,281.274,286.57397,284.07397,285.37396,288.87396,281.87396,282.774,281.774,280.47397,279.37396,278.47397,279.67398
284.274,284.274,284.17398,284.17398,284.274,284.37396,284.47397,284.17398,283.97397,283.57397,283.274,283.274,283.47397,283.67398,283.774,283.57397,283.67398,283.774,283.67398,283.47397,283.37396,283.274,282.97397,282.87396,282.67398,282.87396,283.07397,283.57397,283.67398,282.97397,282.67398,282.774,282.87396,282.87396,282.87396,282.774,282.67398,282.67398,282.57397,282.17398,282.17398,282.47397,281.774,282.47397,273.17398,273.17398,276.87396,273.47397,275.47397,282.57397,279.57397,285.87396,283.47397,282.87396,282.774,282.274,280.87396,280.17398,279.07397,278.57397,280.774
283.87396,283.97397,283.67398,283.67398,283.774,283.97397,284.17398,284.17398,283.67398,283.07397,282.67398,282.57397,282.67398,282.774,282.87396,282.774,282.774,282.774,282.774,282.87396,282.774,282.37396,282.274,282.17398,281.97397,282.07397,282.37396,282.47397,282.37396,282.274,282.274,282.17398,282.274,282.37396,282.37396,282.37396,282.274,282.37396,282.17398,282.07397,281.97397,282.274,278.57397,281.87396,273.17398,273.17398,273.47397,273.17398,273.17398,274.67398,273.67398,275.37396,281.87396,281.774,281.57397,280.87396,279.87396,279.17398,279.07397,279.97397,280.87396
282.87396,282.97397,282.87396,282.774,283.07397,283.47397,283.87396,283.774,283.274,282.774,282.274,282.07397,281.97397,281.97397,282.07397,281.97397,281.97397,281.97397,281.97397,281.87396,281.87396,281.67398,281.57397,281.57397,281.37396,281.17398,281.17398,281.37396,281.57397,281.774,281.774,281.87396,281.67398,281.87396,281.87396,281.67398,281.67398,281.774,281.774,281.87396,281.87396,281.97397,281.37396,273.17398,273.07397,272.37396,273.17398,274.07397,273.97397,274.37396,273.87396,280.87396,280.87396,280.57397,280.274,279.774,279.37396,278.87396,279.67398,280.07397,280.37396
