json-data/2022072106.json
{"header": {"discipline":0,"disciplineName":"Meteorological products","gribEdition":2,"gribLength":79503,"center":7,"centerName":"US National Weather Service - NCEP(WMC)","subcenter":0,"refTime":"2022-07-21T06:00:00.000Z","significanceOfRT":1,"significanceOfRTName":"Start of forecast","productStatus":0,"productStatusName":"Operational products","productType":1,"productTypeName":"Forecast products","productDefinitionTemplate":0,"productDefinitionTemplateName":"Analysis/forecast at horizontal level/layer at a point in time","parameterCategory":2,"parameterCategoryName":"Momentum","parameterNumber":3,"parameterNumberName":"V-component_of_wind","parameterUnit":"m.s-1","genProcessType":2,"genProcessTypeName":"Forecast","forecastTime":0,"surface1Type":103,"surface1TypeName":"Specified height level above ground","surface1Value":10.0,"surface2Type":255,"surface2TypeName":"Missing","surface2Value":0.0,"gridDefinitionTemplate":0,"gridDefinitionTemplateName":"Latitude_Longitude","numberPoints":65160,"shape":6,"shapeName":"Earth spherical with radius of 6,371,229.0 m","gridUnits":"degrees","resolution":48,"winds":"true","scanMode":0,"nx":360,"ny":181,"basicAngle":0,"lo1":0.0,"la1":90.0,"lo2":359.0,"la2":-90.0,"dx":1.0,"dy":1.0}, "data":
[rows 104 to 129 of 181, columns 118 to 176 of 360]
4.3144336,3.2644336,1.9844337,1.7944336,2.0644336,2.1244335,1.8044336,-0.3455664,-5.8655663,-2.3255663,-0.3055664,0.3244336,1.3844336,2.9244337,3.5544336,3.3044336,3.1444335,3.7444336,6.4644337,7.0844336,8.724434,9.574433,9.604434,9.424434,2.3844335,0.57443357,-3.0655663,7.1844335,8.814434,8.814434,7.2744336,6.1644335,-0.47556642,-2.5555663,-3.9255664,-5.3155665,-4.7055664,-4.2055664,-3.5155663,-3.4655664,-3.6155665,-3.2855663,-2.5755663,-2.5155663,-1.4155664,-0.9455664,-1.5055664,-1.0955664,0.57443357,1.6144336,1.1244336,1.1444336,0.5244336,0.9944336,1.1644336,1.0844336,1.2244335,1.1444336,1.7244335
4.2844334,3.0944335,2.2044337,2.0444336,1.6244336,1.1244336,1.4744335,-1.3155664,-1.3655664,-1.7155664,-2.8255663,-0.8255664,2.0644336,1.6244336,2.1544335,1.6044335,3.0444336,-1.1255664,0.2844336,5.4144335,8.024433,9.334434,9.754434,9.114433,3.5844336,2.5744336,-0.1155664,0.8444336,8.954433,9.504434,9.284433,7.4444337,5.344434,-0.5955664,-4.1855664,-4.925566,-5.4855666,-5.4155664,-5.445566,-4.695566,-3.9755664,-4.7955666,-3.1255665,-2.6655664,-2.3755665,-1.7255664,-2.0555663,0.1644336,0.94443357,1.1344336,0.9544336,0.94443357,1.2144336,0.7144336,1.1544336,0.6044336,1.6744336,2.1044335,2.1244335
3.5344336,3.2344337,1.9144336,0.9344336,1.2844336,1.0544336,-0.47556642,0.6044336,-1.4555664,-2.0755663,1.3944336,1.2144336,1.3644336,1.9444336,1.8444335,1.7044336,1.7744336,3.6544335,5.0344334,0.7044336,2.3344336,7.0644336,9.1244335,7.4144335,5.0044336,3.6144335,1.2744336,-0.4355664,8.214434,9.194433,10.404433,9.114433,8.084434,5.3344336,-2.8855665,-5.2855663,-5.4355664,-5.9855666,-5.905566,-5.5555663,-4.675566,-4.0455666,-3.7955663,-3.7055664,-3.7755663,-1.4255664,-0.8555664,-1.5555664,0.074433595,-1.6855664,1.3544335,1.9344336,2.1044335,1.0744336,0.2844336,0.09443359,0.6744336,0.6044336,1.0944335
2.8444335,3.0944335,1.6344336,-0.3755664,0.1644336,-0.3455664,0.3444336,-2.2755663,-0.6355664,-1.7555664,-2.4055665,-0.7155664,0.7144336,1.7944336,2.0944335,2.2244337,3.1644335,4.7444334,5.6444335,5.7044334,4.9844337,5.554434,5.6044335,6.5144334,5.6744337,4.8544335,1.3844336,0.6644336,7.5444336,9.984433,9.304434,10.834434,9.984433,8.8744335,1.4344336,-4.885566,-5.8255663,-6.695566,-6.1255665,-5.9155664,-5.175566,-4.3155665,-4.0155663,-4.405566,-4.3055663,-3.0955665,-1.9255664,-0.55556643,-0.61556643,-0.3655664,-0.5155664,1.2244335,1.9644336,1.4344336,0.8544336,0.3744336,0.9044336,1.4044336,1.2344337
3.5544336,2.9944336,0.27443358,-1.3255664,-0.1655664,0.1644336,-1.0355664,-3.0055664,-2.2155664,-1.6555665,-2.8055663,-0.7955664,-1.2255664,0.1644336,0.6544336,0.7944336,1.9644336,3.4344337,5.1544337,6.2744336,6.7044334,6.2644334,7.324434,7.6344337,6.6644335,4.7344337,1.7244335,3.6344335,0.9844336,7.2944336,9.1244335,10.234433,12.434434,11.134434,4.054434,-2.1655664,-7.9355664,-7.2955666,-7.1855664,-6.7355666,-5.0855665,-5.1155663,-4.0655665,-5.3055663,-4.2455664,-2.7155664,-2.4855664,-1.9855664,-1.8655664,-0.5055664,0.3344336,1.4244336,1.5444336,1.2544336,1.5144336,1.7344337,0.9044336,2.0444336,3.2444336
4.0644336,2.3844335,0.3344336,-0.5355664,2.1544335,1.0044336,-1.3555664,-3.5955665,-2.7955663,-3.6855664,-3.1355665,-2.2255664,-1.5155663,-0.6255664,-0.25556642,0.1544336,0.9844336,2.4944336,4.3744335,5.7144337,6.9644337,6.9944334,6.7744336,7.0244336,7.3944335,6.0044336,2.9644337,-1.7755665,2.9744337,1.1644336,7.304434,10.304434,11.744433,12.044434,7.9144335,-0.3755664,-6.8055663,-7.2355666,-8.285566,-7.2955666,-6.135566,-5.135566,-3.7955663,-4.0255666,-3.7755663,-2.0355663,-1.5455664,-2.2855663,-1.6355664,-0.6055664,0.2244336,-0.4555664,0.82443357,0.8544336,0.4544336,1.3544335,1.1444336,1.9344336,2.2544336
0.5844336,-2.2855663,-4.675566,0.3844336,-0.18556641,-0.4555664,-1.4355664,-2.3055663,-2.6355665,-2.8855665,-3.7455664,-3.0155663,-2.4855664,-2.0555663,-0.4355664,0.3144336,1.3944336,2.9844337,4.2844334,4.804434,6.1644335,7.2344337,6.824434,6.5044336,6.344434,5.7344337,4.6344337,3.9744337,4.9444337,2.8744335,-0.15556641,9.634434,9.304434,12.154433,6.4244337,5.9044337,6.6944337,-4.7255664,-9.865566,-7.445566,-6.1455665,-4.4355664,-3.4455664,-1.5755664,-2.0455663,-1.6055664,-0.55556643,-0.7555664,-1.0055664,-0.9155664,-0.5355664,-0.3455664,-0.15556641,-0.4555664,0.4244336,0.6844336,1.1544336,0.5044336,0.9744336
-0.5655664,-0.9955664,0.27443358,1.3544335,0.5044336,-0.9855664,-2.0355663,-3.1255665,-3.9755664,-4.4555664,-4.3555665,-3.5955665,-3.1255665,-2.8255663,-2.0455663,-0.5655664,1.9344336,2.8244336,4.4644337,5.5044336,6.1844335,6.574434,6.6344337,6.6944337,6.0044336,5.3144336,3.9144335,4.114434,4.7244334,4.6544337,4.3544335,2.2444336,5.6644335,8.1244335,9.214434,8.424434,10.214434,14.344434,-4.7455664,-10.945566,-6.8555665,-4.4955664,-2.8755665,-1.3455664,-0.15556641,0.43443358,3.7444336,-1.5555664,-1.6655664,-1.0255665,-1.3955665,-0.28556642,-0.4155664,-0.7555664,-0.2755664,-0.5055664,-1.9255664,-0.2255664,0.09443359
-2.1455665,-2.3455665,-0.31556642,0.43443358,-0.7955664,-0.9055664,-2.2855663,-3.1055665,-4.0155663,-3.8955665,-4.4855666,-4.2655663,-4.405566,-3.7655663,-2.1855664,-0.4855664,1.3644336,3.6944337,5.3544335,6.3744335,6.7144337,6.9644337,6.5144334,5.9344335,5.8144336,4.5044336,4.054434,2.9644337,2.9344337,2.3244336,1.7944336,1.5244336,6.0044336,7.4944334,10.824433,9.254434,9.964434,12.104434,18.854433,-11.565566,-5.6055665,-3.3655665,-1.8855664,-0.2755664,1.5544336,3.2744336,3.6344335,4.6644335,1.9244336,-0.09556641,-1.4355664,-1.0255665,1.4644336,3.8944335,-0.6055664,1.9044336,1.2444336,-0.2655664,0.024433594
-1.2655663,-1.8155664,-2.3355665,-0.4655664,-0.61556643,-1.7755665,-2.9955664,-3.4155664,-3.8055663,-4.4955664,-4.8655663,-5.0255666,-4.0855665,-1.8055664,-1.6355664,-0.21556641,1.3644336,4.2644334,5.7444334,6.5844336,6.4344335,6.5344334,6.0144334,5.594434,3.9044335,2.8244336,3.6344335,2.3844335,1.2544336,0.4444336,1.8344336,2.8344336,1.9644336,8.4144335,11.334434,8.214434,10.394434,10.634434,16.724434,-0.5155664,-4.2855663,-1.7555664,-0.7655664,0.8044336,2.1044335,3.1444335,4.4644337,4.1544337,3.0244336,2.2144337,-0.7855664,0.82443357,1.2344337,3.2844336,3.0544336,1.1344336,1.0944335,0.2444336,-0.7855664
-3.2955663,-2.4355664,-2.1555665,-2.2855663,-1.3455664,-2.6255665,-3.7155664,-4.175566,-4.5555663,-4.695566,-4.9555664,-5.2955666,-3.9555664,-2.9355664,-0.8255664,0.7144336,1.7144336,3.2744336,4.6444335,5.0644336,5.5244336,5.7644334,5.114434,4.7744336,3.7744336,2.8744335,2.9844337,2.5244336,-0.035566404,-1.1655664,2.3244336,2.0744336,1.6844336,3.3144336,9.764434,3.3644335,8.284433,9.024433,12.334434,14.594434,8.964434,9.404433,2.8744335,2.3644335,3.3144336,3.8344336,3.8344336,5.0444336,5.7444334,6.1244335,4.1044335,3.7144337,4.864434,4.4944334,5.4644337,5.7444334,3.4844337,-0.28556642,-0.065566406
-4.0755663,-5.3255663,-3.2955663,-2.2255664,-3.2255664,-3.0755663,-3.9455664,-5.2055664,-5.195566,-5.5855665,-5.5755663,-6.4155664,-4.2455664,-2.4855664,-2.4355664,-1.1555665,0.3444336,2.5044336,3.2144337,4.554434,5.3344336,5.1244335,4.5144334,4.1044335,3.5944335,3.0744336,1.5544336,2.7544336,2.5444336,1.1144336,-0.1755664,0.5644336,1.3544335,-0.6055664,1.2844336,6.7044334,5.5044336,8.594434,7.9644337,10.264434,9.994433,7.4044337,6.6044335,7.7244334,5.8844337,4.9844337,5.2944336,5.594434,6.8544335,7.2744336,7.4844337,5.864434,5.3944335,5.8744335,6.3144336,6.2544336,5.6944337,5.6244335,3.5844336
-2.6555665,-4.8455663,-5.3655663,-3.6555665,-3.7755663,-3.3155663,-4.1055665,-4.655566,-5.8355665,-6.7555666,-6.5455666,-5.9355664,-6.3455663,-5.1455665,-3.8255663,-2.8255663,0.23443359,1.6644336,2.4244337,3.3044336,4.7444334,3.3644335,4.5844336,3.8944335,3.4644337,2.4344337,1.7444336,3.7544336,2.8444335,-1.2655663,-0.9355664,-0.8555664,-1.2255664,0.5544336,1.5744336,2.9044335,4.7644334,5.7844334,7.1644335,6.6044335,7.804434,7.3144336,8.984433,8.034433,7.574434,7.6844335,5.9844337,6.5844336,7.074434,7.094434,7.6044335,8.1644335,8.034433,7.5244336,7.3344336,6.1844335,6.7144337,6.9644337,5.824434
-3.5255663,-3.9855664,-5.3955665,-4.9955664,-4.3755665,-5.7455664,-4.675566,-4.945566,-6.2055664,-6.675566,-5.8155665,-5.445566,-5.0155663,-4.8355665,-3.6855664,-3.0455663,0.044433594,1.0444336,2.1144335,3.8044336,3.0444336,2.9044335,3.5644336,5.1344337,5.2344337,3.6744337,4.804434,3.6844337,-0.4055664,-0.3855664,-0.7055664,-0.7855664,0.7344336,4.074434,1.0744336,1.5544336,3.8644335,5.4344335,4.3744335,4.3144336,3.8044336,5.4244337,5.114434,3.8044336,4.114434,5.4544334,7.2544336,7.7344337,7.2144337,7.2244334,7.5244336,7.6844335,8.284433,8.154433,8.024433,7.7244334,6.4544334,7.6044335,6.6644335
0.054433595,-4.7355666,-5.8755665,-5.905566,-6.635566,-7.2955666,-5.8455663,-6.425566,-6.885566,-7.5555663,-6.9855666,-5.5555663,-5.1155663,-4.635566,-4.7055664,-2.5855665,-1.6455665,0.104433596,1.7044336,1.8844336,1.9044336,2.7344337,2.9544337,3.3944335,3.7044337,5.2944336,2.3744335,0.7744336,4.0244336,0.08443359,-3.6255665,1.3044336,2.7944336,2.1244335,1.9844337,1.8144336,3.6444335,3.4544337,5.8544335,5.2644334,4.6444335,5.4544334,4.304434,4.324434,6.3344336,6.864434,7.5244336,7.9144335,7.0844336,7.2744336,7.2544336,7.1744337,6.6344337,7.2344337,8.034433,8.574433,8.034433,7.9044337,7.574434
4.0144334,3.5744336,-6.0855665,-5.425566,-7.445566,-8.3355665,-7.4755664,-7.3755665,-6.9955664,-6.2255664,-6.8055663,-6.635566,-6.405566,-5.9655666,-5.5755663,-3.8655665,-2.2655663,-0.28556642,0.9144336,0.114433594,0.1644336,0.9744336,2.8644335,2.9744337,1.8044336,2.0744336,1.0544336,2.8344336,3.0644336,0.6744336,0.3144336,0.114433594,0.2944336,1.9444336,2.0544336,2.6644335,4.9444337,3.9344337,1.6944336,3.6244335,4.7544336,4.114434,4.7044334,6.6644335,6.7144337,7.2844334,6.614434,6.7744336,6.4444337,5.9944334,7.0444336,8.314434,8.314434,7.844434,7.844434,7.9344335,7.9244337,7.6744337,8.044434
2.5144336,5.6444335,-6.8355665,-6.6655664,-6.9555664,-7.5755663,-6.905566,-7.8655663,-6.8255663,-5.4555664,-6.3955665,-8.455566,-7.7955666,-7.445566,-5.4355664,-4.5355663,-3.4855664,-1.8455664,-1.4455664,0.1344336,-1.6555665,1.1944336,2.5344336,2.3244336,1.7844336,2.1244335,-0.4055664,0.17443359,1.2044336,1.5144336,0.9644336,4.9444337,1.4744335,2.4144335,0.6144336,1.9544336,3.3144336,2.3144336,3.3244336,2.5044336,3.4844337,4.5844336,5.8844337,6.3344336,6.074434,4.8144336,5.7244334,6.3144336,7.0344334,7.5344334,7.7744336,8.094434,7.844434,7.7244334,8.084434,7.1444335,7.7244334,7.2444334,6.824434
0.2144336,2.2844336,-4.8655663,-6.0855665,-7.7755666,-6.9955664,-7.7055664,-8.8755665,-7.425566,-5.7055664,-5.0155663,-6.8755665,-8.3355665,-6.7155666,-6.2555666,-5.6455665,-3.9455664,-3.2955663,-2.7755663,-1.4255664,-0.3355664,0.7044336,0.1944336,0.20443359,-1.4455664,0.63443357,-1.7855664,-2.0955665,-0.15556641,-1.2555664,3.0544336,4.594434,2.4344337,1.0344336,1.2744336,0.7344336,2.2444336,3.0744336,4.7444334,4.2044334,3.6044335,4.3744335,5.6844335,6.594434,7.0644336,5.7044334,5.824434,6.6344337,7.4744334,7.0244336,6.6944337,7.2544336,8.264434,8.554434,8.254434,7.7844334,6.6944337,5.6644335,5.804434
0.6444336,3.2344337,-0.5355664,-7.9755664,-6.8755665,-7.7355666,-5.1855664,-4.2555666,-5.135566,-1.7455664,-6.0155663,-5.1255665,-7.5055666,-7.3455663,-6.2255664,-5.5455666,-4.1855664,-4.5655665,-4.135566,-4.5455666,-2.9555664,-1.4855664,-0.2255664,0.6244336,-1.3255664,-0.5955664,-3.3055663,-0.9855664,-0.8455664,0.88443357,0.4744336,0.7944336,1.8744336,0.9744336,0.14443359,0.114433594,2.7344337,3.0944335,3.9844337,4.4444337,5.6444335,5.5144334,5.804434,6.4344335,6.6244335,6.824434,7.6444335,6.9044337,7.8944335,8.1244335,8.024433,8.454433,8.714434,8.424434,8.484433,8.444433,8.344434,7.1244335,5.1544337
1.8844336,0.5244336,4.0444336,-7.3555665,-7.7355666,-7.155566,-6.5955663,-8.145566,-7.4555664,-6.8755665,-7.8155665,-9.795567,-9.405566,-8.385567,-7.3655663,-5.925566,-4.8455663,-4.4355664,-4.7255664,-3.1855664,-1.2055664,-2.0655663,-3.0655663,-1.6355664,0.14443359,-0.1155664,-0.015566406,-0.8355664,1.5144336,0.8344336,0.30443358,-0.4255664,0.7444336,0.6844336,0.1344336,2.2944336,1.8244336,3.4044335,4.9544334,6.6544337,6.9644337,5.8144336,6.6444335,6.2644334,7.2544336,8.084434,8.804434,9.604434,8.6644335,8.844434,9.004434,8.6644335,8.834434,8.734433,8.684434,9.224434,9.234433,7.9144335,6.0044336
2.0544336,2.3544335,4.4544334,-5.3455663,-14.395566,-11.865566,-11.105566,-8.845567,-10.985566,-11.805567,-11.505567,-10.855566,-10.305567,-9.925567,-9.015567,-7.2055664,-4.885566,-3.2155664,-2.1355665,-2.7455664,-2.5255663,-4.2255664,-2.8455665,-2.6455665,-3.6255665,-4.3155665,-3.5055664,-3.1455665,-1.8955665,1.4044336,1.9844337,2.5244336,0.7344336,1.2844336,2.6244335,3.0044336,4.094434,4.0444336,6.0644336,6.7344337,6.4644337,6.7544336,7.2744336,7.1944337,8.454433,8.074433,9.084434,9.194433,7.5444336,8.154433,8.724434,8.304434,8.794434,8.954433,8.644434,9.554434,9.654433,9.234433,9.104434
4.7444334,3.8444335,1.9344336,5.5044336,-13.065566,-15.885567,-14.895566,-14.075566,-10.795567,-11.915566,-12.705566,-12.045567,-11.205566,-11.235566,-10.175567,-9.045567,-7.3755665,-6.6655664,-6.1655664,-2.9955664,-4.2055664,-3.6655664,-4.5055666,-4.0855665,-2.9355664,-2.2755663,-2.4455664,-1.1555665,-1.3855664,-0.08556641,0.2144336,3.6544335,2.2644336,3.1444335,4.4044337,5.0644336,6.1444335,6.0244336,5.5344334,5.6444335,7.1644335,8.1244335,6.8544335,7.5144334,8.774433,9.424434,8.244433,9.304434,9.984433,9.934434,10.364433,9.424434,9.3744335,9.524433,9.724434,8.9144335,5.1444335,8.714434,9.304434
7.5044336,5.2444334,3.1944337,3.1644335,-12.985566,-16.005566,-15.815566,-14.8755665,-13.005567,-12.985566,-12.095567,-12.395566,-12.405566,-12.395566,-10.855566,-9.985566,-8.365566,-7.5955663,-6.9855666,-4.1255665,-3.7955663,-4.2855663,-3.2555664,-2.8555665,-3.1355665,-2.8455665,-2.7455664,-0.7055664,-0.6855664,0.054433595,0.43443358,0.46443358,1.3144336,3.9244337,3.2144337,3.4344337,5.4244337,5.6644335,6.4244337,6.7644334,6.9544334,7.2444334,7.4844337,7.864434,8.334434,8.794434,10.784433,10.074433,10.324433,10.634434,10.774433,10.564434,10.074433,9.064434,9.154433,8.884434,4.1344337,7.6944337,8.014434
8.494433,4.324434,7.364434,9.954433,-9.295567,-14.135567,-15.445566,-15.485566,-14.165566,-13.005567,-15.545567,-13.895566,-13.3755665,-12.605566,-12.225567,-10.965567,-9.8355665,-9.385567,-5.9555664,-6.5255666,-6.885566,-4.6155663,-3.0355663,-2.4155664,-2.4955664,-3.1255665,-3.4855664,-2.0055664,0.27443358,0.6444336,-0.5055664,-0.3655664,1.4644336,2.4844337,3.6144335,4.7444334,4.7844334,5.7544336,6.4144335,6.9744334,7.4344335,7.5444336,7.864434,8.224434,8.824433,9.714434,9.814434,10.694433,10.864433,11.194433,10.754434,11.074433,10.294434,9.744433,9.094434,8.924434,9.654433,3.5944335,9.194433
7.9844337,8.204433,5.2944336,4.7144337,6.2244334,-9.505567,-13.275566,-14.705566,-15.805567,-15.365566,-15.315566,-15.145566,-13.195566,-12.825566,-11.885567,-10.945566,-9.725567,-8.275566,-8.325566,-8.165566,-6.4655666,-6.0155663,-3.3855665,-2.4055665,-3.2255664,-2.2655663,0.0644336,2.1044335,1.1644336,1.5844336,-1.2255664,-0.9555664,0.2844336,2.5544336,3.7144337,4.3344336,5.6044335,5.2344337,6.1544337,7.6344337,7.594434,7.6944337,7.864434,9.284433,9.884434,10.114433,9.764434,11.144434,10.064434,10.504434,10.904433,11.154433,10.034433,9.034433,8.844434,9.254434,10.534433,1.1144336,2.7744336
5.8844337,6.554434,6.2144337,5.0244336,4.864434,-8.465567,-13.635567,-14.015567,-15.775566,-16.505566,-16.025566,-15.515567,-14.235566,-12.685566,-13.485566,-11.3355665,-9.485566,-8.8755665,-8.815566,-8.365566,-7.8455663,-5.7255664,-3.8355665,-3.9755664,-2.3355665,-0.8955664,-2.7855663,-0.9155664,-3.1955664,-3.8855665,-2.2755663,-1.7055664,-0.21556641,1.6344336,3.0244336,4.3744335,5.6344337,6.6744337,6.6244335,7.1844335,7.3144336,7.7044334,8.744433,8.614433,9.934434,9.644434,9.854434,10.454433,10.534433,10.764434,10.974434,10.534433,9.924434,8.864433,9.114433,10.364433,2.9644337,2.9444337,2.5244336
