json-data/2022072200.json
{"header": {"discipline":0,"disciplineName":"Meteorological products","gribEdition":2,"gribLength":79387,"center":7,"centerName":"US National Weather Service - NCEP(WMC)","subcenter":0,"refTime":"2022-07-22T00:00:00.000Z","significanceOfRT":1,"significanceOfRTName":"Start of forecast","productStatus":0,"productStatusName":"Operational products","productType":1,"productTypeName":"Forecast products","productDefinitionTemplate":0,"productDefinitionTemplateName":"Analysis/forecast at horizontal level/layer at a point in time","parameterCategory":2,"parameterCategoryName":"Momentum","parameterNumber":3,"parameterNumberName":"V-component_of_wind","parameterUnit":"m.s-1","genProcessType":2,"genProcessTypeName":"Forecast","forecastTime":0,"surface1Type":103,"surface1TypeName":"Specified height level above ground","surface1Value":10.0,"surface2Type":255,"surface2TypeName":"Missing","surface2Value":0.0,"gridDefinitionTemplate":0,"gridDefinitionTemplateName":"Latitude_Longitude","numberPoints":65160,"shape":6,"shapeName":"Earth spherical with radius of 6,371,229.0 m","gridUnits":"degrees","resolution":48,"winds":"true","scanMode":0,"nx":360,"ny":181,"basicAngle":0,"lo1":0.0,"la1":90.0,"lo2":359.0,"la2":-90.0,"dx":1.0,"dy":1.0}, "data":
[rows 104 to 129 of 181, columns 0 to 57 of 360]
3.3021557,3.8921556,4.302156,4.3521557,4.962156,6.322156,7.612156,7.6221557,7.4321556,7.462156,7.672156,6.4321556,1.3121557,0.17215577,0.71215576,-0.58784425,1.1921557,0.04215576,0.37215576,0.59215575,1.1121558,1.4921558,2.0721557,1.1021558,1.4321557,1.3721558,0.30215576,1.5421557,0.90215576,0.91215575,1.0821557,0.8121558,2.1221557,-0.017844237,0.92215574,2.0021558,-0.31784424,-0.057844236,0.7521558,1.1521558,1.3321557,5.2921557,5.052156,4.9921556,6.342156,7.752156,7.0421557,4.942156,1.4621558,1.0121558,2.3621557,7.6421556,6.362156,6.282156,6.1621556,6.1421556,6.212156,5.942156
3.3621557,3.7821558,4.1821556,4.572156,5.052156,6.072156,7.2921557,7.6421556,7.6621556,8.222156,8.042156,6.9721556,2.6721559,0.77215576,0.70215577,0.65215576,-0.64784425,0.60215575,1.0821557,1.0721557,1.9021558,0.77215576,0.7521558,0.70215577,0.73215574,0.0021557617,1.1921557,0.18215576,0.52215576,1.2721558,1.0621557,1.1221558,1.4821558,1.3221557,-0.52784425,0.15215576,-0.31784424,0.72215575,1.6721557,1.0221558,1.3021557,4.462156,5.022156,6.532156,5.4921556,5.3721557,5.922156,6.8921556,3.0221558,-0.17784424,1.0021558,5.7021556,5.692156,5.3921556,5.5821557,4.612156,4.2421556,4.802156
5.132156,4.4121556,3.9821558,4.462156,5.442156,5.6221557,6.9721556,8.162156,7.942156,7.8321557,7.962156,6.6421556,0.21215576,-0.8178442,-0.037844237,1.5221558,0.52215576,0.032155763,0.06215576,1.0021558,1.1921557,2.4321558,2.2621558,2.0521557,0.85215575,1.0521557,0.34215575,1.7521558,1.0821557,-0.6178442,0.6821558,0.46215576,2.6521559,2.4521558,1.3621558,-0.77784425,-0.07784424,-0.17784424,-0.90784425,-0.08784424,0.61215574,4.2921557,5.772156,5.422156,1.7721558,3.2521558,2.0821557,1.7821558,1.6221558,2.8321557,5.6421556,6.6421556,4.5621557,4.092156,3.7421558,4.9521556,4.8521557,4.942156
4.902156,4.5621557,4.462156,4.4121556,5.0421557,5.772156,6.8121557,7.5121555,7.982156,8.042156,7.962156,7.052156,-3.2878442,0.90215576,0.38215578,1.2221558,1.4321557,1.0721557,1.4621558,0.39215577,1.1121558,1.6621557,2.2821558,1.3821558,1.2821558,-1.0478443,1.3121557,1.6621557,0.032155763,1.0821557,0.5121558,1.1721557,0.5721558,1.7921557,3.1021557,1.0721557,-0.10784424,-0.97784424,-0.29784423,1.4921558,3.9621558,5.612156,4.172156,4.9921556,-0.23784424,1.3921558,2.5221558,0.5021558,1.0921558,1.1021558,4.362156,5.152156,5.0821557,2.6121557,3.4221559,4.022156,3.1321557,3.2621558
4.5821557,4.152156,4.782156,4.552156,4.982156,5.982156,6.802156,7.342156,7.772156,7.6821556,8.092155,9.612156,4.732156,-0.17784424,2.7821558,1.4521557,0.77215576,0.79215574,0.89215577,1.3021557,1.0221558,0.112155765,1.3621558,1.5221558,1.8521558,2.7721558,1.7821558,1.0121558,1.8721558,1.4621558,1.3121557,0.35215577,1.6321558,1.7721558,0.77215576,0.13215576,-0.41784424,0.91215575,1.6521558,2.5621557,4.022156,5.8721557,5.9921556,4.942156,2.2121558,-0.46784425,2.1721559,2.1821558,2.6821558,0.84215575,3.1421556,2.8521557,4.422156,3.3421557,2.9321558,2.2521558,2.2621558,2.1521559
4.252156,4.612156,4.732156,5.022156,4.652156,5.382156,6.8321557,7.152156,7.2921557,7.6021557,8.042156,7.552156,6.3121557,-0.35784423,-3.4278443,0.082155764,0.54215574,0.49215576,1.9421557,-0.48784423,-0.10784424,1.5121558,1.2221558,0.84215575,1.4121557,0.27215576,1.9021558,1.2721558,0.64215577,1.8621558,1.7721558,1.2721558,-0.18784423,0.95215577,1.2521558,0.14215577,0.53215575,2.4821558,2.0321558,3.0021558,4.212156,5.752156,7.052156,6.5821557,0.48215577,-0.72784424,0.60215575,0.7421558,1.5121558,0.5621558,2.4421558,1.0021558,1.9221557,1.1321558,2.1121557,2.7521558,2.6821558,1.9521557
5.1021557,5.212156,5.2421556,4.982156,4.922156,5.0621557,6.422156,7.2421556,7.7621555,7.6421556,6.902156,6.3321557,5.192156,3.6621559,-0.6278442,-0.16784424,-0.76784426,0.09215576,-2.8378441,-0.31784424,1.4221557,-0.46784425,0.9921558,2.0021558,0.65215576,0.47215575,-1.6578442,1.2521558,2.0721557,2.7621558,1.9521557,0.80215573,1.0821557,-0.6778442,0.34215575,0.6821558,1.4721558,2.0321558,2.6521559,3.8921556,5.272156,6.522156,6.8921556,7.362156,6.3321557,-1.1778443,0.5621558,-0.71784425,-0.28784424,1.3021557,2.5321558,0.44215575,2.4521558,2.0421557,3.6221557,3.9321558,3.2121558,2.8221557
4.7421556,4.9921556,5.422156,5.342156,5.382156,5.212156,5.9921556,6.8521557,7.3121557,8.362156,7.752156,6.3921556,6.302156,5.552156,-0.65784425,-1.6378442,-0.51784426,-1.2178442,1.6021558,1.2121558,1.1521558,1.6721557,2.5621557,1.4721558,0.6221558,0.8821558,1.2221558,0.22215576,-0.7578442,-1.7578442,-0.34784424,0.86215574,0.54215574,-1.6678443,0.25215575,0.19215576,1.9121557,2.1521559,2.8921556,4.132156,5.7221556,6.6221557,7.0421557,7.5821557,1.5821557,1.0921558,0.21215576,-0.41784424,-0.46784425,0.61215574,2.2421558,2.8321557,2.7521558,-4.387844,4.3121557,-0.72784424,2.3821557,2.6121557
4.382156,5.2021556,5.732156,6.4321556,5.882156,5.462156,6.002156,6.772156,7.632156,8.672155,8.482156,6.9921556,3.9721558,4.2221556,2.9121559,0.14215577,-1.4678442,-0.79784423,-2.1078444,-1.7978443,-0.7478442,0.07215576,0.86215574,0.67215574,0.10215576,-0.32784423,0.052155763,-1.2978443,0.84215575,-0.84784424,0.72215575,1.2721558,-0.11784424,-0.17784424,-0.46784425,0.20215577,-0.29784423,1.1521558,2.5321558,3.7521558,5.3321557,6.3121557,5.8921556,6.772156,1.1121558,2.4121559,2.3821557,0.83215576,-0.8778442,-1.2378442,0.30215576,2.0621557,1.9121557,1.5621557,0.98215574,-0.54784423,-2.0478442,-0.94784427
4.5821557,5.0621557,5.532156,5.4721556,6.152156,6.232156,6.752156,7.032156,7.532156,8.092155,8.892156,8.982156,6.922156,5.7621555,6.302156,1.1821557,-1.1278442,-2.4578443,-2.2478442,-2.9378443,-3.0578442,-0.54784423,0.13215576,0.0021557617,0.80215573,0.18215576,-2.1478443,-2.9178443,-1.8378443,1.7121558,0.61215574,2.2721558,1.4521557,-0.77784425,-0.8778442,0.032155763,-0.71784425,0.07215576,1.1321558,2.4521558,4.692156,5.902156,6.7421556,6.862156,-0.89784425,-1.5778443,-0.77784425,1.0321558,-4.387844,-3.1178443,-0.36784422,-0.45784423,0.12215576,0.032155763,1.0021558,0.36215577,-1.0478443,-1.9578443
4.4321556,4.922156,5.4521556,6.282156,6.0621557,6.4121556,7.112156,7.6621556,8.3021555,8.362156,8.392156,8.042156,8.462155,6.712156,5.422156,0.98215574,0.06215576,-2.8278441,-2.1478443,-3.0578442,-1.5278442,-2.8378441,-1.6078442,-1.2778442,-1.3178443,-0.027844239,0.35215577,-1.0278442,-0.85784423,-0.78784424,-0.6278442,0.66215575,-0.36784422,-0.58784425,-0.51784426,-0.06784424,0.12215576,0.59215575,0.55215573,1.8321557,4.0121555,5.772156,5.4921556,6.672156,1.6321558,-1.8578442,-1.9078442,-0.64784425,-6.347844,-4.6678443,-3.5378442,-1.6678443,-0.69784427,0.27215576,-1.4078442,0.22215576,1.0921558,0.52215576
4.8121557,5.3321557,6.052156,5.982156,6.3721557,6.652156,7.132156,7.192156,7.7621555,8.212155,8.362156,8.242156,8.152156,8.992156,5.342156,0.55215573,-0.06784424,-0.06784424,-2.1678443,-0.037844237,-1.5278442,-2.6078444,-2.4778442,-1.4078442,-1.7878442,-1.1578442,0.6321558,-0.8778442,-1.4178443,-1.3578442,1.1021558,0.25215575,1.9721558,-0.84784424,-2.6578443,-0.6878442,0.53215575,0.40215576,0.7621558,1.1921557,2.6021557,5.112156,4.6821556,5.1421556,4.4521556,1.2121558,-1.9378443,-4.347844,-7.037844,-7.0478444,-4.887844,-2.7878442,-2.5178442,-2.4178443,-1.6678443,-0.23784424,0.85215575,1.2421558
4.002156,5.5621557,5.8721557,6.032156,6.482156,6.902156,7.152156,7.572156,7.522156,7.7921557,8.422155,8.652156,8.152156,8.842155,8.402156,-0.8678442,-1.1578442,-1.6578442,-1.3678442,-1.4378443,-1.7278442,-1.9078442,-0.53784424,-1.3078443,-0.57784426,-0.22784424,-1.5778443,0.46215576,0.8721558,1.2621558,-0.5078442,0.8821558,0.31215575,-0.46784425,-1.0878443,-1.6878443,-1.2778442,-0.54784423,-0.12784424,1.4921558,1.6221558,2.2821558,3.9621558,3.9021559,3.7021558,1.8821558,-6.1878443,-10.167844,-8.577845,-5.8978443,-5.2978444,-4.227844,-3.7078443,-0.70784426,-3.8078442,-2.0078442,-0.57784426,-1.2778442
5.442156,5.2421556,5.5621557,6.1621556,6.2921557,6.632156,6.5121555,6.752156,7.2621555,7.5121555,8.122156,8.682156,8.502155,9.092155,9.682156,9.312156,-4.447844,-1.2678442,-0.85784423,1.0821557,-1.8078443,-1.6878443,-2.0678442,-1.8178443,0.18215576,-1.0578443,-0.30784425,0.18215576,0.96215576,0.48215577,0.28215575,1.4821558,3.5821557,5.2921557,2.9821558,-0.45784423,-0.10784424,-1.1978443,-1.2678442,-0.11784424,1.4021558,0.89215577,2.3821557,3.2121558,2.5321558,-0.51784426,-7.7378445,-8.717844,-7.907844,-7.057844,-6.3178444,-5.6278443,-4.947844,-5.2578444,-2.5278442,-1.2978443,-2.2978442,-1.3678442
6.2021556,5.6421556,6.022156,5.9321556,6.442156,6.5821557,6.4721556,6.482156,6.862156,7.402156,7.342156,7.8921556,8.402156,8.342155,8.8021555,8.812156,2.3121557,-2.2778442,-3.4878442,-2.7378442,-1.0978442,-1.9478443,-2.8178442,-1.8778442,-2.7378442,-2.8178442,-0.10784424,1.4121557,2.1321557,0.55215573,0.9921558,0.5621558,2.1521559,6.7421556,5.3321557,3.7421558,0.23215576,-0.59784424,-0.53784424,0.73215574,0.7521558,-0.43784425,-0.14784424,1.6121558,0.8821558,-0.59784424,-6.387844,-7.997844,-8.587844,-8.747845,-7.1278443,-6.0478444,-5.967844,-6.267844,-4.307844,-4.287844,-5.0078444,-3.8378441
3.4221559,4.382156,4.9921556,5.252156,5.692156,6.132156,6.0821557,6.032156,6.4521556,6.712156,7.4321556,7.3721557,7.5421557,8.322156,8.182156,8.242156,6.752156,-1.2278442,1.8521558,0.112155765,-2.7178442,-2.3778443,-0.88784426,-1.5878443,-1.4878442,-2.0378442,-0.39784423,0.06215576,-0.25784424,-1.8278443,1.6821557,-0.22784424,5.9521556,6.172156,6.0421557,5.1021557,2.2521558,0.28215575,-1.3078443,0.67215574,0.6321558,-0.07784424,-0.57784426,-0.017844237,0.64215577,0.40215576,-4.517844,-8.597844,-8.727844,-7.847844,-8.587844,-7.6078444,-6.927844,-6.1078444,-6.597844,-5.9878445,-3.6778443,-3.7078443
3.0721557,3.1121557,3.9621558,4.152156,4.572156,5.052156,5.1221557,5.3521557,5.3521557,5.8921556,6.132156,6.8721557,7.3521557,7.2621555,7.772156,8.252155,8.792156,7.0621557,0.48215577,-5.077844,-4.717844,-2.1278443,-2.6778443,-2.1978443,-1.8178443,-1.0278442,-1.5378442,-0.7578442,-1.8078443,-2.5278442,-1.3078443,2.5021558,7.4721556,6.422156,5.482156,4.8721557,5.6421556,1.0121558,0.19215576,-1.7478442,-0.37784424,-0.8078442,-1.7878442,-1.4878442,-0.17784424,0.09215576,-3.6978443,-7.5078444,-9.757844,-9.387844,-8.977844,-8.107844,-8.487844,-7.577844,-7.247844,-5.867844,-5.657844,-4.9578443
-0.5678442,-1.4078442,1.7621558,2.7421558,3.3621557,3.6221557,4.212156,4.652156,4.5821557,4.532156,4.8321557,5.032156,5.3521557,6.0121555,6.212156,7.2221556,8.012156,8.442156,0.91215575,-1.6978443,-3.8878443,-3.2378442,-3.3578444,-1.4678442,-2.0378442,-1.5178442,-1.7378442,-2.0178442,-2.2778442,-1.3878442,-1.6578442,3.6321557,5.0621557,6.6221557,5.8921556,4.8121557,4.8721557,4.052156,-1.8878442,-0.57784426,2.2721558,-0.46784425,-1.2978443,-1.2378442,-1.1178442,-0.57784426,-0.72784424,-3.5578442,-9.097844,-9.797844,-9.387844,-9.267844,-8.567844,-8.717844,-7.657844,-7.347844,-8.187844,-6.427844
1.6221558,0.26215577,-1.1378442,-0.96784425,-0.96784425,-2.9278443,-2.0778441,0.5721558,2.0521557,2.2721558,3.0621557,3.3121557,3.1421556,3.6521559,4.482156,4.942156,6.112156,7.572156,7.342156,0.8121558,-3.0178442,-1.1278442,-3.8378441,-3.7578442,-2.9478443,-1.4978442,-2.5978441,-0.79784423,-1.9878442,-2.1678443,0.022155762,1.2821558,4.172156,6.2921557,4.052156,0.95215577,3.3521557,3.6721559,-0.18784423,-1.1978443,1.9821558,1.4721558,-0.12784424,-0.48784423,0.89215577,-2.3078442,-1.9178443,-1.1978443,-6.497844,-9.397844,-9.797844,-9.347844,-8.847844,-8.577845,-8.077845,-7.2778444,-6.9878445,-6.6278443
5.152156,6.632156,4.552156,1.0921558,0.5621558,-0.82784426,-1.9978442,-2.8478441,-1.7178442,-0.57784426,-0.31784424,-0.33784425,1.2121558,0.9921558,1.1021558,1.7021557,3.1721559,4.3721557,2.7621558,0.59215575,-0.10784424,-2.1578443,-0.38784423,-0.58784425,-1.0678443,0.28215575,-1.1778443,-1.0078442,-3.3978443,-3.0478442,-2.2378442,1.3321557,4.172156,6.632156,3.6321557,-1.6878443,1.7521558,1.2521558,1.5221558,1.9721558,0.46215576,1.3721558,3.1021557,0.8221558,1.9221557,0.31215575,-2.8878443,-2.2578442,-2.8178442,-5.1278443,-9.767844,-9.737844,-7.867844,-8.897844,-8.237844,-8.907845,-7.8778443,-8.187844
4.6821556,3.8921556,3.5921557,4.192156,3.6521559,6.232156,2.5821557,-1.4478443,-2.3878443,-2.9278443,-2.3178442,-2.0578442,-2.7978442,-1.8478442,-1.1078442,-1.3078443,-1.0078442,0.5121558,1.6721557,-1.0578443,0.19215576,-0.36784422,-1.7578442,-1.9078442,-2.9778442,-2.2678442,-4.7578444,-5.657844,-4.0278444,-2.2978442,-0.49784425,0.48215577,1.7621558,3.8921556,6.7421556,-1.0678443,-1.2878442,-0.63784426,0.45215577,2.0121558,2.2721558,1.3121557,1.6021558,3.7921557,2.1521559,0.58215576,-0.70784426,-3.4778442,-3.2578442,-2.5578442,-5.7578444,-8.127844,-10.147844,-9.797844,-9.257844,-8.567844,-8.367845,-7.697844
5.1421556,6.402156,6.112156,7.282156,1.9821558,3.3121557,2.8121557,6.132156,9.062156,-3.7078443,-4.2778444,-4.4878445,-3.8678443,-3.9778442,-3.9078443,-4.8778443,-3.8978443,-3.5678442,-2.9378443,-3.1278443,-3.4578443,-2.6978443,-2.1578443,-2.5578442,-3.6578443,-4.807844,-4.807844,-4.1078444,-3.8778443,-3.4378443,-2.2778442,-0.44784424,0.55215573,0.5021558,2.0021558,0.6821558,-3.1678443,-3.6378443,-1.5178442,0.53215575,1.4521557,0.48215577,0.55215573,0.89215577,2.3721557,2.4721558,1.9321557,-0.90784425,-3.7278442,-3.5778441,-2.1078444,-3.3578444,-6.967844,-9.757844,-10.587844,-9.027844,-8.367845,-8.237844
7.212156,7.252156,6.3121557,4.672156,5.132156,4.7021556,1.7921557,1.9521557,3.0721557,5.0821557,4.692156,-5.227844,-6.077844,-5.867844,-6.037844,-5.8378444,-6.4178443,-6.4378443,-5.7778444,-5.497844,-5.2978444,-5.097844,-4.747844,-4.3178444,-4.117844,-4.307844,-4.5878444,-4.497844,-4.3778443,-3.8978443,-3.1478443,-2.7678442,-2.6478443,-0.07784424,-0.34784424,-0.41784424,-0.6178442,-0.79784423,-0.6778442,0.43215576,-1.2178442,-2.5478442,-0.26784423,0.8221558,-1.5878443,-2.7778442,0.60215575,0.06215576,0.26215577,1.3621558,1.0721557,-4.347844,-5.057844,-5.407844,-8.817844,-9.127844,-8.017844,-8.037845
6.4321556,6.6821556,5.962156,4.8321557,4.032156,2.2021558,3.0021558,3.1321557,2.1921558,3.3321557,2.3221557,6.752156,-6.477844,-7.477844,-6.787844,-7.307844,-7.4578443,-7.597844,-7.3378444,-7.247844,-6.9878445,-6.847844,-6.637844,-5.9878445,-5.8578444,-5.7578444,-5.247844,-5.0278444,-5.077844,-4.307844,-1.8778442,-1.4478443,-0.8178442,0.0021557617,-0.41784424,-0.85784423,-1.8378443,-2.3678443,-0.7578442,0.09215576,-0.28784424,-0.20784424,0.91215575,-0.35784423,-1.6778443,-2.6578443,-4.347844,-3.5378442,-2.8578444,-2.0178442,-0.39784423,1.3821558,2.4921558,1.9821558,-5.747844,-7.1478443,-7.3578444,-7.577844
5.6421556,6.382156,7.1621556,6.612156,4.282156,3.3321557,2.6521559,2.5421557,2.9121559,2.1721559,2.1521559,2.4421558,6.3721557,3.8421557,-7.907844,-9.057844,-8.827845,-8.577845,-8.527844,-8.557844,-7.5878444,-7.227844,-7.077844,-6.727844,-6.1478443,-5.9878445,-5.6678443,-5.157844,-4.3778443,-3.0178442,-2.6478443,-2.3278441,-1.8978442,-1.5578443,-0.9278442,-0.06784424,0.20215577,-0.51784426,-1.0278442,-1.0478443,-2.1678443,-1.4678442,-1.3278443,-1.5478443,-3.1078444,-4.3378444,-5.4178443,-5.3178444,-4.8778443,-4.2978444,-2.5078442,-0.59784424,1.4721558,0.9321558,-0.017844237,1.0321558,1.2621558,-7.137844
6.172156,6.4921556,5.9121556,5.902156,4.652156,3.5021558,1.8921558,0.36215577,0.53215575,1.3521558,2.6421556,1.5421557,2.1421556,6.252156,4.0421557,6.692156,-10.907845,-10.427844,-10.357844,-9.717844,-9.177844,-8.347844,-7.907844,-8.167844,-7.8978443,-6.947844,-6.327844,-6.1478443,-5.827844,-5.7778444,-5.5278444,-4.5678444,-2.9778442,-2.1178443,-1.5878443,-0.58784425,-0.34784424,0.14215577,0.73215574,-0.49784425,-2.4978442,-2.3478441,-2.5778441,-3.8578444,-3.4078443,-5.577844,-6.467844,-6.097844,-5.6878443,-4.867844,-4.407844,-3.5578442,-2.4778442,-1.4578443,-3.1278443,-3.6178443,-2.2378442,-2.3078442
