json-data/2022072100.json
{"header": {"discipline":0,"disciplineName":"Meteorological products","gribEdition":2,"gribLength":79075,"center":7,"centerName":"US National Weather Service - NCEP(WMC)","subcenter":0,"refTime":"2022-07-21T00:00:00.000Z","significanceOfRT":1,"significanceOfRTName":"Start of forecast","productStatus":0,"productStatusName":"Operational products","productType":1,"productTypeName":"Forecast products","productDefinitionTemplate":0,"productDefinitionTemplateName":"Analysis/forecast at horizontal level/layer at a point in time","parameterCategory":2,"parameterCategoryName":"Momentum","parameterNumber":2,"parameterNumberName":"U-component_of_wind","parameterUnit":"m.s-1","genProcessType":2,"genProcessTypeName":"Forecast","forecastTime":0,"surface1Type":103,"surface1TypeName":"Specified height level above ground","surface1Value":10.0,"surface2Type":255,"surface2TypeName":"Missing","surface2Value":0.0,"gridDefinitionTemplate":0,"gridDefinitionTemplateName":"Latitude_Longitude","numberPoints":65160,"shape":6,"shapeName":"Earth spherical with radius of 6,371,229.0 m","gridUnits":"degrees","resolution":48,"winds":"true","scanMode":0,"nx":360,"ny":181,"basicAngle":0,"lo1":0.0,"la1":90.0,"lo2":359.0,"la2":-90.0,"dx":1.0,"dy":1.0}, "data":
[rows 75 to 99 of 181, columns 0 to 56 of 360]
2.1815734,2.3415735,3.2315736,4.3715734,-0.9184265,2.4515734,-7.1684265,-2.3384266,3.1515734,-0.4884265,-1.5184265,-0.4484265,0.7715735,0.5715735,1.6015735,4.1515737,2.6615734,-0.7384265,-1.0284265,-5.5984263,-1.3084265,-1.1784265,-2.3484266,-2.5784266,3.5315735,4.1615734,-0.3384265,1.4015735,4.1415734,5.5915737,4.3215733,-2.8484266,4.6915736,1.3315735,0.47157347,2.6815734,0.49157348,0.3015735,0.3015735,1.1415734,-0.7184265,2.3715734,-2.4884264,0.23157349,-0.07842651,1.6515735,-0.13842651,-3.6084266,0.031573486,-1.1884265,1.0915735,5.1015735,4.0215735,4.1315737,4.8815737,5.6715736,7.3815737
0.40157348,2.3315735,3.8715734,5.0915737,4.6815734,4.2815733,-4.8884263,-0.14842652,0.47157347,4.0615735,0.8815735,1.5215735,1.9715735,1.3315735,1.1215734,3.3715734,1.8715734,0.8715735,-1.7184265,-5.6284266,-3.0984266,-2.4884264,-2.9884264,-2.2084265,-0.07842651,2.8115735,2.2315736,2.3715734,2.4815736,1.7115735,3.0115736,-7.9484267,-6.5684266,-3.1884265,1.8415735,0.3215735,2.0115736,-0.34842652,-1.0184265,1.1215734,1.3915734,-0.43842652,-3.1484265,-2.0784266,0.6215735,0.5615735,1.1315734,1.4615735,2.6615734,8.8315735,9.311573,7.2415733,2.8115735,4.1315737,6.7515736,5.7915735,7.9815736
-1.6384265,1.0915735,3.4215734,3.2115736,3.1415734,-2.2884264,-2.5384264,-2.7084265,3.4715736,2.5115736,1.1315734,2.0015736,1.7915735,0.8215735,3.3215735,2.8415735,0.061573487,2.5815735,2.6015735,-2.3384266,-3.3984265,-1.1784265,-0.51842654,-1.5784265,-1.1584265,1.9715735,3.8015735,4.0115733,2.2215736,0.79157346,3.0215735,-8.988426,-8.488426,-0.9384265,3.0715735,1.2515734,-0.17842652,-0.6984265,-0.64842653,0.011573486,2.3115735,1.7015735,2.5415735,-2.0684266,-0.7984265,-1.9984266,1.0315735,3.8315735,5.4615736,9.731573,6.9015737,5.1715736,2.4415734,3.7615736,7.9115734,7.1815734,7.9915733
-1.4284265,1.9115735,1.6515735,2.6315734,1.8015735,-1.1284266,-1.3584266,0.3015735,1.7615734,0.40157348,-1.0784265,0.8415735,1.5115734,1.2315735,2.1715734,2.6715734,-2.3284266,2.4015734,-0.6784265,0.23157349,-0.28842652,-0.8084265,-1.1884265,-1.1484265,1.0815735,3.3115735,2.6915734,2.0215735,0.24157348,-0.9984265,3.4715736,-0.28842652,1.1015735,-1.9984266,0.9315735,-0.34842652,-1.4484265,0.40157348,-1.0384265,0.5215735,1.2615734,-0.6184265,3.2115736,1.5015734,-0.6284265,0.6915735,3.6615734,4.4315734,3.7315736,-0.16842651,1.7015735,-2.1984265,2.9215734,5.1915736,6.9015737,7.8915734,8.601574
-1.8984265,0.24157348,0.4815735,1.5415735,1.1015735,-1.3984265,-1.2784265,-0.6284265,-0.09842651,0.4215735,0.061573487,0.54157346,1.4815735,1.0115734,1.0915735,2.3015735,1.0315735,0.20157349,-0.7484265,0.011573486,-0.34842652,0.7715735,0.091573484,2.4015734,3.1515734,2.3115735,1.2915735,0.67157346,0.9415735,-1.6784265,0.28157347,0.24157348,0.85157347,0.3615735,-0.088426515,-0.5384265,-0.9284265,-0.7284265,-0.018426513,-0.09842651,3.2115736,2.4115734,6.0015736,10.291574,4.3015733,6.1315737,2.2015734,4.6615734,2.2215736,8.091574,13.0815735,6.9315734,4.5915737,5.8715734,6.7315736,7.4215736,8.301574
-0.8684265,0.46157348,0.5115735,1.4615735,2.1315734,-0.47842652,-0.06842651,-1.0584265,-0.018426513,0.08157349,-0.9884265,0.121573485,-0.20842652,0.9415735,0.17157349,3.1715734,1.6115735,0.25157347,-0.5484265,-0.10842651,0.3215735,0.7015735,0.8115735,1.3715734,1.4315735,0.7515735,0.9415735,0.3215735,1.4215735,-0.20842652,-0.37842652,-0.14842652,0.14157349,0.3515735,-0.9484265,-0.3584265,-0.8484265,0.5115735,0.21157348,0.6415735,1.4415735,7.1015735,5.2615733,5.3915734,9.0815735,4.3915734,7.9515734,4.1615734,7.3915734,10.291574,7.8215733,3.3515735,6.5215735,5.7115736,6.2215734,6.8115735,8.271573
-0.64842653,-0.3284265,0.17157349,0.4415735,1.9415735,1.9815735,0.13157348,-0.6184265,0.4815735,-1.3684266,0.10157349,0.5515735,-0.038426515,0.8415735,1.7015735,2.1515734,1.6715735,1.3515735,0.7715735,0.07157349,0.6315735,0.6315735,0.0015734864,-0.37842652,0.5115735,0.5915735,-0.0084265135,0.4215735,1.2315735,0.66157347,-0.40842652,-0.6584265,-1.1884265,-0.6584265,-0.63842654,-0.19842651,0.28157347,0.7415735,1.7815735,1.8115735,0.40157348,0.07157349,0.37157348,2.6915734,7.9215736,7.0715733,7.7515736,8.531573,7.3715734,5.9915733,4.4115734,6.4615736,6.7715735,6.5015736,6.3415737,7.0815735,7.4015737
0.24157348,0.3315735,0.7815735,0.4215735,1.4815735,2.0615735,0.8815735,0.49157348,0.37157348,-0.2384265,-0.06842651,-0.6884265,1.5015734,0.19157349,0.5215735,1.2015735,1.5915735,1.6915735,0.37157348,-0.018426513,0.19157349,-0.20842652,0.5115735,0.7115735,0.5815735,0.7415735,-0.0084265135,0.3815735,0.7515735,1.0515735,0.14157349,-0.83842653,-1.2484266,-1.2384266,-0.89842653,-1.6184266,0.3615735,0.3015735,1.8015735,1.4215735,0.61157346,-0.4884265,0.6315735,3.9915736,6.1615734,8.411573,7.6915736,1.8015735,5.3815737,5.4615736,5.7415733,7.0715733,6.6415734,6.0615735,5.9015737,7.4115734,7.6815734
0.6415735,1.2815735,1.3815734,1.6415734,1.0115734,1.3315735,2.0515735,1.0515735,1.1715735,2.4715736,-0.21842651,-0.2384265,0.66157347,0.2615735,0.7015735,1.1915735,1.2815735,0.9515735,0.7215735,-0.038426515,0.20157349,-0.57842654,0.3615735,1.2815735,0.21157348,-0.3284265,-0.3584265,0.4115735,0.061573487,0.7115735,0.0015734864,-0.34842652,-1.3484265,-1.8284265,-0.63842654,-1.3984265,0.24157348,-0.2984265,0.91157347,1.8415735,-0.3884265,5.0015736,4.1315737,4.8315735,5.7815733,8.481573,2.8715734,5.4815736,5.5015736,4.5415735,7.1415734,5.9915733,5.6815734,5.8215733,6.6215734,7.0315733,7.4515734
1.8615735,3.0415735,4.0715733,5.6015735,5.6015735,2.5615735,1.3415735,2.3115735,2.2915735,-0.09842651,0.8715735,0.0015734864,0.17157349,0.3915735,1.3015735,1.5715735,1.0315735,0.3815735,1.0415735,0.7215735,0.5515735,-0.0084265135,-0.24842651,0.67157346,-0.6784265,-0.6884265,-0.3884265,0.2915735,0.17157349,-0.3684265,-0.4184265,-0.9484265,-1.3984265,-1.7584265,0.021573486,-1.5084265,-0.22842652,0.20157349,-1.0684265,0.24157348,3.1315734,3.8915734,6.7015734,4.3715734,5.1015735,4.2815733,4.2315736,5.2015734,5.7815733,6.7215734,5.8515735,5.7115736,6.0615735,5.5715733,6.6515737,7.3915734,8.351574
2.4215734,2.8115735,3.8715734,4.6115737,4.9215736,6.0015736,1.8615735,2.6715734,1.9215735,0.3915735,0.13157348,0.6915735,0.47157347,1.0015734,1.6815735,1.2015735,0.46157348,0.9315735,1.1615735,0.7715735,0.5215735,0.22157349,0.25157347,-0.5684265,-0.3984265,-0.27842653,-0.9084265,-0.5584265,0.16157348,-0.83842653,-0.8184265,-0.5384265,-1.5784265,-1.1584265,0.20157349,-0.19842651,-3.5484266,-4.1984267,-2.8284266,-0.34842652,2.6215734,5.2515736,4.2615733,4.0615735,5.2715735,3.2915735,5.5015736,5.2615733,4.2515736,6.7015734,5.5915737,5.6215734,5.8715734,5.6715736,6.7415733,8.201573,8.3315735
1.8215735,2.3015735,3.0215735,4.7515736,5.3515735,5.7515736,6.8315735,7.3515735,6.6615734,5.1815734,-0.5684265,0.6915735,1.0315735,1.0815735,0.9415735,0.8915735,-0.22842652,0.6915735,0.6915735,-0.17842652,0.5715735,-0.51842654,0.22157349,-0.63842654,-0.5284265,-0.3984265,-0.088426515,0.07157349,-0.5284265,-0.5484265,-1.1984265,-0.22842652,-0.43842652,0.6315735,-3.9984264,-6.0684266,-11.308427,-6.0184264,-7.7084265,-1.0484265,1.0515735,4.0915737,2.6515734,2.6315734,3.7415736,4.3615737,5.3515735,4.5815735,6.3915734,6.2315736,6.0115733,5.2715735,5.3115735,5.4315734,6.9715734,7.8715734,8.211574
0.011573486,0.86157346,2.1715734,3.2715735,4.1715736,5.1615734,5.9515734,5.8115735,6.1015735,6.4015737,0.3615735,0.8915735,1.4315735,0.8915735,0.7215735,0.7515735,0.9715735,0.3915735,0.28157347,0.3815735,-0.22842652,-0.5384265,0.061573487,-0.3984265,-0.28842652,-0.3384265,0.061573487,-0.5084265,0.10157349,-0.6184265,-0.4884265,0.61157346,-0.7284265,-0.1284265,-3.4284265,-2.2884264,-8.008427,-9.258427,-7.0484266,-2.7384264,0.5315735,0.85157347,2.0115736,2.3215735,3.5515735,4.0715733,3.7315736,7.0715733,7.0615735,5.8315735,4.3915734,4.5415735,5.4815736,5.5615735,6.4115734,6.9315734,7.3215733
0.24157348,-0.46842653,0.5815735,2.6615734,3.9815736,3.5815735,5.0115733,5.4715734,5.6515737,4.8315735,0.091573484,1.0715735,1.7615734,1.2215735,0.60157347,0.27157348,0.6215735,0.7415735,-0.2684265,0.13157348,0.031573486,-0.43842652,-0.3384265,-0.16842651,-0.058426514,0.27157348,-0.25842652,-0.1284265,0.051573485,0.051573485,-0.5984265,1.1115735,-0.40842652,-0.82842654,-0.5984265,-2.0784266,-0.6284265,-1.1284266,-5.9384265,-3.0784266,-1.6284266,0.7215735,2.4215734,3.0215735,2.6015735,4.1415734,4.8715734,3.9315734,2.7415736,2.9915736,2.3715734,3.4715736,4.7215734,5.2415733,5.4815736,5.9715734,5.9115734
-1.5384265,-1.2484266,0.19157349,1.4515735,1.3515735,1.9115735,3.2315736,4.2415733,4.2415733,4.7315736,0.61157346,1.0115734,1.8715734,0.67157346,1.0715735,-0.22842652,0.85157347,0.46157348,0.37157348,0.7415735,-0.9084265,0.031573486,-0.1284265,-0.5984265,-0.24842651,0.17157349,0.3515735,-0.088426515,0.031573486,0.16157348,0.85157347,0.22157349,-0.37842652,-1.1284266,0.031573486,-0.0084265135,-1.6284266,-1.1184266,-3.6284266,-2.2984266,-0.89842653,0.8915735,1.7715735,1.7115735,5.3815737,3.1115735,1.1815735,2.0515735,2.1615734,2.9615736,1.9515735,2.7915735,2.7015734,3.2415736,3.2115736,3.5015736,3.3015735
-3.6184266,-1.9584265,-1.1684265,0.3215735,0.08157349,0.5215735,1.5315735,2.4415734,2.5515735,3.6415734,0.8715735,1.5615735,1.0315735,1.1115735,1.2615734,0.7715735,-0.088426515,0.4415735,0.7015735,0.8115735,0.47157347,0.14157349,0.3615735,-0.28842652,0.15157348,0.061573487,0.3515735,-0.048426513,-0.6684265,-1.4684265,-0.3284265,1.0415735,0.19157349,1.5115734,-2.9784265,-1.0284265,0.18157348,-0.2384265,0.31157348,0.041573487,-0.5584265,1.6815735,1.5715735,3.8115735,3.0415735,1.2115735,0.7215735,1.0315735,1.3215735,1.6915735,-0.3884265,0.11157349,0.98157346,0.6815735,1.5515735,1.4515735,0.9415735
-3.3084266,-1.9584265,-2.6584265,-1.2684265,0.07157349,-0.6784265,1.1315734,0.3215735,1.7115735,0.6915735,1.4415735,1.2115735,0.5115735,1.6715735,2.6815734,-0.64842653,0.6515735,-0.028426513,0.8315735,0.9015735,0.6515735,0.4815735,0.5215735,0.8115735,0.3815735,0.34157348,-0.058426514,-0.51842654,-0.51842654,-0.6084265,0.5715735,1.0515735,-0.89842653,1.5415735,-5.9684267,-1.3084265,-1.8584266,-1.3084265,-0.28842652,0.8815735,0.86157346,1.3515735,1.7015735,1.7615734,0.3815735,0.6815735,0.7415735,0.54157346,-0.11842652,-0.1284265,-1.1584265,-1.2284265,-0.13842651,0.37157348,-0.048426513,-1.0484265,-0.95842654
-3.5284264,-2.2284265,-3.6284266,-1.7984265,-1.5184265,-1.3384265,-0.64842653,-0.46842653,0.11157349,1.3115735,0.3215735,0.7815735,0.5515735,1.0815735,1.2915735,0.40157348,1.0315735,0.091573484,0.8215735,0.9515735,0.7115735,0.9315735,0.66157347,0.9315735,0.91157347,0.10157349,-0.16842651,-0.43842652,-0.7284265,2.3715734,0.86157346,0.091573484,-4.6584263,-4.8884263,-2.0584266,-1.7084265,0.24157348,-1.7584265,-2.0584266,0.3915735,1.7615734,0.28157347,-0.25842652,-0.9884265,-1.1084266,-0.5284265,-0.088426515,-0.7384265,-1.6084266,-1.9584265,-2.6884265,-1.7484266,-2.0084264,-3.7984266,-4.3584266,-4.4784265,-4.2184267
-4.3284264,-3.2784264,-3.6884265,-3.3484266,-2.4284265,-1.7484266,-1.8384265,-1.4584265,-0.21842651,0.3515735,-1.2084265,0.8015735,0.46157348,1.1215734,0.6915735,1.2215735,0.91157347,1.6415734,1.0615735,0.9615735,1.0615735,0.7815735,0.3915735,0.20157349,0.3215735,1.1915735,-0.21842651,0.28157347,-0.9384265,1.2715735,0.91157347,0.10157349,-3.6284266,-3.2584264,-2.9084265,-3.3684266,2.0615735,-2.5284264,-0.018426513,1.0615735,1.9615735,-1.4184265,-1.6784265,-1.6584265,-1.6884265,-1.5684265,-1.7384266,-3.3084266,-4.6084266,-4.8084264,-4.4584265,-4.0284266,-4.0984263,-4.5084267,-5.2284265,-4.8784266,-6.7184267
-4.5984263,-4.1384263,-3.6684265,-2.9684265,-2.3484266,-2.8584266,-2.4184265,-1.9484265,-0.8484265,-1.1484265,-0.4884265,-0.0084265135,1.1215734,1.1615735,1.0115734,0.8115735,1.2515734,1.4615735,1.6715735,1.0815735,0.6415735,0.7215735,0.25157347,0.34157348,0.21157348,0.5615735,-0.5984265,-0.8584265,-0.1284265,1.5615735,-0.6984265,-0.5484265,-4.0284266,-3.3884265,-1.5784265,-2.1584265,-0.4584265,-1.4784265,0.4115735,0.49157348,-1.7984265,-2.9484265,-3.0084264,-2.6684265,-2.8284266,-3.3084266,-4.3584266,-5.4484267,-5.9684267,-5.8884263,-6.1484265,-6.0784264,-6.9784265,-6.5384264,-7.2384267,-6.5684266,-6.8484263
-4.9784265,-4.5184264,-4.1084266,-3.3684266,-3.4484265,-3.5084264,-2.8884265,-1.8384265,-1.2784265,-0.82842654,-0.6084265,0.49157348,0.85157347,0.61157346,0.5615735,1.9215735,2.4915736,1.1415734,0.79157346,0.5215735,0.3315735,0.34157348,0.7515735,-0.088426515,-0.5584265,-1.0384265,-1.1384265,-0.89842653,-0.76842654,-1.2184265,-2.4484265,-0.7484265,-3.9484265,-4.9884267,-3.5984266,-3.0084264,-3.5784266,-2.4984264,-0.5384265,1.8115735,-3.7684264,-4.4584265,-4.4184265,-4.5184264,-5.6484265,-6.2584267,-6.7884264,-7.8384266,-8.138427,-8.568426,-9.018427,-8.308427,-8.548427,-8.688427,-8.518427,-8.508427,-7.7384267
-5.7884264,-5.2984266,-4.6484265,-3.8884265,-3.1884265,-3.3484266,-3.0084264,-2.6784265,-1.6384265,-1.1084266,0.6415735,1.7615734,1.7515734,-0.58842653,0.86157346,1.8615735,1.5615735,1.1515735,0.5715735,1.2415735,0.85157347,-0.3384265,-0.6584265,0.49157348,-1.1384265,-0.21842651,-1.0684265,-1.3284265,-2.2384264,-1.1384265,-2.3084266,-0.15842651,-3.1484265,-3.7784264,-3.5284264,-1.4184265,-2.6284266,-0.8084265,0.5915735,-2.9284265,-4.3484263,-5.8384266,-5.5484266,-6.0984263,-6.7184267,-7.8084264,-8.098427,-8.1684265,-7.8584266,-8.088427,-8.538426,-8.948426,-8.978427,-8.898426,-8.938427,-8.598427,-7.7384267
-5.5284266,-5.4584265,-5.3284264,-4.3484263,-3.6784265,-3.5584266,-2.8984265,-2.3184266,-2.2284265,-1.4884266,-0.31842652,3.3515735,0.4415735,-0.7384265,0.91157347,0.73157346,1.4915735,1.0115734,-0.7584265,0.4515735,0.11157349,0.31157348,-1.3884265,-1.1984265,-0.2984265,-1.6084266,-0.2384265,0.041573487,-0.9684265,-1.6484265,-4.1584263,-3.5684266,-2.2184265,-3.0984266,-3.5284264,-1.2984265,-1.8784266,0.20157349,0.9915735,-0.22842652,-4.6284266,-6.3684263,-6.4884267,-6.4784265,-6.7684264,-7.2084265,-7.7284265,-8.6684265,-7.9484267,-8.178427,-8.518427,-9.358426,-9.338427,-8.978427,-9.148426,-8.808427,-8.148426
-5.8584266,-5.4884267,-5.1584263,-4.7384267,-4.3984265,-3.9684265,-3.3984265,-2.7584264,-1.9384265,-1.2084265,0.08157349,1.6315734,0.5215735,-0.5584265,-0.18842651,0.3615735,1.5615735,1.4715735,-0.76842654,-0.5084265,0.3815735,-0.6584265,-1.3984265,-1.5284265,-0.18842651,-0.9784265,-1.0584265,-0.34842652,0.23157349,-0.88842654,-0.058426514,-2.2584264,-1.0184265,-5.3384266,-0.9884265,-1.8884265,-1.8284265,-1.3984265,-0.3884265,0.051573485,-4.9584265,-5.8284264,-6.5284266,-7.3984265,-7.5584264,-7.3084264,-8.068426,-8.878427,-8.708426,-9.258427,-9.208426,-9.378427,-9.528426,-9.248426,-9.358426,-9.278426,-8.188427
-6.2884264,-5.6984267,-5.3084264,-4.8384266,-4.1584263,-3.9584265,-3.4584265,-2.6584265,-1.3384265,-0.3984265,0.061573487,1.2315735,1.4315735,0.3615735,0.34157348,1.1915735,0.7815735,0.19157349,-0.9684265,-0.19842651,-0.24842651,-0.8684265,0.5915735,-0.8184265,-1.4684265,0.07157349,1.0615735,-2.6184266,-1.2684265,-1.8784266,-2.9484265,-2.3584266,-1.5684265,-1.0784265,0.11157349,-1.1884265,1.1215734,-1.1284266,-0.7284265,0.3315735,-4.7784266,-5.4084263,-5.3684263,-4.9284267,-7.7084265,-8.398426,-8.578426,-9.428427,-9.238426,-9.728427,-9.258427,-9.788426,-9.688427,-9.508427,-9.528426,-9.4184265,-9.278426
