json-data/2022072612.json
{"header": {"discipline":0,"disciplineName":"Meteorological products","gribEdition":2,"gribLength":79604,"center":7,"centerName":"US National Weather Service - NCEP(WMC)","subcenter":0,"refTime":"2022-07-26T12:00:00.000Z","significanceOfRT":1,"significanceOfRTName":"Start of forecast","productStatus":0,"productStatusName":"Operational products","productType":1,"productTypeName":"Forecast products","productDefinitionTemplate":0,"productDefinitionTemplateName":"Analysis/forecast at horizontal level/layer at a point in time","parameterCategory":2,"parameterCategoryName":"Momentum","parameterNumber":2,"parameterNumberName":"U-component_of_wind","parameterUnit":"m.s-1","genProcessType":2,"genProcessTypeName":"Forecast","forecastTime":0,"surface1Type":103,"surface1TypeName":"Specified height level above ground","surface1Value":10.0,"surface2Type":255,"surface2TypeName":"Missing","surface2Value":0.0,"gridDefinitionTemplate":0,"gridDefinitionTemplateName":"Latitude_Longitude","numberPoints":65160,"shape":6,"shapeName":"Earth spherical with radius of 6,371,229.0 m","gridUnits":"degrees","resolution":48,"winds":"true","scanMode":0,"nx":360,"ny":181,"basicAngle":0,"lo1":0.0,"la1":90.0,"lo2":359.0,"la2":-90.0,"dx":1.0,"dy":1.0}, "data":
[rows 26 to 51 of 181, columns 174 to 231 of 360]
0.39138916,1.4713892,1.7713891,-0.6686108,-2.768611,-0.7286108,-1.7186109,-0.09861084,2.1513891,3.661389,3.5613892,6.501389,3.7713892,9.161389,0.47138917,2.0413892,5.711389,8.891389,11.191389,12.301389,13.341389,14.241389,14.911389,15.401389,15.361389,13.351389,5.551389,2.8913891,2.201389,3.0113893,3.7613893,3.4013891,2.921389,3.7913892,6.2213893,3.3413892,1.9613892,0.04138916,1.7213892,0.76138914,1.7613891,2.731389,3.8213892,3.0513892,0.60138917,1.6013892,0.45138916,0.88138914,0.32138917,-1.2386109,-0.28861085,-0.5886108,-1.0686108,-1.7186109,-1.1286108,-1.3286109,1.6313891,1.3613892
-0.82861084,0.74138916,1.2313892,-0.34861085,-0.00861084,1.5113891,1.3113892,0.99138916,0.32138917,1.4113891,3.231389,5.1413894,6.611389,7.631389,8.201389,8.551389,8.861389,9.511389,10.46139,11.981389,12.151389,11.071389,6.711389,6.901389,7.941389,6.881389,3.711389,4.081389,5.361389,3.161389,2.5813892,2.2613893,4.001389,5.771389,2.5613892,1.7513891,0.15138917,1.3913891,2.0713892,1.7713891,-1.0086108,0.18138915,3.8013892,2.3913891,4.051389,0.48138916,0.11138916,0.63138914,-1.2786108,-1.4186108,-1.7286109,-0.9186108,-1.7986108,-1.7186109,-0.8486108,-0.20861083,-0.63861084,0.36138916
0.40138915,-1.0386108,-2.308611,-3.4586108,-3.4286108,-3.1786108,-2.7186108,-2.7386107,-1.4286108,-0.05861084,1.2413892,2.481389,3.8213892,4.6813893,5.4513893,7.771389,9.21139,9.911389,10.091389,11.361389,12.241389,8.321389,7.351389,7.051389,4.941389,4.2013893,5.091389,3.3813891,2.8013892,1.9113891,0.94138914,0.7213892,2.2513893,1.2313892,2.951389,-2.018611,-1.4386108,2.3413892,2.951389,2.171389,0.93138915,-2.318611,0.27138916,2.0213892,1.7213892,2.481389,-0.46861085,-0.33861083,-1.6886108,-0.28861085,-2.328611,-1.4486108,-0.24861084,-0.00861084,-0.7286108,-0.37861085,-0.94861084,0.85138917
-2.4186108,-2.2086108,-1.8186108,0.55138916,1.4113891,0.05138916,0.31138915,4.191389,-0.31861085,2.421389,1.1813892,1.1513891,1.0213891,1.8213892,2.961389,3.8313892,5.071389,6.8913894,7.501389,8.041389,10.17139,9.17139,8.721389,7.081389,5.821389,4.8713894,4.561389,3.7713892,1.4213891,-0.01861084,-0.12861083,0.33138916,0.6513892,2.5013893,2.5813892,1.3713892,3.1413891,-0.82861084,-0.36861083,-0.15861084,1.0413891,0.26138917,0.81138915,0.34138915,-0.14861085,0.45138916,3.931389,2.5013893,-2.048611,1.2213892,0.50138915,-2.2486107,-1.8386109,-0.06861084,0.0113891605,1.2913891,1.4513892,0.23138916
6.631389,6.7613893,5.731389,5.001389,5.2413893,6.111389,6.6613894,6.1413894,5.751389,7.091389,7.751389,7.941389,8.551389,9.391389,8.841389,8.241389,5.8913894,4.4913893,5.9913893,6.091389,6.091389,8.701389,7.601389,5.321389,7.361389,1.0913892,0.11138916,1.3013892,1.4813892,1.6813892,2.5713892,-0.00861084,2.1113892,4.091389,6.441389,-0.20861083,3.8213892,-0.99861085,1.4313892,3.2413893,3.191389,5.2613893,5.821389,-5.218611,-3.778611,-2.2586107,-1.1586108,1.4213891,1.2013892,-0.9786108,1.4513892,2.0013893,0.25138915,0.27138916,-0.54861087,1.2313892,2.1413891,1.4313892
6.0113893,6.2413893,5.8713894,5.9513893,5.301389,5.071389,4.7413893,4.441389,4.9113894,5.541389,6.2613893,6.771389,7.2013893,7.6213894,7.671389,7.271389,6.981389,5.401389,4.821389,5.361389,5.811389,6.3913894,7.3713894,7.311389,6.311389,0.92138916,3.721389,3.0713892,3.5613892,3.221389,0.79138917,1.8313892,2.3513892,9.13139,9.191389,8.601389,10.891389,10.621389,9.061389,7.031389,6.551389,7.541389,7.351389,7.051389,6.301389,5.731389,4.6413894,2.0913892,-0.99861085,-1.0486108,-0.49861085,-1.9986109,2.5713892,0.20138916,0.30138916,1.4713892,1.5413891,1.6113892
6.4113894,5.921389,6.1413894,6.101389,6.051389,5.051389,4.361389,4.171389,4.131389,4.4913893,4.591389,4.921389,5.131389,5.4913893,5.851389,5.921389,6.5113893,6.6413894,6.0113893,5.551389,5.4713893,5.461389,5.671389,5.361389,5.7013893,5.8713894,6.401389,4.501389,5.2213893,1.7513891,0.88138914,3.5413892,6.6413894,3.701389,8.221389,7.521389,5.001389,6.321389,8.561389,8.781389,8.621389,8.71139,8.471389,7.541389,7.481389,6.6813893,6.051389,5.7613893,5.421389,2.0513892,1.0713892,0.09138916,-0.33861083,-0.40861085,3.8013892,0.9713892,-0.5286108,1.0313891
6.271389,4.831389,4.6613894,4.7613893,4.7013893,4.551389,4.541389,4.041389,3.3013892,3.4013891,3.4913893,4.111389,4.071389,3.5913892,3.6313891,4.2013893,4.7413893,5.2013893,5.551389,5.671389,5.481389,5.6413894,5.961389,6.311389,5.731389,4.9313893,4.7213893,2.6413891,1.1613891,1.5713892,-2.1386108,2.421389,1.1813892,5.7213893,7.0113893,7.081389,7.031389,7.6613894,7.421389,7.581389,7.941389,7.771389,7.541389,7.2613893,7.071389,7.191389,7.131389,6.441389,5.4713893,4.651389,1.3013892,2.421389,0.33138916,0.45138916,2.0113893,2.3113892,0.64138913,1.2213892
5.301389,5.0113893,4.291389,4.251389,3.201389,3.211389,2.8813891,2.8813891,2.6113892,2.3613892,2.3813891,2.5013893,2.2513893,2.471389,2.5213892,2.5613892,2.8313892,3.5213892,3.8413892,4.2213893,4.651389,4.751389,4.7613893,4.811389,4.6613894,2.3113892,-0.05861084,-0.17861085,-2.8886108,-1.3086108,2.2513893,3.1113892,2.721389,3.461389,4.2613893,5.081389,5.731389,6.811389,6.1613894,6.2013893,5.791389,6.571389,7.051389,7.291389,7.601389,7.531389,7.7013893,7.111389,6.2413893,5.801389,5.331389,5.6813893,2.911389,1.5413891,0.21138915,0.22138916,-0.93861085,-0.07861084
2.421389,2.3313892,2.1113892,1.8713892,1.6213892,1.3313892,1.4413892,1.6713891,1.9413892,2.3313892,2.161389,2.9913893,1.8513892,1.6613891,0.60138917,1.1613891,1.1413891,1.0813892,1.5513892,1.6713891,1.9913892,1.7113892,1.3113892,0.74138916,-0.28861085,-4.168611,-0.56861085,1.9713892,3.8313892,2.3513892,1.3413892,2.231389,2.4913893,2.5413892,2.5413892,3.4913893,4.001389,4.361389,4.211389,5.211389,6.171389,5.751389,6.421389,6.9313893,7.301389,6.781389,8.821389,7.1813893,6.691389,5.8913894,5.921389,5.7013893,4.271389,2.3513892,1.6813892,0.0013891602,-1.6486108,0.41138917
-1.8886108,-1.4686109,-1.5886109,-1.4986109,-1.2486109,-0.6586108,-0.26861084,-0.17861085,-0.33861083,-0.74861085,-0.56861085,-0.26861084,-0.27861083,-0.64861083,0.14138916,-0.7186108,-0.41861084,-1.7086109,-2.1086109,-1.6786108,-1.6486108,0.76138914,1.9613892,-0.22861084,-0.26861084,0.29138917,-2.1786108,-0.95861083,-1.1286108,-2.018611,-2.068611,-1.8586109,-1.4386108,-0.74861085,0.5313892,0.92138916,1.7413892,2.411389,2.8513892,4.601389,5.461389,5.6813893,6.341389,6.9713893,8.151389,8.291389,7.321389,7.731389,6.861389,6.2213893,5.441389,5.4713893,5.9113894,1.9213891,6.101389,8.181389,0.60138917,0.48138916
-5.7986107,-5.8586106,-5.5486107,-4.958611,-4.268611,-4.368611,-3.788611,-3.1986108,-3.2486107,-2.7186108,-3.4186108,-4.018611,-3.3486109,-1.0686108,-2.318611,-1.9486108,-1.7186109,-0.95861083,-2.9986107,-3.2386107,-2.9086108,-1.9586109,-2.8686109,-1.8686109,-0.88861084,-1.6086109,-2.028611,-3.9586108,-3.518611,-4.368611,-5.328611,-5.788611,-5.3586106,-4.5086107,-3.8686109,-0.7786108,0.86138916,0.67138916,1.5613892,3.1413891,4.4913893,6.271389,5.9513893,5.771389,5.731389,6.501389,7.071389,5.611389,6.561389,5.331389,4.801389,5.131389,4.9313893,4.9913893,0.61138916,7.331389,9.111389,0.20138916
-8.61861,-8.208611,-7.5686107,-7.218611,-7.3386106,-5.448611,-6.018611,-6.9886107,-4.958611,-2.4586108,-2.9086108,-4.2386107,-3.2486107,-3.078611,-2.9286108,-3.4986107,-3.338611,-2.6086109,-2.6086109,-3.5086107,-3.1886108,-3.4786108,-4.0886106,-4.3186107,-4.288611,-4.4886107,-5.948611,-6.0286107,-6.5886106,-6.748611,-7.688611,-0.9686108,1.5313891,0.34138915,1.1813892,1.2513891,1.4213891,2.0413892,2.6513891,3.3313892,3.6113892,4.551389,4.981389,6.1413894,6.561389,6.021389,5.7213893,4.921389,4.781389,4.8713894,4.281389,4.3913894,4.6813893,6.2413893,7.4713893,2.3713892,5.611389,5.051389
-9.938611,-9.268611,-9.238611,-8.878611,-7.808611,-7.468611,-7.228611,-7.398611,-7.668611,-6.538611,-5.6286106,-4.648611,-4.3386106,-3.6586108,-3.4486108,-3.4686108,-4.078611,-4.0486107,-4.158611,-4.5086107,-3.7086108,-4.148611,-4.708611,-4.538611,-5.168611,-5.498611,-6.788611,-7.5886106,-7.288611,0.73138916,1.2213892,0.40138915,1.2413892,0.5313892,2.911389,1.2413892,2.411389,2.3113892,4.7213893,4.331389,3.7613893,4.2213893,4.7213893,5.631389,5.691389,5.551389,4.631389,3.8413892,4.1213894,3.451389,3.691389,4.441389,5.551389,5.481389,5.191389,5.131389,4.071389,2.2613893
-11.858611,-11.718611,-11.008611,-10.818611,-10.378611,-10.218611,-9.278611,-8.428611,-8.088611,-7.938611,-8.03861,-7.5486107,-7.1086106,-6.5486107,-6.3786106,-5.938611,-5.3586106,-5.9886107,-6.7386107,-5.268611,-4.5886106,-4.7586107,-5.388611,-5.638611,-5.118611,-5.478611,-6.448611,-0.25861084,-0.09861084,-1.1886108,-1.6586108,0.76138914,0.32138917,0.76138914,1.3213892,1.7313892,1.8013892,2.4913893,3.7713892,4.541389,3.5813892,4.131389,5.291389,5.2013893,5.381389,4.851389,3.2413893,3.0413892,2.481389,2.701389,3.4013891,3.701389,4.4513893,5.191389,4.901389,4.561389,3.7813892,2.971389
-13.638611,-13.688611,-13.518611,-12.668611,-12.338611,-11.768611,-10.018611,-9.688611,-9.4986105,-8.468611,-8.448611,-7.458611,-8.128611,-8.11861,-8.098611,-7.708611,-7.388611,-7.888611,-7.518611,-6.348611,-5.2986107,-5.638611,-5.418611,-4.938611,-5.178611,-4.078611,2.5213892,2.3613892,3.701389,1.2413892,0.16138916,-0.06861084,0.61138916,0.40138915,0.93138915,2.0513892,2.5213892,2.1513891,2.6513891,2.8713892,3.461389,3.8513892,2.701389,2.2813892,4.051389,3.2813892,2.5213892,2.7613893,1.8713892,2.941389,2.7413893,2.6513891,3.1013892,3.8913891,4.331389,4.111389,3.7713892,2.5313892
-12.228611,-13.238611,-13.2486105,-12.948611,-13.458611,-12.818611,-11.978611,-10.628611,-10.028611,-8.718611,-8.928611,-8.158611,-8.378611,-7.958611,-7.688611,-8.088611,-8.688611,-8.268611,-7.698611,-7.058611,-6.098611,-5.2986107,-5.058611,-6.098611,-3.9386108,3.0113893,1.6113892,3.1013892,2.4913893,0.8413892,0.9113892,0.23138916,0.09138916,0.38138917,0.79138917,1.7713891,2.181389,2.961389,2.711389,3.5313892,3.6013892,4.2213893,3.181389,2.971389,2.701389,2.6113892,1.7113892,1.6413891,1.6413891,1.8513892,2.2413893,2.3113892,2.8313892,3.0913892,2.431389,4.191389,3.3413892,2.191389
3.5013893,2.191389,-6.168611,-9.458611,-9.658611,-12.168611,-11.198611,-10.208611,-10.148611,-8.4986105,-7.6086106,-8.898611,-8.458611,-7.748611,-7.7986107,-7.468611,-6.9886107,-7.708611,-7.708611,-6.6086106,-5.678611,-5.428611,-5.648611,-3.6286108,-2.1986108,-0.5286108,1.1113892,1.6813892,2.6413891,0.80138916,0.98138916,0.04138916,-0.48861083,0.04138916,0.94138914,1.6113892,1.9613892,1.9113891,2.8913891,2.951389,3.3313892,2.9013891,2.2413893,1.5713892,1.9213891,1.4813892,0.98138916,0.6513892,0.86138916,1.4613892,2.181389,2.3813891,1.9713892,2.8813891,1.7613891,3.171389,4.6613894,2.8113892
3.921389,4.1813893,3.8013892,-0.48861083,-3.798611,-6.788611,-8.108611,-8.268611,-8.53861,-7.8386106,-7.538611,-7.6286106,-7.308611,-7.0486107,-8.068611,-7.398611,-8.838611,-7.038611,-6.3186107,-6.5686107,-6.538611,-5.148611,-4.0486107,2.3313892,0.36138916,-0.10861084,-0.9086108,-0.16861084,1.2913891,0.40138915,0.61138916,0.32138917,-0.7786108,0.32138917,0.6513892,1.0113891,1.3213892,1.7313892,2.3013892,2.3813891,2.0813892,1.4613892,0.80138916,1.2513891,1.2113892,1.1213892,0.9613892,0.31138915,0.60138917,0.87138915,1.3713892,1.3313892,1.4813892,2.3713892,2.0213892,2.8313892,2.0613892,1.8613892
2.3413892,3.3513892,3.5313892,3.8813891,-0.08861084,-3.8686109,-6.2786107,-7.268611,-6.618611,-6.118611,-6.5286107,-5.1086106,-5.3586106,-4.5486107,-4.5886106,-5.228611,-5.3186107,-5.408611,-5.018611,-5.058611,-3.308611,4.021389,3.3313892,1.9713892,2.5213892,1.5013891,0.46138915,0.05138916,0.39138916,1.3613892,-0.21861084,0.20138916,-0.29861084,0.09138916,0.14138916,0.23138916,0.41138917,1.2513891,1.6613891,0.74138916,0.44138917,-0.05861084,-0.26861084,0.57138914,0.47138917,1.0813892,1.0413891,0.67138916,-0.08861084,0.41138917,0.55138916,0.7113892,1.0213891,0.87138915,1.7913891,2.3713892,2.5613892,1.8813891
4.1613894,3.5413892,4.131389,3.8713892,3.0613892,2.5013893,0.28138915,-4.7586107,-5.868611,-4.8186107,-3.7586107,-2.8586109,-0.44861084,0.44138917,1.5413891,4.831389,4.421389,1.1313891,3.441389,4.7613893,4.601389,3.8313892,3.421389,1.3913891,1.5013891,2.9013891,1.1013892,0.7213892,0.28138915,-0.14861085,-0.07861084,0.37138915,-0.7786108,0.14138916,-0.05861084,0.13138916,0.9613892,-0.22861084,-0.61861086,-0.79861087,-0.60861087,-0.48861083,-0.23861083,0.28138915,1.5913892,1.5813892,1.3613892,0.8313892,-0.17861085,-0.5386108,1.0313891,0.67138916,0.29138917,-0.13861084,0.45138916,0.63138914,0.9113892,0.86138916
6.1213894,5.561389,4.2413893,4.231389,3.661389,2.691389,3.5013893,2.711389,0.17138916,-3.768611,-2.038611,-2.308611,-0.28861085,1.2813891,4.091389,4.611389,4.751389,4.611389,4.421389,3.911389,4.401389,4.851389,3.8913891,2.2513893,1.5113891,3.8113892,1.8613892,1.1413891,-0.31861085,-0.43861085,-0.38861084,-0.6586108,-0.60861087,-0.5986108,0.031389162,0.18138915,-0.38861084,0.51138914,-1.2986108,-1.9986109,-1.3186108,-1.2686108,-1.6086109,-0.19861084,0.73138916,1.4213891,2.1213892,0.89138913,-0.07861084,-0.34861085,-0.23861083,-0.28861085,-0.27861083,0.13138916,0.57138914,-0.01861084,-0.07861084,-0.26861084
6.111389,6.1813893,6.061389,5.571389,3.9013891,3.481389,4.2613893,3.0713892,4.4713893,0.79138917,-0.57861084,1.5213891,2.1013892,2.3713892,3.2813892,2.941389,3.6213892,3.9013891,4.251389,5.7013893,5.6213894,6.1813893,2.711389,4.571389,3.5013893,2.5213892,1.7313892,1.9313892,1.1813892,-0.6586108,-0.5886108,-0.38861084,-1.2486109,-1.0486108,-0.38861084,-0.54861087,-1.2086109,-2.3586109,-1.9886109,-2.538611,-2.068611,-2.4386108,-2.028611,-1.2086109,-0.99861085,0.89138913,1.2013892,1.4813892,-0.31861085,-0.08861084,0.33138916,0.40138915,1.0313891,0.22138916,-0.47861084,0.32138917,-0.16861084,0.17138916
5.9313893,6.2613893,6.861389,7.1413894,6.381389,4.901389,4.1413894,5.2413893,7.0113893,5.401389,1.4813892,2.441389,3.3213892,3.2713892,4.5113893,4.711389,4.481389,5.2213893,5.941389,6.461389,5.191389,4.5113893,4.001389,3.0213892,2.3413892,2.3613892,2.2713892,0.9713892,0.031389162,-1.0286108,-1.1486108,-2.4886107,-3.078611,-1.9786109,-1.9986109,-2.0986109,-3.7386107,-2.7386107,-3.4586108,-3.7286108,-3.7286108,-3.1886108,-1.8986108,-3.018611,-1.8686109,-0.73861086,0.80138916,1.8813891,1.4913892,0.34138915,0.37138915,0.55138916,0.45138916,0.79138917,0.55138916,0.33138916,0.6513892,-0.07861084
5.321389,5.9113894,7.6213894,6.311389,6.361389,6.9513893,6.481389,6.211389,6.561389,5.771389,5.061389,3.4013891,3.971389,4.751389,5.5113893,6.941389,6.591389,6.711389,5.9513893,4.9513893,4.9513893,3.8813891,3.3213892,3.0913892,2.451389,2.0913892,1.6713891,1.9413892,-0.63861084,-1.5786109,-1.4286108,-2.5086107,-3.838611,-2.8786108,-3.3586109,-3.9086108,-3.9886107,-4.2786107,-3.558611,-3.3686109,-5.0686107,-4.4886107,-3.7486107,-3.778611,-2.838611,-2.4186108,-1.4586109,0.55138916,1.8513892,1.1513891,1.0813892,1.1813892,0.7113892,0.5213892,0.9013892,1.3213892,0.30138916,0.24138916
5.2613893,4.691389,5.541389,6.4313893,5.7413893,4.6613894,5.541389,5.041389,4.811389,5.061389,5.341389,4.5113893,4.501389,5.481389,6.271389,5.751389,5.551389,5.071389,4.421389,4.3913894,3.9913893,3.5113893,3.3013892,3.2513893,2.7713892,2.681389,2.0613892,0.6613892,-1.7886108,-2.528611,-2.4486108,-3.768611,-3.7186108,-3.6786108,-4.7386107,-5.0486107,-5.558611,-5.908611,-5.598611,-4.438611,-4.558611,-4.978611,-4.0286107,-4.5486107,-3.338611,-2.6586108,-2.1786108,-1.6986108,-0.38861084,0.6513892,0.67138916,0.09138916,-0.22861084,0.9713892,0.76138914,0.81138915,1.0813892,0.61138916
