json-data/2022072312.json
{"header": {"discipline":0,"disciplineName":"Meteorological products","gribEdition":2,"gribLength":78931,"center":7,"centerName":"US National Weather Service - NCEP(WMC)","subcenter":0,"refTime":"2022-07-23T12:00:00.000Z","significanceOfRT":1,"significanceOfRTName":"Start of forecast","productStatus":0,"productStatusName":"Operational products","productType":1,"productTypeName":"Forecast products","productDefinitionTemplate":0,"productDefinitionTemplateName":"Analysis/forecast at horizontal level/layer at a point in time","parameterCategory":2,"parameterCategoryName":"Momentum","parameterNumber":3,"parameterNumberName":"V-component_of_wind","parameterUnit":"m.s-1","genProcessType":2,"genProcessTypeName":"Forecast","forecastTime":0,"surface1Type":103,"surface1TypeName":"Specified height level above ground","surface1Value":10.0,"surface2Type":255,"surface2TypeName":"Missing","surface2Value":0.0,"gridDefinitionTemplate":0,"gridDefinitionTemplateName":"Latitude_Longitude","numberPoints":65160,"shape":6,"shapeName":"Earth spherical with radius of 6,371,229.0 m","gridUnits":"degrees","resolution":48,"winds":"true","scanMode":0,"nx":360,"ny":181,"basicAngle":0,"lo1":0.0,"la1":90.0,"lo2":359.0,"la2":-90.0,"dx":1.0,"dy":1.0}, "data":
[rows 104 to 129 of 181, columns 59 to 117 of 360]
5.7361913,5.6361914,5.586191,5.8261914,5.9561915,5.2061915,4.9161916,4.3561916,4.6561913,5.6061916,5.3961916,6.026191,5.816191,5.836191,6.6561913,6.046191,4.546191,3.9861915,4.4361916,4.9261913,4.8961916,5.9061913,6.1661916,6.316191,6.1961913,6.316191,6.2461915,6.5761914,5.836191,5.7161913,6.026191,6.1261916,6.2861915,6.336191,7.086191,7.796191,7.9361916,8.0161915,7.9161916,7.586191,7.776191,8.056191,8.436192,8.706191,8.816192,9.066192,8.116192,4.6561913,3.0361915,2.5261915,2.6561913,4.026191,5.8961916,6.086191,5.0061913,2.6461914,2.8461914,2.1161914,2.1561913
5.5061913,5.0961914,5.566191,6.1961913,5.9061913,6.276191,6.1461916,5.8661914,5.1861916,5.3061914,4.8861914,5.3061914,5.296191,6.0061913,5.1661916,5.546191,5.776191,5.6561913,4.4961915,5.1161914,5.6361914,6.566191,6.3761916,6.1261916,5.5161915,5.4361916,5.2561913,5.4261913,5.6661916,5.7161913,5.4061913,5.2361913,5.7161913,5.7461915,5.9561915,6.2461915,6.2661915,6.3761916,7.046191,7.4761915,7.6061916,7.546191,7.026191,7.5161915,8.366192,8.2661915,8.186192,7.6661916,7.3661914,7.1061916,7.1261916,8.026192,7.276191,6.4161916,6.2361913,5.6861916,4.526191,2.2461915,2.1661913
5.0961914,5.0361915,5.276191,5.7361913,5.6061916,6.0061913,5.7161913,6.1361914,5.1361914,5.5361915,5.7661915,5.4161916,4.4161916,4.1561913,4.2261915,4.7061915,4.4061913,4.3761916,4.4561915,3.9861915,4.296191,4.7661915,5.066191,4.6961913,5.4861913,5.3061914,5.3761916,5.3861914,5.026191,5.0761914,4.6561913,4.1861916,4.0961914,4.6461916,5.4861913,5.7061915,5.836191,6.4361916,6.8461914,6.8261914,6.9361916,7.0761914,7.1661916,7.276191,7.6361914,7.776191,7.9761915,8.356192,7.8061914,7.4061913,7.9261913,7.276191,7.0761914,7.4761915,7.6561913,6.6761913,5.0561914,4.1161914,3.2561915
4.5361915,4.6961913,4.4861913,4.5561914,5.0761914,5.7661915,5.8861914,5.6361914,5.6161914,6.1461916,5.4961915,5.796191,4.8961916,3.4961915,3.0761914,2.8661914,2.6261914,3.1461914,3.3461914,3.6061914,4.316191,4.6761913,4.4161916,4.8061914,5.296191,4.7261915,4.5361915,4.2861915,4.586191,4.3061914,4.046191,3.5661914,3.8461914,4.4061913,4.6961913,5.2661915,5.6761913,6.0161915,6.2561913,6.5761914,6.4761915,6.5761914,6.9161916,7.6861916,7.6261916,8.236192,8.2261915,7.316191,8.066192,7.2661915,7.4361916,7.7061915,7.9461913,7.9261913,7.1661916,6.8461914,6.5761914,6.5761914,2.9861915
4.4561915,4.8061914,5.2861915,5.3761916,4.8561916,5.1361914,5.1561913,5.026191,5.6461916,5.776191,5.7561913,5.1261916,4.8061914,4.9861913,3.8861914,2.3161914,2.4861915,2.0261915,3.0861914,3.6761913,3.5261915,3.4861915,4.0561914,3.6861913,5.066191,4.8961916,4.4461913,5.1261916,4.2361913,4.0961914,3.5961914,3.4561913,3.6061914,3.6861913,4.1061916,4.526191,5.0361915,5.6161914,5.5761914,5.9861913,6.3061914,6.1361914,6.6061916,6.7461915,6.8061914,7.566191,8.416191,8.376191,7.8261914,8.096191,7.816191,7.796191,7.7061915,7.816191,7.8561916,7.4161916,6.2261915,4.8761916,4.9061913
3.9661913,4.316191,4.9161916,5.1961913,5.9061913,5.7261915,5.9661913,6.0961914,6.6261916,6.1161914,5.6361914,5.4061913,5.0361915,5.6061916,6.336191,4.9661913,2.4761915,2.3161914,2.2161913,2.4161913,2.0761914,3.1461914,3.4361913,3.3261914,3.5361915,4.5761914,3.8561914,4.7061915,4.526191,4.6761913,4.336191,4.546191,3.0661914,3.6761913,4.296191,3.9461913,4.1961913,4.586191,4.8661914,5.6361914,6.2061915,6.4361916,6.9961915,7.1061916,7.4361916,7.9661913,8.096191,7.9861913,8.5161915,8.286191,8.196192,8.066192,8.256191,8.466191,7.796191,7.9361916,7.9061913,6.0561914,3.7961915
3.7261915,4.4961915,4.7461915,5.3561916,5.8961916,6.2161913,6.6361914,6.4161916,6.8761916,6.6161914,6.336191,6.7361913,6.526191,6.1961913,6.8061914,6.276191,5.086191,3.3261914,3.2561915,3.5661914,3.4761915,4.1761913,3.7561915,4.0761914,4.3061914,4.4361916,3.8461914,3.9361913,4.9061913,4.2361913,4.1361914,4.0361915,4.066191,3.7661915,4.0761914,3.5661914,4.4261913,4.2561913,5.0361915,5.6361914,6.296191,7.1361914,7.3561916,8.026192,8.466191,8.7261915,8.536191,8.546191,9.066192,9.286191,9.316192,9.556191,9.036191,8.996191,9.256191,8.556191,9.026192,6.816191,3.6161914
3.5461915,3.7861915,4.6061916,5.1661916,5.2361913,5.8961916,6.336191,6.2461915,6.2361913,6.6161914,6.9161916,6.1161914,6.3861914,6.2461915,6.6461916,6.3961916,5.6761913,4.4661913,4.3961916,3.7761915,3.7061913,3.9561913,4.796191,4.776191,4.1461916,3.5561914,3.6061914,3.8261914,4.4161916,4.5761914,4.5161915,4.0061913,3.7361915,3.0061915,3.6061914,3.9661913,4.7461915,4.6361914,5.3461914,5.6461916,6.4261913,7.0061913,7.566191,8.166191,8.656192,8.816192,9.026192,9.136191,9.056191,8.836191,8.776192,9.096191,9.286191,9.0161915,9.356192,9.346191,8.716191,6.9261913,4.9461913
2.9961915,4.0061913,4.2461915,5.296191,5.0361915,5.7661915,6.4361916,7.5761914,7.2361913,6.816191,6.6261916,6.316191,5.6961913,5.4161916,5.7261915,5.2661915,6.1161914,5.836191,5.9161916,4.7661915,3.0861914,3.6361914,5.0161915,5.3861914,4.9561915,4.8061914,4.0061913,3.5061915,2.9061913,3.2761915,3.1361914,3.0861914,3.3461914,3.3461914,4.086191,4.7261915,4.9661913,5.5061913,5.526191,5.9461913,6.1761913,6.1661916,6.3461914,7.0561914,7.8061914,9.006191,9.406192,9.556191,9.246191,9.366192,9.636191,8.896192,9.0161915,8.846191,8.646192,6.1761913,4.6761913,5.4261913,5.6961913
3.3461914,3.9961915,3.8261914,5.2261915,5.526191,6.0561914,6.6761913,5.4661913,6.796191,6.3061914,6.3661914,6.5561914,6.276191,5.796191,5.3861914,5.5061913,5.1361914,5.3761916,5.9661913,5.4361916,5.4861913,5.2561913,4.0961914,2.2661915,3.4961915,3.5561914,4.0361915,4.4161916,3.4561913,3.0661914,3.2461915,2.7661915,3.2961915,3.6861913,3.8161914,4.2561913,4.8861914,5.2861915,5.0061913,5.4261913,5.9161916,6.0561914,6.5761914,7.336191,7.9661913,8.206191,8.566192,8.596191,8.636191,8.5161915,8.886191,8.676191,8.576191,7.7161913,8.046191,4.5961914,4.6161914,3.9161913,4.9061913
4.0061913,3.6461914,3.9061913,4.4761915,4.1961913,4.4561915,4.8561916,6.1261916,7.0361915,7.3861914,6.3661914,5.4261913,6.1361914,5.9761915,5.7561913,5.6261916,5.1961913,5.0961914,4.7461915,4.546191,5.066191,5.9161916,5.7361913,5.776191,5.5361915,4.4461913,2.9861915,3.8361914,1.9161915,2.8661914,1.8161914,2.5361915,3.7161913,3.9061913,3.8861914,4.276191,4.6661916,5.1661916,5.586191,5.3461914,5.566191,6.3461914,6.9161916,7.5361915,8.056191,8.4761915,8.876191,9.486192,8.7261915,8.926191,8.876191,8.006191,7.7361913,7.2061915,7.046191,3.0961914,4.8661914,2.8361914,3.0761914
2.7661915,3.8761914,4.8661914,4.7861915,3.8361914,4.566191,4.4561915,5.5361915,4.6461916,7.0961914,5.796191,6.1661916,5.8761916,6.8761916,5.9261913,5.816191,6.3261914,6.1761913,5.7861915,6.1661916,7.0361915,6.4061913,4.9161916,4.8261914,3.8161914,4.816191,5.4861913,4.9861913,4.4761915,4.8861914,3.9661913,4.776191,3.3661914,3.7861915,3.5061915,3.6161914,3.6761913,3.6361914,4.836191,4.9461913,5.1661916,5.9461913,6.9861913,8.306191,9.376191,9.486192,9.636191,8.846191,9.286191,8.856192,8.446192,8.376191,8.416191,7.5961914,6.6661916,1.9161915,1.2861915,2.6661913,1.5961914
1.6361914,3.3661914,3.4661913,4.6361914,3.1761913,2.1161914,2.7161913,4.6561913,5.3261914,6.1561913,6.4361916,6.9061913,7.6561913,6.8761916,7.1561913,6.7261915,7.6761913,7.7261915,6.8261914,5.7861915,5.526191,5.526191,4.276191,5.5961914,4.8061914,4.066191,3.5961914,3.1661913,3.8761914,3.4861915,3.4461913,3.6361914,3.2961915,2.6861913,2.3961914,2.3261914,4.7261915,4.1761913,6.1961913,6.9361916,6.9661913,6.3861914,7.3261914,7.7361913,8.826191,9.256191,9.636191,10.716191,11.676191,11.966191,12.556191,12.256191,9.496191,8.366192,6.2461915,4.5061913,-0.6938086,-0.4238086,0.9061914
2.1361914,1.8561914,2.9061913,3.3761914,3.5861914,3.1961913,3.1261914,3.6461914,4.2161913,5.6961913,6.0161915,6.6061916,6.046191,6.046191,6.3061914,5.6661916,6.2361913,5.816191,5.9361916,6.296191,5.5061913,4.9561915,3.6561913,2.8361914,2.6161914,3.6061914,4.6361914,5.1861916,4.566191,3.3161914,3.2361915,2.8961914,2.8061914,2.4661913,2.2461915,2.3461914,3.9561913,4.6461916,5.4061913,4.9761915,4.7861915,5.6761913,6.2361913,7.1661916,7.7361913,8.326191,9.546191,10.866192,11.966191,12.046191,12.936192,12.366192,12.906192,12.006191,9.366192,6.0961914,1.3261914,-1.3438087,-3.1638086
1.2661914,0.5461914,1.5561914,2.5361915,2.0161915,3.8261914,3.8761914,3.4861915,3.4661913,3.5161915,3.4661913,4.026191,5.1461916,5.4661913,5.6661916,5.586191,5.2061915,4.8961916,4.4561915,4.4761915,5.0361915,3.9961915,5.2261915,3.7061913,3.1061914,3.7861915,3.8061914,4.1161914,5.0561914,4.8961916,3.5961914,3.3761914,2.7161913,2.9461913,2.2161913,2.6561913,2.8061914,3.1261914,3.6961913,3.7961915,3.7261915,4.6461916,5.2661915,6.3461914,7.546191,8.636191,9.686192,9.906192,10.956191,11.946192,11.836191,11.966191,12.4761915,11.886191,12.136191,10.366192,4.6861916,-0.74380857,-2.2338085
0.5161914,1.0461915,0.8761914,1.3661914,1.7061914,2.0761914,2.3361914,2.1961913,3.7161913,4.1461916,4.566191,3.3961914,2.5961914,2.9261913,3.0861914,3.1161914,3.3161914,4.0561914,3.6261914,4.316191,4.6761913,4.5761914,6.3961916,4.9261913,4.3461914,4.4961915,4.9061913,4.8861914,4.7361913,4.836191,2.6261914,2.6961913,2.9761915,1.1961914,1.4761914,1.8861914,1.1461914,1.9461914,1.9561914,2.5861914,3.2361915,4.6961913,5.2561913,6.4661913,7.1661916,8.286191,9.136191,10.276192,11.7661915,12.576191,12.886191,13.036191,13.576191,12.756191,13.126191,12.086191,6.7061915,7.046191,1.7361914
0.0061914064,0.4961914,0.7661914,1.0461915,1.4861914,1.6661915,1.4761914,1.9261914,2.7461915,3.3461914,3.9561913,4.1461916,2.4061913,2.4861915,2.5561914,4.526191,4.2661915,4.566191,4.086191,2.6361914,0.7861914,1.7561914,2.8961914,4.2561913,5.0561914,4.1761913,4.1361914,3.8561914,3.5061915,1.7861915,1.8661914,1.5661914,0.4761914,1.8961914,1.4661914,-0.5638086,-1.0038086,-0.2138086,1.0761914,2.4561913,3.2661915,3.9561913,4.8961916,5.5961914,6.4561915,7.9261913,8.886191,10.076191,11.0161915,11.836191,12.836191,13.236192,14.156192,13.346191,12.996191,12.196192,10.546191,5.7261915,4.5061913
-0.4438086,-0.2538086,-0.5338086,-0.4038086,0.106191404,0.7961914,1.4461914,2.1661913,2.8161914,3.1961913,3.7461915,3.5961914,3.2561915,3.2661915,2.6561913,3.2661915,3.7861915,5.0161915,5.7461915,6.3961916,3.9161913,1.4761914,1.3761914,1.8961914,1.7361914,3.1961913,3.3961914,2.6761913,1.5861914,1.7261914,1.7361914,-1.9038086,0.1961914,2.7661915,-1.3338085,-2.3438087,-1.5038086,-0.1538086,0.8561914,1.6061914,2.4561913,3.4161913,4.1661916,5.586191,6.546191,7.566191,8.736192,9.786191,10.586191,11.546191,12.036191,12.196192,13.526192,13.336191,12.776192,12.296191,12.0161915,6.6861916,3.3061914
-0.5838086,-0.4338086,-1.3638086,-1.5838085,-0.8538086,0.0061914064,0.4461914,0.8861914,1.1161914,1.6361914,2.5361915,2.8161914,2.0161915,1.6861914,1.4761914,1.8061914,2.4361913,2.8561914,3.7161913,4.3961916,4.8861914,4.0361915,0.9961914,1.0761914,0.3761914,-0.5838086,0.4761914,1.4661914,1.2061914,-0.6338086,-0.22380859,-2.4838085,-0.6138086,-0.20380859,-2.1738086,-2.8938086,-3.2038085,-1.6238086,-0.20380859,0.8961914,1.8561914,2.8761914,4.0161915,5.2061915,6.3561916,7.4661913,7.9961915,8.956191,10.076191,11.006191,11.886191,11.896192,12.676191,12.986192,12.346191,12.616192,10.606192,4.9961915,3.7361915
-1.0038086,0.8261914,1.0261914,0.7061914,-0.99380857,-0.9538086,-0.5838086,-0.5238086,0.2861914,-0.073808596,0.5761914,1.0061914,1.2061914,0.3261914,0.036191408,0.7461914,1.6461914,1.9361914,2.0661914,2.6061914,2.6261914,2.5861914,1.3561914,0.4661914,-0.80380857,-0.4938086,-0.8638086,-0.7238086,-1.0838085,-1.4038086,-2.7738085,-3.1438086,-2.7038085,-3.0638087,-3.4838085,-4.8138084,-4.5038085,-2.9438086,-1.2438086,-0.043808594,0.7661914,1.7861915,3.1561913,5.0561914,6.2561913,6.7561913,7.7061915,8.596191,9.956191,11.246191,11.526192,11.706191,12.326191,13.376191,11.396192,12.616192,12.366192,3.5061915,2.1161914
-0.053808592,1.2261914,2.0261915,1.8261914,1.3961914,1.6961914,1.7361914,2.0461915,1.9961914,2.0861914,2.2461915,2.0561914,1.9161915,1.6561913,1.6861914,1.3261914,1.3661914,1.8661914,0.4861914,0.9661914,1.3261914,2.1461914,2.3161914,1.8361914,0.4961914,-1.5538086,-2.6338086,-3.1538086,-2.9038086,-3.4138086,-4.413809,-5.5938087,-6.9638085,-5.7138085,-5.5838084,-5.1738086,-5.3238087,-4.5238085,-3.0738087,-1.5038086,-0.113808595,1.0661914,2.8361914,4.3761916,5.6061916,6.6561913,7.4461913,8.116192,9.5161915,10.036191,11.096191,11.706191,11.246191,11.596191,11.926191,10.436192,10.506191,2.4861915,3.9661913
0.2561914,0.7061914,1.0061914,1.5261914,1.8061914,1.9361914,2.1861913,2.1361914,1.8161914,2.1161914,2.0261915,1.8861914,1.8061914,1.9361914,1.6861914,1.6361914,1.6361914,2.1361914,2.0461915,2.2561915,2.0161915,0.2661914,-0.6738086,0.1461914,0.7061914,0.56619143,-1.4738086,-2.8938086,-4.1538086,-4.7838087,-5.8038087,-6.4438086,-7.3738084,-7.1138086,-7.3838086,-7.3038087,-5.4938087,-5.4938087,-4.5138087,-3.1738086,-1.5738086,-0.08380859,1.9561914,3.6361914,4.8561916,6.4261913,7.046191,8.136191,9.096191,9.996191,10.736192,11.176191,11.616192,10.686192,11.366192,11.196192,10.406192,12.186192,6.4761915
-0.08380859,0.6361914,1.0161914,1.1061914,1.0861914,1.3061914,1.7161914,1.8461914,1.7061914,1.8861914,1.5761914,1.4061913,1.7361914,1.8461914,1.8461914,2.0661914,2.5661914,2.5361915,2.6761913,3.1061914,2.9361913,2.5961914,1.7961915,1.6761914,0.56619143,-0.4838086,-0.8238086,-2.0938087,-2.9138086,-3.3138087,-4.973809,-7.4238086,-8.903809,-9.113809,-9.433808,-8.803808,-6.3738084,-6.6438084,-6.5338087,-5.0538087,-2.9638085,-0.5638086,0.9861914,2.4961915,4.3261914,5.4661913,7.026191,8.566192,9.366192,10.436192,10.736192,10.276192,11.546191,11.216191,9.906192,9.666191,9.056191,8.816192,10.786191
-0.5338086,-0.29380858,-0.09380859,0.2061914,0.4961914,0.7861914,0.9961914,1.2961915,1.0661914,0.7661914,0.7261914,0.8561914,1.1961914,1.0861914,1.3761914,1.8961914,2.0861914,2.3561914,2.0761914,2.1161914,2.5761914,2.7961915,2.6961913,2.7761915,2.6361914,1.4661914,-0.5738086,-0.2838086,-1.5138086,-1.9638085,-3.6538086,-4.4938087,-8.223808,-11.363809,-11.783809,-11.503809,-10.633808,-8.413809,-8.443809,-6.3638086,-4.5138087,-1.9538085,-0.053808592,1.6761914,3.2961915,4.9661913,6.8461914,8.346191,9.096191,10.076191,12.046191,10.696192,11.346191,10.696192,9.376191,9.966191,7.776191,8.376191,7.0761914
-0.99380857,-0.5638086,-0.4038086,-0.0038085938,0.5161914,1.3261914,2.0161915,2.7361915,1.9361914,1.5561914,1.3361914,1.0261914,1.2861915,1.3661914,1.2461914,1.6161914,1.9861914,1.8161914,1.6561913,1.8261914,1.7661914,2.1961913,2.2461915,2.9861915,3.7661915,2.7861915,1.8961914,0.6561914,0.016191406,-1.0338086,-0.3338086,-1.4638085,-3.0738087,-8.353808,-12.653809,-13.043809,-12.883808,-10.943809,-9.433808,-7.9838085,-5.3338084,-2.9638085,-0.6138086,1.2061914,3.3361914,5.336191,6.046191,7.3861914,9.736192,10.966191,11.366192,11.306191,11.796191,9.786191,8.536191,8.646192,8.906192,6.9161916,5.9861913
-1.7938086,-1.2338086,-0.9738086,-0.38380858,0.056191407,0.6661914,1.1261914,1.4561914,1.9061913,1.6261914,1.3661914,1.2161914,1.4361914,1.5961914,2.0161915,2.2061913,2.1961913,2.9361913,2.5161915,2.7261915,2.4761915,2.5361915,1.9561914,1.1161914,2.1961913,2.3161914,1.6861914,1.7661914,0.2361914,0.7361914,2.4361913,1.4261914,-2.5238085,-5.9638085,-13.583809,-15.833809,-14.413809,-12.823809,-10.473808,-8.713809,-6.7138085,-4.723809,-2.0038085,0.7361914,3.2461915,5.4261913,6.7461915,8.116192,9.486192,10.946192,11.2661915,11.626191,9.796191,9.096191,8.796191,8.506191,8.816192,7.3961916,5.1861916
