json-data/2022072612.json
{"header": {"discipline":0,"disciplineName":"Meteorological products","gribEdition":2,"gribLength":79599,"center":7,"centerName":"US National Weather Service - NCEP(WMC)","subcenter":0,"refTime":"2022-07-26T12:00:00.000Z","significanceOfRT":1,"significanceOfRTName":"Start of forecast","productStatus":0,"productStatusName":"Operational products","productType":1,"productTypeName":"Forecast products","productDefinitionTemplate":0,"productDefinitionTemplateName":"Analysis/forecast at horizontal level/layer at a point in time","parameterCategory":2,"parameterCategoryName":"Momentum","parameterNumber":3,"parameterNumberName":"V-component_of_wind","parameterUnit":"m.s-1","genProcessType":2,"genProcessTypeName":"Forecast","forecastTime":0,"surface1Type":103,"surface1TypeName":"Specified height level above ground","surface1Value":10.0,"surface2Type":255,"surface2TypeName":"Missing","surface2Value":0.0,"gridDefinitionTemplate":0,"gridDefinitionTemplateName":"Latitude_Longitude","numberPoints":65160,"shape":6,"shapeName":"Earth spherical with radius of 6,371,229.0 m","gridUnits":"degrees","resolution":48,"winds":"true","scanMode":0,"nx":360,"ny":181,"basicAngle":0,"lo1":0.0,"la1":90.0,"lo2":359.0,"la2":-90.0,"dx":1.0,"dy":1.0}, "data":
[rows 26 to 51 of 181, columns 60 to 119 of 360]
-2.1180859,-1.138086,-1.5680859,-2.058086,-1.5780859,-1.978086,-2.208086,-2.828086,-2.948086,-4.378086,-4.928086,-5.768086,-7.328086,-2.288086,-4.668086,5.301914,3.9019141,3.951914,3.1219141,4.931914,3.701914,3.321914,4.371914,0.64191407,1.6919141,1.641914,-0.27808595,-2.948086,-3.178086,-3.328086,-2.838086,-3.1580858,-2.3480859,-1.2980859,-0.42808592,-0.7980859,-1.778086,-2.1580858,-1.868086,-3.428086,-3.428086,-2.808086,-2.4080858,3.3519142,7.691914,2.301914,1.751914,0.66191405,0.86191404,0.67191404,1.4419141,-0.9380859,-1.3180859,0.13191406,0.28191406,-0.34808594,-0.25808594,-0.60808593,-0.69808596,-0.6180859
-3.778086,-3.338086,-3.708086,-4.158086,-3.3580859,-4.548086,-3.588086,-3.798086,-4.498086,-6.158086,-5.928086,-4.578086,-0.17808594,-0.34808594,0.9519141,2.161914,5.351914,4.371914,2.931914,2.021914,0.011914062,1.021914,0.99191403,1.631914,0.34191406,-0.088085935,-0.90808594,-1.9680859,-2.818086,-2.048086,-1.368086,-1.9680859,-2.258086,-3.0980859,-3.578086,-1.408086,-0.38808593,-1.7880859,-3.728086,-2.528086,-2.718086,0.86191404,-2.548086,-0.95808595,-1.478086,-0.118085936,-2.778086,-1.1680859,1.8019141,3.561914,2.721914,0.92191404,0.36191407,0.21191406,-0.118085936,0.14191407,-0.50808597,-1.0780859,-0.94808596,-0.45808592
-2.978086,-3.058086,-2.958086,-3.228086,-3.4080858,-3.418086,-3.178086,-4.038086,-1.268086,-1.5980859,-2.178086,-4.2780857,-2.758086,1.241914,-0.9980859,-0.35808593,1.7119141,0.67191404,1.3019141,2.051914,3.0919142,3.311914,3.491914,3.261914,0.7619141,-0.20808594,-0.37808594,-1.978086,-0.088085935,-1.508086,-1.508086,-1.4380859,-1.408086,-2.838086,-1.4480859,-1.6680859,-3.038086,-4.718086,-4.908086,-4.7780857,-3.1580858,-0.39808595,1.751914,2.221914,1.731914,1.991914,5.571914,3.3619142,2.8919141,3.551914,2.531914,2.731914,1.4219141,0.35191405,0.5719141,0.91191405,0.12191406,-0.038085938,0.15191406,0.021914063
-3.558086,-3.1080859,-3.708086,-3.6180859,-3.488086,-3.3580859,-2.758086,-2.568086,-2.968086,-3.038086,-1.0680859,-2.1380858,-2.558086,-3.0980859,-1.7980859,-0.118085936,3.771914,3.481914,2.8619142,2.8819141,2.8919141,2.451914,1.521914,1.351914,-0.16808593,0.78191406,-0.17808594,-0.42808592,-2.198086,-1.118086,-0.88808596,-2.218086,-2.678086,-2.238086,-1.648086,0.13191406,-1.6680859,-1.4480859,-3.6580858,-5.478086,-4.208086,1.8119141,0.7019141,0.6919141,2.941914,3.461914,4.091914,2.701914,1.861914,3.0919142,1.621914,1.9019141,0.061914064,-0.8180859,0.24191406,0.32191408,0.23191406,-0.10808594,-0.33808595,0.42191407
-1.2080859,-1.9280859,-2.228086,-2.738086,-1.9280859,-1.988086,-2.3980858,-4.658086,-4.128086,-4.298086,-3.3580859,-2.238086,-0.34808594,-1.1880859,-0.22808594,1.1819141,2.6519141,2.421914,2.1119142,3.021914,2.8519142,1.871914,2.041914,1.381914,0.49191406,0.40191406,-0.18808594,-2.268086,-1.9580859,-2.288086,-1.758086,-0.97808594,-2.068086,-2.838086,-3.528086,-2.668086,-2.288086,-3.3780859,-3.688086,-1.3080859,-1.3480859,-0.41808593,1.2919141,2.6419141,4.131914,4.921914,4.651914,4.361914,2.8919141,1.9519141,-0.35808593,1.231914,0.96191406,1.0619141,0.53191406,1.621914,0.7019141,1.351914,0.71191406,0.10191406
-2.538086,-2.8580859,-2.978086,-3.688086,-3.9080858,-4.108086,-3.518086,-4.248086,-3.178086,-2.548086,-2.738086,-1.408086,-0.91808593,-1.5580859,-0.27808595,1.971914,3.701914,2.1419141,2.011914,1.361914,2.011914,2.8619142,1.4019141,1.3219141,0.84191406,-0.20808594,-1.888086,-1.0580859,-0.53808594,-0.38808593,-1.398086,-1.158086,-1.2180859,-1.7180859,0.14191407,-0.40808594,-0.46808594,0.53191406,0.08191406,0.31191406,0.43191406,0.7619141,1.0719141,1.7119141,4.351914,5.121914,5.871914,5.671914,4.9919143,4.301914,1.2119141,1.0719141,0.89191407,0.37191406,0.67191404,0.66191405,0.36191407,-0.46808594,-1.3480859,0.55191404
-2.3980858,-3.8780859,-4.318086,-3.538086,-2.798086,-3.498086,-3.6180859,-3.5980859,-1.268086,-2.538086,-1.4180859,0.60191405,0.8219141,2.271914,2.3519142,2.911914,1.351914,1.5519141,-0.44808593,-0.028085938,0.08191406,0.9519141,0.44191405,-0.59808594,0.6319141,-0.6180859,-1.0480859,-1.768086,-1.518086,-0.24808593,-1.3380859,-1.7880859,-1.5580859,-1.508086,-1.158086,0.19191407,0.23191406,0.13191406,0.6819141,1.391914,1.0419141,1.1919141,2.021914,3.1019142,3.041914,4.571914,5.141914,4.611914,3.551914,2.8819141,2.301914,0.9419141,-1.5380859,-0.30808595,-0.70808595,-0.07808594,-0.50808597,-0.8780859,-2.048086,1.381914
-2.748086,-5.428086,0.011914062,-2.088086,-2.758086,-2.288086,-2.3980858,0.64191407,1.021914,1.341914,0.86191404,1.0619141,0.011914062,1.641914,1.271914,1.491914,1.391914,2.271914,0.7519141,1.0619141,0.6919141,0.90191406,0.39191407,0.73191404,-0.65808594,-0.64808595,-0.118085936,-0.45808592,-0.70808595,-0.26808593,-1.5780859,-0.6180859,-1.2080859,-0.26808593,-0.29808593,-0.71808594,-0.32808593,-0.44808593,-0.33808595,0.011914062,0.71191406,0.46191406,1.8019141,2.171914,3.3419142,3.3419142,3.541914,2.781914,2.251914,0.10191406,2.1319141,-1.388086,1.631914,0.45191407,1.5519141,1.3219141,1.381914,1.9119141,1.0519141,1.521914
-0.22808594,3.251914,1.2819141,0.97191405,4.271914,2.3419142,0.58191407,-0.63808596,-2.088086,-1.4180859,-1.4380859,0.45191407,3.941914,-0.118085936,-0.28808594,0.7519141,0.21191406,0.19191407,0.23191406,-0.44808593,-0.058085937,-0.9980859,-0.8680859,-0.5680859,-0.51808596,-1.378086,-0.088085935,-1.4480859,-1.7880859,-1.0780859,-1.9180859,-0.52808595,-0.30808595,-0.28808594,-0.39808595,-0.09808594,1.2119141,1.0519141,0.30191407,-0.69808596,-0.49808595,-0.21808594,2.961914,1.8019141,1.5419141,1.9119141,1.6519141,0.21191406,-0.60808593,-0.04808594,1.521914,0.54191405,-0.47808594,0.44191405,0.20191406,1.351914,0.7019141,0.25191405,0.72191405,0.28191406
3.691914,3.201914,2.3919141,0.19191407,0.061914064,0.08191406,2.571914,6.711914,3.081914,2.211914,1.4219141,2.261914,1.841914,2.691914,2.271914,2.331914,0.66191405,1.271914,0.64191407,-1.0880859,-0.7480859,0.12191406,0.38191405,-1.0880859,-0.97808594,-0.96808594,-0.8080859,-0.53808594,1.771914,-1.748086,-1.378086,-1.1980859,-0.15808594,1.091914,1.221914,0.5619141,-1.5980859,-1.658086,-0.8680859,-1.0680859,-0.84808594,-1.4680859,0.39191407,0.44191405,1.0719141,-0.008085937,0.60191405,0.40191406,0.31191406,-0.09808594,-1.0580859,-0.9280859,0.021914063,-1.228086,-2.778086,-0.52808595,-0.24808593,-0.40808594,-0.10808594,0.47191405
3.031914,-1.148086,-0.42808592,2.8619142,3.8919141,7.171914,-0.40808594,-3.998086,-3.218086,0.71191406,6.451914,4.271914,-0.9880859,2.191914,3.1419141,2.011914,-1.2980859,-1.0580859,-4.058086,2.481914,0.59191406,-0.88808596,0.47191405,1.6919141,-0.32808593,-0.45808592,-0.38808593,-0.5680859,-0.66808593,0.43191406,-1.648086,-1.258086,-1.358086,0.8719141,0.8219141,1.001914,1.4019141,0.21191406,0.27191406,-0.35808593,0.37191406,-2.6380858,-1.618086,-0.038085938,-0.75808597,-1.4380859,-1.028086,-1.0780859,-2.758086,3.311914,0.46191406,-1.398086,-1.148086,-1.028086,-1.878086,-1.0780859,-1.5780859,-0.88808596,-0.43808594,-0.14808594
0.08191406,0.38191405,1.0519141,2.241914,3.781914,3.3719141,4.9919143,0.98191404,-0.49808595,2.921914,-1.008086,-0.53808594,0.8819141,3.751914,0.53191406,3.221914,2.761914,1.3219141,1.091914,0.8719141,0.031914063,-1.6880859,-1.728086,-0.19808593,0.9419141,-0.58808595,-1.4580859,-1.498086,-1.358086,0.011914062,-1.868086,0.22191407,0.66191405,2.061914,1.761914,-1.6980859,-0.8080859,-0.52808595,1.5619141,1.351914,-1.4380859,-0.018085938,1.1919141,0.13191406,-1.0980859,-2.1480858,-3.538086,-2.6080859,3.231914,-0.25808594,-1.368086,-1.9680859,-2.238086,-2.028086,-0.7480859,-0.52808595,-0.28808594,-0.82808596,-1.0780859,-0.25808594
-4.0280857,-4.678086,-0.71808594,3.291914,0.72191405,-4.108086,-3.3580859,-2.168086,4.601914,4.411914,4.061914,1.351914,3.321914,3.271914,3.171914,1.981914,1.5619141,0.74191403,-2.1580858,-2.538086,-3.808086,-2.238086,1.2119141,-2.238086,-1.278086,-1.628086,-1.608086,-2.038086,-1.248086,-1.628086,-2.288086,-2.258086,-1.378086,-1.608086,-3.3580859,-0.95808595,-0.57808596,-1.378086,-1.8180859,-0.65808594,-3.028086,-3.838086,-1.0680859,0.8819141,-0.30808595,-1.4280859,1.721914,-0.23808594,-1.158086,1.111914,0.061914064,-0.48808593,-1.268086,-1.858086,-2.298086,-2.028086,1.741914,3.431914,1.741914,0.7519141
-0.38808593,2.161914,6.401914,8.281914,7.661914,3.931914,-0.7380859,-3.188086,-1.758086,0.061914064,7.881914,4.2619143,0.42191407,0.36191407,1.721914,-1.408086,-0.26808593,0.49191406,-0.71808594,-0.83808595,-1.6780859,-5.328086,-5.998086,-3.6180859,-2.428086,-3.9080858,-2.518086,-2.988086,-3.178086,-3.468086,-1.6780859,-4.648086,-2.038086,-1.3080859,-1.5780859,-2.328086,-0.8180859,-1.408086,-1.898086,-1.9480859,-3.038086,0.52191406,0.10191406,-1.018086,-0.89808595,-2.3780859,-2.5980859,-4.568086,-1.0780859,-0.5580859,-1.2080859,-2.948086,-0.26808593,-1.8280859,-3.018086,-4.338086,-2.3880858,-0.90808594,0.61191404,1.7919141
-4.148086,-2.038086,2.701914,3.801914,0.33191407,0.9419141,0.66191405,-2.1080859,0.58191407,2.3719141,1.851914,2.551914,2.071914,2.3919141,0.6319141,-0.7980859,-1.658086,-3.218086,-1.888086,-2.538086,-4.098086,-5.848086,-6.188086,-2.3980858,-0.038085938,-4.048086,-2.508086,-2.428086,-4.748086,-4.288086,-5.178086,-1.8180859,-0.27808595,-2.1080859,-3.308086,-3.478086,-2.208086,-2.8880858,-4.728086,-3.228086,-2.288086,0.091914065,-0.17808594,-1.408086,-0.38808593,-0.12808594,-1.5380859,-3.668086,-1.768086,-1.9280859,-0.82808596,-0.97808594,-2.288086,-5.298086,-4.7780857,-2.678086,2.3719141,3.951914,2.791914,2.671914
-2.468086,-2.038086,2.3619142,-0.23808594,-2.8780859,2.671914,1.141914,6.141914,3.3519142,6.611914,4.7619143,4.5119143,1.021914,3.5919142,2.241914,0.13191406,0.18191406,-1.148086,-3.278086,-4.108086,-4.888086,-5.588086,-5.548086,-4.748086,-4.058086,-4.618086,-2.8780859,-0.18808594,-2.1480858,-5.118086,-5.5280857,0.85191405,0.61191404,-2.938086,-6.678086,-4.5280857,-2.8780859,-2.768086,-4.408086,-2.518086,-2.688086,-0.018085938,-0.6780859,-1.508086,-1.8080859,-0.50808597,-4.098086,-2.738086,-1.228086,-2.038086,-3.078086,-2.058086,-2.718086,-5.518086,1.631914,5.701914,5.441914,2.661914,5.951914,7.591914
2.581914,2.811914,-1.1980859,0.19191407,-0.43808594,0.54191405,-0.09808594,5.7219143,7.231914,4.611914,4.9919143,5.911914,4.781914,3.521914,1.4219141,0.58191407,-0.7380859,-2.168086,-3.478086,-5.698086,-7.398086,-5.878086,-5.058086,-1.898086,-0.9880859,2.301914,1.7919141,0.64191407,-1.118086,2.711914,0.89191407,-0.7980859,-0.27808595,-0.76808596,-4.648086,-5.298086,-2.928086,-4.118086,-5.848086,-2.018086,-1.868086,-0.78808594,-3.338086,-1.128086,-2.668086,-3.548086,-3.528086,-3.038086,-1.758086,-0.33808595,-2.488086,-2.588086,-2.178086,-0.17808594,0.42191407,2.961914,3.421914,1.3219141,6.961914,7.141914
-1.408086,5.151914,2.161914,-3.338086,-2.018086,0.17191406,-0.14808594,4.461914,8.431914,5.941914,5.481914,4.821914,3.731914,1.381914,-0.58808595,0.54191405,-2.3780859,-2.798086,-3.558086,-6.018086,-7.668086,1.1519141,-5.108086,-5.618086,-3.6180859,-3.088086,2.201914,-8.688086,-4.658086,-3.3880858,-0.97808594,1.8319141,-2.458086,-0.60808593,-4.178086,-4.828086,-3.338086,-4.868086,-3.818086,-6.828086,-3.088086,-2.168086,-1.648086,-3.698086,-2.488086,-3.798086,-5.408086,-5.688086,-4.588086,-1.5780859,-2.428086,-1.268086,-4.018086,-1.258086,-1.1680859,-0.45808592,-2.458086,2.071914,8.641914,8.001914
8.401914,4.611914,0.20191406,-1.3280859,-1.258086,-1.5580859,-0.57808596,2.781914,2.731914,4.711914,5.951914,3.1219141,1.5419141,-1.7880859,-4.578086,-2.668086,-2.778086,-3.1280859,-4.0280857,-3.6080859,-4.568086,-3.228086,-0.028085938,-3.3980858,-3.6480858,5.521914,2.791914,-0.63808596,-1.6780859,-5.2380857,-5.408086,-3.018086,-0.6280859,0.5019141,-3.538086,-6.148086,-1.9280859,-5.4880857,-6.048086,-4.868086,-7.7380857,-2.5980859,-5.2580857,-6.7380857,-8.318086,-9.218086,-7.2780857,-5.598086,-0.06808594,-6.7780857,-3.548086,-4.178086,-4.358086,-3.6380858,-3.338086,-3.6580858,3.3419142,6.121914,5.801914,4.671914
4.141914,1.111914,-0.77808595,-2.8580859,-3.678086,-1.8480859,-0.25808594,1.481914,-1.408086,2.581914,0.61191404,-2.6280859,-0.85808593,-4.938086,-6.858086,-3.5980859,-3.678086,-4.338086,-3.838086,-0.8180859,-1.238086,1.091914,2.1419141,-0.27808595,0.6319141,1.971914,2.271914,-1.0680859,-3.3580859,-5.358086,-5.848086,-3.708086,-7.598086,-5.888086,-5.868086,-2.518086,-5.828086,-8.208086,-8.398086,-6.908086,-6.348086,-3.578086,-5.908086,-8.068086,-8.298086,-8.448086,-8.588086,-9.098086,-3.6180859,1.4519141,2.981914,1.881914,0.8119141,-0.83808595,-0.60808593,6.411914,4.331914,6.651914,5.691914,1.2819141
-1.378086,-3.1280859,-4.418086,-6.318086,-4.328086,-3.5980859,-2.6580858,-3.6380858,0.11191406,-2.1280859,0.13191406,-4.538086,-5.928086,-5.468086,-4.228086,-4.398086,-3.798086,-5.428086,-4.908086,0.60191405,3.6119142,0.85191405,-0.33808595,0.11191406,1.501914,-1.6780859,-2.238086,-3.198086,-2.968086,-1.858086,-2.3980858,-3.958086,-4.108086,-4.108086,-5.198086,-4.498086,-0.69808596,-2.978086,-5.968086,-4.768086,-5.558086,-6.878086,-4.618086,-6.228086,-1.8080859,-6.208086,-6.788086,-3.528086,-1.8280859,-9.718086,1.261914,-1.8380859,-3.198086,-2.8680859,6.161914,6.631914,5.341914,6.931914,0.8819141,-0.21808594
-4.608086,-5.0280857,-5.818086,-5.688086,-5.118086,-4.0080857,-3.6180859,-7.088086,-5.4880857,-3.178086,-4.118086,-5.308086,-4.638086,-4.098086,-4.018086,-3.438086,-2.238086,-2.818086,-2.538086,-4.318086,-5.468086,-3.3780859,-2.178086,-3.238086,-2.838086,-2.8780859,1.601914,0.80191404,0.91191405,2.661914,2.991914,2.271914,-10.348086,-7.628086,-7.308086,-4.888086,-7.828086,-3.768086,-2.198086,-4.038086,-2.828086,-5.628086,-6.808086,-7.188086,-7.588086,-7.968086,-5.168086,-3.8680859,-3.918086,-4.868086,-10.818086,-4.288086,-2.558086,-5.318086,6.881914,7.821914,6.031914,2.8519142,1.481914,0.7019141
-4.2380857,-5.4880857,-5.818086,-6.148086,-3.298086,-4.018086,-5.318086,-5.198086,-4.208086,-5.968086,-3.988086,-0.5680859,-1.0380859,0.16191407,-1.118086,-0.39808595,-3.1280859,-2.228086,-4.558086,-4.2780857,-3.4080858,-1.1680859,2.261914,1.851914,3.6019142,0.91191405,2.8819141,2.001914,-2.078086,0.10191406,-5.568086,-3.018086,0.74191403,-2.998086,-4.808086,-3.308086,-5.398086,-7.458086,-3.6080859,-5.388086,-3.8580859,-5.858086,-2.708086,-5.848086,-7.808086,0.59191406,-5.308086,-6.598086,-3.418086,-2.8680859,1.011914,-5.448086,4.021914,4.431914,4.701914,5.201914,3.1119142,0.011914062,2.821914,5.361914
-5.558086,-5.718086,-5.7380857,-6.4880857,-6.818086,-5.808086,-6.878086,-3.938086,-4.798086,-5.898086,-3.318086,5.521914,2.1219141,1.9419141,1.361914,-3.238086,-4.538086,-5.328086,3.461914,2.181914,3.931914,0.6319141,-1.498086,-2.8980858,-1.1980859,-0.89808595,0.90191406,0.66191405,1.4219141,3.491914,-3.228086,3.3419142,-1.628086,-5.328086,-7.318086,-7.0280857,-5.578086,-3.298086,-0.34808594,-3.438086,-5.158086,-6.138086,-3.998086,-4.2780857,-2.268086,-2.1180859,-2.3980858,0.33191407,7.111914,4.371914,3.6119142,2.221914,1.4619141,1.7019141,0.89191407,1.611914,0.31191406,2.321914,1.9319141,1.5819141
-5.768086,-6.338086,-6.478086,-7.018086,-7.228086,-9.338086,-7.478086,-4.288086,-4.668086,-0.76808596,-0.65808594,-3.508086,-3.688086,-3.938086,-8.318086,1.5719141,5.361914,4.401914,3.561914,-0.22808594,-2.318086,-1.9180859,-2.718086,-0.8180859,-2.538086,-1.278086,-2.668086,-1.408086,-1.1680859,-1.988086,-2.938086,-4.978086,-4.058086,-2.8980858,-1.238086,-0.95808595,-1.518086,0.38191405,-2.818086,1.6619141,-3.678086,-5.198086,-2.218086,-1.248086,5.561914,4.111914,4.281914,5.311914,3.531914,5.731914,3.3919141,-1.6780859,-1.1980859,1.771914,1.9019141,2.771914,1.251914,3.561914,1.251914,0.9419141
-5.828086,-5.948086,-7.268086,-8.748086,-9.2680855,-10.218086,-5.948086,-7.408086,-1.5580859,2.3819141,2.8619142,-1.0480859,-1.248086,-2.208086,-4.388086,-2.248086,0.19191407,1.631914,-1.608086,-2.3980858,-3.6480858,-1.9680859,-2.818086,-3.8980858,-3.6080859,-3.998086,-3.748086,-4.408086,-6.0080857,-4.5280857,-5.328086,-6.868086,-8.488086,-5.858086,-8.7680855,-8.048086,-8.438086,-2.298086,-2.1580858,-2.258086,3.271914,3.941914,3.491914,7.071914,4.961914,-0.21808594,1.351914,-1.008086,-1.658086,-1.3080859,-3.698086,0.091914065,1.891914,1.611914,1.1719141,0.74191403,2.4019141,2.211914,2.771914,1.8319141
