json-data/2022072712.json
{"header": {"discipline":0,"disciplineName":"Meteorological products","gribEdition":2,"gribLength":79636,"center":7,"centerName":"US National Weather Service - NCEP(WMC)","subcenter":0,"refTime":"2022-07-27T12:00:00.000Z","significanceOfRT":1,"significanceOfRTName":"Start of forecast","productStatus":0,"productStatusName":"Operational products","productType":1,"productTypeName":"Forecast products","productDefinitionTemplate":0,"productDefinitionTemplateName":"Analysis/forecast at horizontal level/layer at a point in time","parameterCategory":2,"parameterCategoryName":"Momentum","parameterNumber":3,"parameterNumberName":"V-component_of_wind","parameterUnit":"m.s-1","genProcessType":2,"genProcessTypeName":"Forecast","forecastTime":0,"surface1Type":103,"surface1TypeName":"Specified height level above ground","surface1Value":10.0,"surface2Type":255,"surface2TypeName":"Missing","surface2Value":0.0,"gridDefinitionTemplate":0,"gridDefinitionTemplateName":"Latitude_Longitude","numberPoints":65160,"shape":6,"shapeName":"Earth spherical with radius of 6,371,229.0 m","gridUnits":"degrees","resolution":48,"winds":"true","scanMode":0,"nx":360,"ny":181,"basicAngle":0,"lo1":0.0,"la1":90.0,"lo2":359.0,"la2":-90.0,"dx":1.0,"dy":1.0}, "data":
[rows 0 to 28 of 181, columns 198 to 263 of 360]
3.83875,3.77875,3.71875,3.65875,3.58875,3.52875,3.46875,3.39875,3.32875,3.26875,3.19875,3.12875,3.05875,2.98875,2.90875,2.83875,2.76875,2.68875,2.61875,2.53875,2.45875,2.37875,2.30875,2.22875,2.14875,2.06875,1.97875,1.89875,1.81875,1.73875,1.64875,1.56875,1.47875,1.39875,1.30875,1.22875,1.13875,1.04875,0.96875,0.87875,0.78875,0.69875,0.61875,0.52875,0.43875,0.34875,0.25875,0.16875,0.08875,-0.00125,-0.09125,-0.18125,-0.27125,-0.36125,-0.45125,-0.53125,-0.62125,-0.71125,-0.80125,-0.89125,-0.97125,-1.06125,-1.15125,-1.23125,-1.32125,-1.40125
4.66875,4.62875,4.56875,4.51875,4.45875,4.40875,4.34875,4.28875,4.24875,4.19875,4.13875,4.08875,4.02875,3.97875,3.92875,3.86875,3.80875,3.74875,3.68875,3.62875,3.56875,3.49875,3.43875,3.36875,3.29875,3.22875,3.14875,3.07875,2.99875,2.92875,2.84875,2.76875,2.68875,2.60875,2.53875,2.44875,2.36875,2.28875,2.21875,2.12875,2.04875,1.97875,1.88875,1.80875,1.72875,1.63875,1.55875,1.47875,1.38875,1.29875,1.21875,1.12875,1.03875,0.94875,0.86875,0.77875,0.68875,0.59875,0.50875,0.42875,0.33875,0.24875,0.16875,0.06875,-0.01125,-0.11125
4.68875,4.60875,4.52875,4.42875,4.31875,4.21875,4.10875,4.00875,3.89875,3.78875,3.67875,3.54875,3.44875,3.33875,3.22875,3.12875,2.99875,2.90875,2.79875,2.68875,2.58875,2.47875,2.37875,2.26875,2.17875,2.07875,1.97875,1.88875,1.79875,1.70875,1.61875,1.52875,1.44875,1.35875,1.27875,1.18875,1.10875,1.01875,0.93875,0.85875,0.77875,0.71875,0.65875,0.59875,0.55875,0.50875,0.45875,0.42875,0.38875,0.34875,0.29875,0.24875,0.20875,0.14875,0.08875,0.02875,-0.03125,-0.10125,-0.16125,-0.23125,-0.30125,-0.36125,-0.43125,-0.50125,-0.57125,-0.64125
4.30875,4.23875,4.10875,3.92875,3.73875,3.58875,3.53875,3.42875,3.24875,3.04875,2.87875,2.74875,2.60875,2.45875,2.33875,2.25875,2.17875,2.06875,1.81875,1.56875,1.29875,1.08875,0.89875,0.71875,0.55875,0.43875,0.35875,0.26875,0.20875,0.14875,0.14875,0.16875,0.18875,0.20875,0.24875,0.31875,0.36875,0.43875,0.48875,0.52875,0.54875,0.52875,0.46875,0.38875,0.29875,0.20875,0.11875,0.05875,-0.00125,-0.06125,-0.12125,-0.17125,-0.24125,-0.31125,-0.42125,-0.55125,-0.70125,-0.83125,-0.98125,-1.08125,-1.16125,-1.24125,-1.33125,-1.40125,-1.44125,-1.47125
2.15875,1.88875,1.78875,1.72875,1.65875,1.55875,1.50875,1.45875,1.41875,1.35875,1.27875,1.17875,1.06875,0.97875,0.86875,0.76875,0.67875,0.60875,0.57875,0.56875,0.57875,0.57875,0.57875,0.51875,0.42875,0.32875,0.20875,0.08875,-0.03125,-0.13125,-0.20125,-0.24125,-0.27125,-0.29125,-0.37125,-0.49125,-0.64125,-0.81125,-0.98125,-1.12125,-1.25125,-1.35125,-1.42125,-1.46125,-1.50125,-1.55125,-1.61125,-1.69125,-1.81125,-1.99125,-2.15125,-2.20125,-2.26125,-2.33125,-2.43125,-2.59125,-2.65125,-2.64125,-2.58125,-2.50125,-2.47125,-2.44125,-2.44125,-2.43125,-2.40125,-2.38125
0.47875,0.26875,0.07875,-0.17125,-0.45125,-0.68125,-0.81125,-0.92125,-0.97125,-0.95125,-0.93125,-0.88125,-0.85125,-0.81125,-0.78125,-0.76125,-0.84125,-0.94125,-1.03125,-1.10125,-1.21125,-1.37125,-1.54125,-1.66125,-1.73125,-1.84125,-1.94125,-1.95125,-1.91125,-1.85125,-1.76125,-1.54125,-1.41125,-1.44125,-1.47125,-1.47125,-1.55125,-1.67125,-1.83125,-1.88125,-1.90125,-1.94125,-1.99125,-1.97125,-2.19125,-2.39125,-2.46125,-2.41125,-2.27125,-2.19125,-2.31125,-2.44125,-2.49125,-2.57125,-2.64125,-2.65125,-2.63125,-2.62125,-2.65125,-2.71125,-2.78125,-2.89125,-2.95125,-2.97125,-2.92125,-2.88125
-1.83125,-2.05125,-2.31125,-2.55125,-2.68125,-2.72125,-2.89125,-3.04125,-3.16125,-3.24125,-3.27125,-3.24125,-3.20125,-3.30125,-3.29125,-3.03125,-2.95125,-3.13125,-3.17125,-3.09125,-3.07125,-3.09125,-3.08125,-3.06125,-2.97125,-2.94125,-2.90125,-2.94125,-3.00125,-3.06125,-3.10125,-3.07125,-3.04125,-2.98125,-2.93125,-2.88125,-2.85125,-2.81125,-2.73125,-2.66125,-2.60125,-2.62125,-2.77125,-3.00125,-3.22125,-3.36125,-3.44125,-3.49125,-3.51125,-3.46125,-3.54125,-3.57125,-3.42125,-3.11125,-2.80125,-2.85125,-3.08125,-3.31125,-3.48125,-3.55125,-3.50125,-3.56125,-3.71125,-3.88125,-4.00125,-4.07125
-3.46125,-3.64125,-3.81125,-4.08125,-4.44125,-4.80125,-5.09125,-5.26125,-5.32125,-5.26125,-4.91125,-4.63125,-4.46125,-4.29125,-4.19125,-4.09125,-4.03125,-3.95125,-3.91125,-3.86125,-3.79125,-3.68125,-3.58125,-3.49125,-3.39125,-3.21125,-3.16125,-3.17125,-3.15125,-3.10125,-3.18125,-3.29125,-3.34125,-3.40125,-3.51125,-3.63125,-3.78125,-3.80125,-3.82125,-3.82125,-3.78125,-3.75125,-3.82125,-3.75125,-3.84125,-3.85125,-3.75125,-3.76125,-3.90125,-4.09125,-4.33125,-4.53125,-4.66125,-4.79125,-4.93125,-5.04125,-5.07125,-5.05125,-5.03125,-4.99125,-4.91125,-4.84125,-4.80125,-4.83125,-4.92125,-5.04125
-3.08125,-3.01125,-3.05125,-3.19125,-3.36125,-3.47125,-3.47125,-3.45125,-3.63125,-3.83125,-3.85125,-3.77125,-3.67125,-3.52125,-3.29125,-3.15125,-3.15125,-3.19125,-3.22125,-3.18125,-3.12125,-3.11125,-3.06125,-2.95125,-2.85125,-2.80125,-2.75125,-2.76125,-2.70125,-2.70125,-2.69125,-2.57125,-2.52125,-2.60125,-2.67125,-2.72125,-2.79125,-2.84125,-2.85125,-2.95125,-3.12125,-3.31125,-3.46125,-3.53125,-3.57125,-3.59125,-3.59125,-3.67125,-3.84125,-4.01125,-4.15125,-4.22125,-4.27125,-4.30125,-4.37125,-4.49125,-4.58125,-4.67125,-4.76125,-4.83125,-4.88125,-4.85125,-4.73125,-4.62125,-4.75125,-4.94125
-2.95125,-3.17125,-3.14125,-3.57125,-3.81125,-3.91125,-4.07125,-4.17125,-4.19125,-4.24125,-4.31125,-4.39125,-4.46125,-4.63125,-4.37125,-4.23125,-3.97125,-3.85125,-4.02125,-4.18125,-4.34125,-4.12125,-3.82125,-3.73125,-3.68125,-3.48125,-3.28125,-3.33125,-3.38125,-3.35125,-3.19125,-2.92125,-2.68125,-2.60125,-2.40125,-2.42125,-2.36125,-2.17125,-2.38125,-2.69125,-2.95125,-3.02125,-2.82125,-2.55125,-2.51125,-2.48125,-2.50125,-2.61125,-2.70125,-2.71125,-2.68125,-2.77125,-2.84125,-2.99125,-3.14125,-3.33125,-3.56125,-3.82125,-4.02125,-4.12125,-4.01125,-4.11125,-4.38125,-4.69125,-4.99125,-5.12125
-3.83125,-4.05125,-4.19125,-4.22125,-4.78125,-5.35125,-4.98125,-4.62125,-4.81125,-4.74125,-4.70125,-4.83125,-5.02125,-5.14125,-5.28125,-5.31125,-5.17125,-4.95125,-4.68125,-4.40125,-4.18125,-4.13125,-4.16125,-4.17125,-4.10125,-3.98125,-3.86125,-3.76125,-3.65125,-3.60125,-3.42125,-3.31125,-3.31125,-3.30125,-3.35125,-3.46125,-3.55125,-3.56125,-3.49125,-3.46125,-3.44125,-3.35125,-3.32125,-3.01125,-2.83125,-2.54125,-2.52125,-2.53125,-2.54125,-2.29125,-2.25125,-2.40125,-2.48125,-2.19125,-1.99125,-1.86125,-1.71125,-1.64125,-1.74125,-1.86125,-2.08125,-2.15125,-1.54125,-2.37125,-2.37125,-1.88125
-3.89125,-4.42125,-5.14125,-5.46125,-5.56125,-6.67125,-6.70125,-6.31125,-6.01125,-5.77125,-5.54125,-5.33125,-5.00125,-4.95125,-4.93125,-4.79125,-4.65125,-4.46125,-4.32125,-4.23125,-4.04125,-3.79125,-3.54125,-3.25125,-2.95125,-2.63125,-2.30125,-2.03125,-1.85125,-1.79125,-1.76125,-1.76125,-1.89125,-2.16125,-2.23125,-2.11125,-1.95125,-2.06125,-2.43125,-2.76125,-2.98125,-3.14125,-3.22125,-3.30125,-3.43125,-3.50125,-3.37125,-3.08125,-2.66125,-2.26125,-1.95125,-1.61125,-1.11125,-0.56125,0.15875,0.86875,1.46875,2.04875,1.40875,0.26875,0.18875,0.03875,-0.33125,-0.46125,-0.20125,-0.28125
-5.49125,-5.56125,-5.40125,-5.83125,-6.33125,-6.46125,-6.59125,-7.01125,-7.12125,-6.88125,-6.82125,-6.43125,-5.98125,-5.80125,-5.64125,-5.38125,-5.13125,-4.84125,-4.58125,-4.33125,-4.10125,-3.89125,-3.68125,-3.32125,-2.82125,-2.29125,-1.80125,-1.47125,-1.32125,-1.40125,-1.41125,-1.43125,-1.81125,-1.96125,-2.21125,-2.51125,-2.59125,-2.49125,-2.45125,-2.18125,-1.73125,-1.67125,-2.00125,-2.18125,-2.17125,-2.27125,-2.17125,-1.38125,-1.24125,-1.13125,-0.47125,0.10875,-0.06125,0.10875,0.43875,0.51875,0.52875,0.53875,0.66875,0.91875,0.98875,1.72875,2.36875,2.65875,0.75875,-0.86125
-5.75125,-5.96125,-6.27125,-6.34125,-6.47125,-6.85125,-7.35125,-7.66125,-7.61125,-7.50125,-7.00125,-6.41125,-5.93125,-5.56125,-5.45125,-5.22125,-4.93125,-4.73125,-4.58125,-4.18125,-3.69125,-3.22125,-2.80125,-2.37125,-1.92125,-1.49125,-1.06125,-0.73125,-0.89125,-1.06125,-0.79125,-0.74125,-0.99125,-1.12125,-1.29125,-1.45125,-1.50125,-2.12125,-2.82125,-2.80125,-2.73125,-2.87125,-2.57125,-1.71125,-1.11125,-0.43125,0.14875,0.80875,1.78875,2.20875,2.56875,2.41875,2.18875,1.48875,1.24875,1.84875,2.02875,2.02875,1.53875,1.47875,1.08875,1.01875,0.21875,0.91875,2.15875,1.80875
-5.34125,-5.90125,-6.39125,-6.82125,-7.21125,-7.62125,-7.98125,-7.99125,-7.72125,-7.37125,-6.98125,-6.70125,-6.74125,-6.45125,-6.03125,-5.69125,-5.22125,-4.92125,-4.61125,-4.23125,-3.86125,-3.61125,-3.31125,-3.01125,-2.72125,-2.39125,-1.82125,-1.07125,-0.71125,-0.46125,-0.44125,0.15875,-0.49125,-1.69125,-2.25125,-1.94125,-2.01125,-2.17125,-1.41125,0.46875,1.06875,0.50875,-1.17125,-1.69125,-0.40125,-1.33125,0.18875,-0.05125,-0.02125,1.22875,2.46875,1.94875,1.82875,0.96875,0.63875,0.20875,2.16875,2.38875,2.49875,1.31875,1.88875,1.50875,1.29875,1.01875,0.99875,1.58875
-5.49125,-6.00125,-6.59125,-7.40125,-7.77125,-7.82125,-7.82125,-7.91125,-8.21125,-8.27125,-8.07125,-8.19125,-8.19125,-7.90125,-7.55125,-6.72125,-5.68125,-4.75125,-3.86125,-3.05125,-2.61125,-2.30125,-2.01125,-1.37125,-0.74125,-0.16125,-0.32125,-0.50125,-0.39125,-0.35125,-1.21125,-1.80125,-1.73125,-1.62125,-1.88125,-2.08125,-2.28125,-2.23125,-1.65125,-0.84125,-0.18125,0.05875,0.19875,0.87875,1.75875,2.17875,0.59875,-1.09125,-2.00125,-1.37125,0.14875,1.96875,1.15875,0.84875,1.54875,2.05875,1.62875,2.16875,1.88875,1.57875,2.11875,1.76875,1.39875,0.71875,1.26875,1.78875
-5.84125,-6.20125,-6.65125,-7.02125,-7.64125,-8.16125,-8.41125,-8.56125,-9.00125,-9.28125,-9.47125,-9.10125,-8.14125,-7.40125,-6.22125,-4.84125,-3.31125,-1.78125,-0.56125,0.49875,1.32875,1.78875,1.79875,1.86875,1.99875,2.62875,2.62875,2.09875,1.75875,0.19875,-0.91125,-1.89125,-2.50125,-2.16125,-1.40125,-1.33125,0.18875,1.51875,2.45875,1.84875,1.10875,0.13875,-1.63125,-0.04125,2.41875,0.84875,0.87875,-0.53125,-0.91125,-1.11125,-0.80125,0.35875,0.75875,0.41875,0.46875,0.20875,-0.02125,0.40875,0.66875,1.44875,1.86875,1.06875,0.08875,0.56875,0.39875,-0.04125
-5.63125,-5.54125,-5.97125,-6.29125,-6.49125,-6.94125,-7.47125,-8.36125,-9.20125,-9.33125,-9.22125,-8.98125,-7.79125,-5.20125,-1.59125,-0.11125,1.00875,3.67875,4.88875,4.54875,5.95875,6.25875,5.72875,5.56875,4.74875,3.56875,2.49875,0.98875,1.03875,0.68875,-1.45125,-1.63125,-1.34125,-1.19125,0.15875,1.91875,0.88875,1.87875,1.19875,-0.74125,0.24875,1.82875,-0.17125,-0.18125,-3.07125,-3.53125,1.32875,1.00875,-3.50125,-0.55125,-0.46125,-1.27125,0.46875,1.31875,1.42875,2.55875,2.48875,1.90875,2.45875,2.88875,3.62875,2.12875,1.84875,1.68875,0.15875,-0.79125
-7.20125,-7.27125,-7.01125,-6.49125,-6.41125,-6.58125,-7.19125,-7.00125,-6.68125,-6.80125,-7.43125,-7.18125,-6.01125,-4.28125,-3.44125,0.32875,5.81875,7.49875,7.47875,6.85875,5.63875,4.76875,5.58875,6.12875,5.22875,3.29875,1.40875,1.64875,1.92875,1.11875,0.49875,0.14875,0.40875,0.93875,0.24875,-0.55125,-0.51125,0.45875,3.82875,2.52875,1.09875,1.36875,2.12875,6.42875,7.14875,6.78875,6.73875,6.21875,5.84875,4.25875,1.67875,1.76875,3.08875,0.40875,-0.34125,2.33875,3.60875,3.94875,3.87875,3.39875,2.79875,2.82875,3.03875,1.93875,1.10875,-0.55125
-5.39125,-5.23125,-4.61125,-4.28125,-3.97125,-2.63125,-1.46125,-1.47125,-2.06125,-2.22125,-1.87125,-1.16125,-0.36125,1.37875,3.39875,5.26875,6.52875,7.47875,7.82875,5.24875,7.55875,6.90875,5.02875,2.30875,1.24875,1.15875,0.47875,0.82875,0.93875,0.02875,-0.33125,-0.56125,-1.20125,-1.95125,-1.13125,-0.40125,-0.38125,-0.54125,-0.43125,-1.48125,2.50875,2.53875,1.65875,2.40875,4.45875,5.48875,6.81875,4.61875,3.42875,3.60875,4.07875,4.50875,4.56875,4.08875,4.01875,3.63875,3.32875,2.01875,1.84875,2.74875,3.23875,3.18875,2.56875,2.25875,1.86875,0.83875
-2.37125,-2.43125,-0.77125,0.22875,0.56875,0.36875,0.39875,0.24875,1.27875,1.47875,1.66875,2.74875,4.04875,4.95875,4.85875,5.42875,5.99875,4.71875,0.94875,-1.20125,1.34875,0.78875,-2.73125,-1.89125,-1.30125,-0.89125,2.27875,3.32875,3.03875,3.52875,3.00875,1.72875,0.25875,1.22875,1.81875,1.80875,1.52875,1.95875,1.46875,2.15875,2.67875,2.38875,-1.01125,-0.58125,2.21875,-0.23125,-2.42125,-2.27125,0.81875,4.82875,6.83875,6.66875,5.67875,4.24875,5.50875,6.23875,5.46875,4.55875,4.19875,3.68875,3.36875,3.07875,1.99875,1.63875,1.63875,1.18875
4.47875,3.56875,3.02875,4.35875,6.09875,5.40875,6.16875,6.37875,3.82875,1.10875,0.68875,0.84875,1.11875,0.62875,0.27875,1.62875,1.65875,1.92875,0.77875,2.17875,2.59875,1.82875,1.10875,1.43875,4.78875,5.26875,5.22875,4.61875,4.37875,4.01875,3.38875,2.06875,3.09875,3.10875,1.65875,0.70875,1.44875,2.13875,2.62875,1.71875,0.73875,0.09875,2.15875,0.56875,-1.92125,-0.40125,-1.26125,-2.03125,-2.41125,-0.86125,2.53875,7.01875,7.84875,4.82875,1.84875,4.39875,4.57875,4.44875,4.47875,4.38875,3.46875,3.03875,2.79875,2.56875,2.38875,1.78875
3.85875,2.33875,4.01875,3.07875,5.23875,5.45875,2.93875,2.02875,2.25875,3.60875,3.81875,4.70875,2.45875,2.28875,0.72875,1.34875,3.65875,5.77875,4.45875,5.32875,7.76875,6.36875,4.51875,5.41875,6.04875,5.41875,3.93875,3.95875,5.55875,5.37875,4.00875,3.21875,2.83875,3.26875,3.91875,2.65875,2.67875,1.56875,1.65875,0.93875,0.74875,0.10875,-0.84125,-1.03125,-0.16125,-1.58125,-2.28125,-0.75125,-1.42125,-6.83125,3.54875,6.68875,8.12875,7.03875,8.51875,5.76875,4.62875,4.24875,4.33875,4.36875,4.04875,3.02875,2.75875,2.49875,1.01875,0.10875
2.27875,2.90875,2.30875,4.00875,1.06875,-0.50125,1.91875,1.19875,2.33875,3.65875,3.02875,2.83875,2.13875,1.18875,3.36875,3.67875,4.13875,3.88875,3.75875,4.03875,4.70875,4.82875,4.94875,4.28875,2.69875,4.23875,4.35875,4.66875,3.61875,3.68875,4.07875,2.54875,2.32875,2.12875,2.66875,2.61875,1.85875,-0.66125,0.14875,1.15875,-0.16125,1.44875,1.22875,1.55875,-1.02125,-3.87125,-3.73125,-3.97125,0.59875,5.09875,8.13875,7.70875,6.80875,5.18875,3.42875,4.83875,4.62875,4.00875,3.81875,3.12875,4.44875,4.01875,3.11875,2.90875,1.26875,-0.37125
2.42875,2.48875,0.80875,1.53875,1.70875,1.84875,1.88875,1.75875,1.99875,3.69875,4.52875,1.95875,1.82875,3.54875,4.45875,3.63875,3.05875,2.44875,3.83875,3.25875,2.82875,2.67875,3.87875,3.87875,3.33875,2.14875,2.50875,2.89875,4.07875,3.44875,2.05875,0.68875,-1.18125,-0.60125,1.36875,0.98875,-0.28125,-1.69125,-1.19125,-1.49125,-1.33125,2.26875,0.21875,-0.77125,-1.38125,-2.61125,-1.34125,-0.05125,3.57875,6.35875,5.53875,4.57875,4.84875,4.08875,4.30875,4.97875,4.13875,3.33875,2.49875,1.68875,2.49875,3.48875,2.27875,1.23875,-0.69125,-2.11125
0.97875,2.41875,3.55875,2.49875,1.50875,3.62875,1.83875,0.85875,1.44875,2.12875,1.55875,0.88875,1.34875,2.53875,1.53875,1.28875,1.95875,2.22875,3.89875,3.51875,2.52875,1.36875,3.59875,2.95875,1.63875,1.51875,2.43875,2.26875,1.36875,-0.41125,-0.13125,2.15875,1.60875,-0.46125,-0.39125,1.20875,-0.69125,0.91875,0.63875,0.17875,-0.12125,0.56875,-1.50125,-3.12125,-2.80125,-4.16125,-2.74125,-1.28125,2.87875,4.02875,4.54875,3.88875,3.15875,2.78875,3.24875,2.65875,1.46875,1.64875,1.79875,0.61875,0.29875,0.83875,-1.27125,-2.60125,-2.98125,-3.98125
2.52875,3.70875,1.83875,1.16875,0.64875,1.54875,2.15875,1.91875,1.90875,1.83875,1.89875,2.65875,1.98875,1.99875,1.18875,0.50875,1.39875,0.52875,-0.44125,-0.79125,-0.68125,-0.91125,-1.45125,-0.35125,-0.84125,0.30875,-0.81125,0.73875,-0.54125,0.38875,0.69875,-1.52125,0.56875,0.54875,-0.42125,0.84875,-1.44125,-0.07125,-0.50125,-1.10125,-3.03125,-4.72125,-4.96125,-4.00125,-5.65125,-5.79125,-2.10125,-0.00125,2.85875,3.66875,4.02875,4.05875,2.38875,1.88875,1.95875,1.50875,0.60875,-0.19125,0.69875,-0.25125,-0.26125,-2.04125,-2.59125,-2.12125,-1.01125,-0.38125
2.88875,0.68875,0.58875,1.42875,2.92875,1.49875,-0.04125,1.27875,1.93875,2.12875,0.55875,-2.55125,-3.13125,-2.14125,-1.10125,-1.41125,-1.09125,-0.15125,-2.45125,-0.82125,-1.77125,-1.39125,-0.87125,-0.39125,-0.07125,-0.67125,-0.93125,-0.25125,0.59875,-0.05125,-0.90125,-1.14125,-0.57125,-0.87125,0.09875,0.12875,-0.07125,-2.60125,-0.83125,-2.70125,-6.39125,-7.88125,-8.99125,-7.35125,-3.62125,-2.14125,0.40875,3.10875,2.91875,3.30875,3.62875,1.96875,0.97875,1.66875,1.29875,1.11875,0.39875,-0.31125,0.28875,-1.91125,-2.02125,-2.26125,-3.02125,-3.05125,-2.16125,-2.01125
1.35875,-0.41125,1.00875,1.43875,0.15875,-0.48125,-0.13125,-0.65125,-1.44125,-0.68125,-0.29125,-1.16125,-0.85125,-1.40125,-1.40125,-1.47125,-0.29125,0.07875,-0.47125,2.90875,-0.13125,-1.61125,-1.47125,-0.34125,-1.38125,-1.84125,-1.71125,-1.07125,-1.54125,-0.58125,-0.05125,-0.57125,-1.44125,-1.86125,-2.49125,-0.65125,-0.45125,-2.78125,-1.58125,-4.41125,-5.26125,-7.10125,-10.00125,-5.32125,-4.11125,-0.76125,2.52875,3.29875,5.01875,3.28875,3.71875,2.75875,1.87875,1.49875,1.01875,1.51875,0.11875,-1.70125,-2.17125,-2.51125,-2.67125,-2.71125,-2.39125,-2.53125,-2.55125,-2.11125
