json-data/2022072918.json
{"header": {"discipline":0,"disciplineName":"Meteorological products","gribEdition":2,"gribLength":79162,"center":7,"centerName":"US National Weather Service - NCEP(WMC)","subcenter":0,"refTime":"2022-07-29T18:00:00.000Z","significanceOfRT":1,"significanceOfRTName":"Start of forecast","productStatus":0,"productStatusName":"Operational products","productType":1,"productTypeName":"Forecast products","productDefinitionTemplate":0,"productDefinitionTemplateName":"Analysis/forecast at horizontal level/layer at a point in time","parameterCategory":2,"parameterCategoryName":"Momentum","parameterNumber":3,"parameterNumberName":"V-component_of_wind","parameterUnit":"m.s-1","genProcessType":2,"genProcessTypeName":"Forecast","forecastTime":0,"surface1Type":103,"surface1TypeName":"Specified height level above ground","surface1Value":10.0,"surface2Type":255,"surface2TypeName":"Missing","surface2Value":0.0,"gridDefinitionTemplate":0,"gridDefinitionTemplateName":"Latitude_Longitude","numberPoints":65160,"shape":6,"shapeName":"Earth spherical with radius of 6,371,229.0 m","gridUnits":"degrees","resolution":48,"winds":"true","scanMode":0,"nx":360,"ny":181,"basicAngle":0,"lo1":0.0,"la1":90.0,"lo2":359.0,"la2":-90.0,"dx":1.0,"dy":1.0}, "data":
[rows 135 to 161 of 181, columns 61 to 121 of 360]
4.89344,5.00344,4.56344,4.28344,3.3034399,-0.93656003,-1.0065601,1.65344,3.49344,6.64344,7.54344,9.72344,10.37344,10.34344,10.85344,10.91344,9.07344,7.44344,3.12344,-2.09656,-8.36656,-8.40656,-7.94656,-8.18656,-16.68656,-18.18656,-17.49656,-16.64656,-15.72656,-14.43656,-12.62656,-10.99656,-10.0565605,-7.67656,-6.68656,-4.32656,-2.35656,-1.2665601,1.17344,1.8934399,4.24344,3.51344,5.31344,7.21344,9.48344,9.80344,9.93344,9.29344,8.4434395,8.34344,6.85344,7.46344,6.57344,5.29344,3.97344,3.63344,3.50344,2.24344,2.09344,2.8034399,4.54344
4.05344,5.21344,5.38344,4.38344,3.25344,0.31343994,-3.06656,-0.81656003,1.95344,3.85344,5.63344,7.71344,9.77344,10.59344,12.70344,11.87344,10.09344,8.85344,2.42344,-6.8165603,-10.27656,-11.14656,-10.29656,-10.45656,-9.88656,-18.27656,-18.20656,-16.25656,-15.91656,-14.77656,-13.43656,-12.45656,-10.54656,-8.03656,-6.57656,-4.69656,-2.76656,-2.2165601,0.05343994,1.7634399,2.99344,3.18344,5.32344,7.37344,8.55344,10.05344,10.52344,9.30344,9.38344,8.24344,8.21344,6.56344,6.03344,4.56344,3.3134398,2.00344,1.0034399,-0.10656006,-0.54656005,-0.93656003,1.3734399
6.10344,7.33344,6.35344,5.11344,3.0634398,0.49343994,-3.89656,-0.5765601,1.2634399,2.94344,5.31344,6.86344,8.68344,11.50344,11.89344,11.38344,10.56344,7.94344,2.09344,-8.40656,-12.3465605,-13.38656,-11.87656,-12.01656,-10.78656,-18.826561,-18.826561,-17.73656,-16.93656,-15.15656,-13.5565605,-11.89656,-9.45656,-8.50656,-6.89656,-5.3165603,-3.7065601,-1.5165601,-0.80656004,1.7534399,3.0434399,2.5534399,4.82344,8.02344,8.88344,9.9434395,10.6934395,11.03344,11.11344,10.05344,8.87344,7.36344,6.64344,4.9134398,2.5334399,0.97343993,-1.1165601,-2.34656,-3.54656,-2.9665601,-1.9765601
5.79344,5.26344,6.98344,6.6634398,1.45344,-4.24656,-3.78656,-0.42656004,2.0834398,4.30344,5.50344,6.88344,9.30344,10.84344,11.93344,12.60344,12.57344,10.25344,-4.42656,-12.89656,-14.49656,-14.50656,-12.45656,-11.33656,-15.67656,-19.71656,-19.27656,-18.12656,-17.26656,-15.97656,-14.27656,-12.46656,-10.8065605,-9.07656,-6.78656,-4.95656,-3.78656,-3.4465601,-0.6465601,1.46344,2.24344,3.15344,6.74344,7.84344,9.39344,10.35344,11.52344,12.07344,11.92344,11.00344,9.85344,7.63344,5.25344,2.7834399,0.47343993,-1.67656,-3.54656,-4.74656,-6.22656,-5.87656,-4.38656
4.97344,5.4334397,4.31344,3.36344,2.0834398,-6.32656,-2.12656,-0.16656005,3.2934399,3.87344,6.84344,7.63344,9.77344,11.52344,12.38344,14.54344,15.49344,6.55344,-5.94656,-13.91656,-15.08656,-14.21656,-11.82656,-12.61656,-17.09656,-19.05656,-17.96656,-17.84656,-16.99656,-15.35656,-13.95656,-12.39656,-10.68656,-9.17656,-7.65656,-4.8365602,-4.40656,-2.12656,-1.16656,-0.6965601,1.1434399,3.46344,5.74344,8.31344,10.10344,11.70344,12.72344,12.6534395,11.70344,12.36344,10.63344,7.9534397,4.49344,0.93343997,-2.62656,-5.65656,-7.72656,-9.29656,-9.45656,-8.92656,-7.0665603
5.55344,4.59344,2.61344,2.93344,-1.96656,-5.0665603,-1.2665601,0.39343995,2.60344,3.8234398,7.08344,8.6934395,10.06344,11.91344,13.13344,14.9034395,17.02344,-2.7065601,-6.74656,-8.49656,-11.83656,-11.40656,-12.41656,-13.45656,-17.67656,-19.30656,-19.08656,-16.56656,-16.09656,-15.22656,-14.01656,-12.89656,-11.42656,-9.41656,-7.02656,-4.76656,-3.58656,-2.90656,-2.1665602,-1.9965601,1.0234399,4.76344,7.08344,9.07344,11.07344,12.66344,13.03344,13.35344,13.6934395,13.49344,12.36344,9.35344,4.9534397,0.40343994,-5.26656,-10.81656,-12.97656,-13.20656,-12.53656,-11.24656,-9.45656
7.73344,4.55344,1.20344,0.8634399,-6.92656,-4.77656,-1.81656,-0.33656007,2.0534399,3.88344,7.30344,8.84344,10.06344,11.59344,13.25344,15.16344,16.80344,-0.22656006,-6.27656,-7.55656,-9.81656,-11.10656,-12.10656,-12.75656,-18.03656,-17.46656,-17.52656,-16.74656,-15.3065605,-15.25656,-13.56656,-13.08656,-11.75656,-9.96656,-7.57656,-6.0865602,-4.77656,-3.61656,-2.83656,-2.72656,0.42343995,5.10344,7.4534397,9.80344,11.84344,12.91344,14.27344,15.83344,17.33344,17.71344,15.23344,11.50344,7.44344,0.31343994,-9.21656,-12.62656,-15.39656,-16.06656,-14.91656,-12.90656,-10.38656
14.50344,8.14344,0.03343994,-8.20656,-6.65656,-4.05656,-1.46656,0.56343997,1.3934399,3.68344,7.22344,9.59344,10.4434395,11.21344,13.07344,14.06344,14.56344,12.60344,-3.80656,-6.67656,-8.25656,-8.28656,-11.17656,-14.50656,-17.64656,-17.03656,-16.99656,-16.59656,-15.3065605,-14.28656,-13.70656,-12.79656,-11.98656,-9.91656,-8.48656,-7.23656,-6.72656,-5.09656,-3.82656,-3.47656,-0.5065601,4.29344,7.37344,9.97344,12.21344,13.73344,16.21344,17.97344,19.77344,17.78344,16.22344,15.26344,11.21344,-0.96656007,-10.88656,-12.96656,-15.15656,-16.79656,-14.69656,-12.68656,-10.04656
16.61344,18.81344,-3.9165602,-6.7965603,-4.84656,-3.10656,-0.93656003,0.31343994,1.45344,4.2034397,7.77344,9.41344,10.08344,10.51344,11.9034395,12.84344,13.91344,12.49344,8.99344,-3.50656,-8.72656,-11.69656,-14.53656,-16.31656,-16.13656,-16.76656,-16.30656,-16.24656,-15.71656,-14.87656,-14.49656,-13.53656,-12.61656,-10.46656,-9.75656,-8.82656,-7.53656,-6.34656,-5.49656,-5.21656,-1.2665601,2.8134398,6.9334397,9.72344,12.56344,14.20344,17.02344,18.86344,19.64344,13.36344,15.68344,16.423439,12.23344,-0.5165601,-7.20656,-9.58656,-12.28656,-12.3465605,-10.87656,-9.0965605,-6.0665603
13.49344,16.61344,16.79344,-8.98656,-7.49656,-3.4365602,-1.5165601,0.20343994,0.82343996,5.13344,7.55344,8.27344,8.55344,8.6934395,9.74344,11.68344,12.50344,12.17344,10.83344,7.9334397,-6.26656,-10.19656,-12.71656,-13.24656,-14.78656,-15.03656,-15.67656,-15.88656,-15.64656,-14.95656,-15.43656,-14.49656,-13.27656,-12.16656,-11.38656,-9.5565605,-8.42656,-7.71656,-6.55656,-5.46656,-3.84656,0.76343995,5.35344,8.39344,11.24344,13.70344,16.20344,17.89344,17.71344,9.29344,11.56344,11.89344,9.97344,5.62344,0.69343996,-3.56656,-6.18656,-6.88656,-6.88656,-6.25656,-4.90656
13.49344,12.74344,14.97344,9.27344,11.78344,2.8334398,1.5234399,2.63344,3.76344,5.30344,6.34344,6.86344,6.98344,7.36344,7.77344,9.80344,11.49344,11.99344,11.48344,8.30344,6.69344,-4.07656,-7.86656,-11.46656,-13.97656,-14.82656,-15.20656,-15.53656,-15.40656,-15.19656,-15.33656,-15.11656,-14.79656,-14.3465605,-13.00656,-11.14656,-9.97656,-9.16656,-8.52656,-7.35656,-5.34656,-1.2665601,3.42344,6.13344,9.01344,12.35344,13.95344,16.03344,16.83344,11.9434395,4.40344,5.79344,5.86344,4.23344,1.79344,-0.68656003,-1.9965601,-3.30656,-3.6965601,-5.39656,-7.8365602
9.93344,10.38344,9.86344,9.73344,8.00344,6.81344,5.9334397,5.6834397,5.58344,4.14344,4.39344,4.4334397,4.76344,5.97344,6.84344,7.09344,8.05344,9.13344,10.26344,9.16344,5.6834397,2.20344,-5.21656,-9.35656,-12.21656,-13.03656,-13.3465605,-13.94656,-14.37656,-14.3065605,-14.65656,-15.61656,-16.04656,-15.65656,-14.41656,-12.54656,-11.68656,-10.77656,-9.3065605,-8.88656,-7.0665603,-3.82656,1.08344,4.2034397,6.69344,9.45344,11.84344,13.98344,14.23344,14.30344,6.10344,2.2834399,2.93344,0.89343995,0.57343996,-1.3765601,-1.05656,-2.05656,-4.50656,-5.39656,-7.35656
11.85344,10.93344,8.61344,5.99344,5.12344,4.63344,4.31344,2.72344,3.41344,2.93344,3.0334399,3.13344,3.8234398,4.24344,4.39344,4.86344,5.71344,6.65344,7.53344,7.00344,4.25344,1.46344,-2.9665601,-7.05656,-9.91656,-11.52656,-12.78656,-13.19656,-13.72656,-14.0565605,-14.45656,-15.02656,-15.22656,-15.57656,-16.19656,-14.25656,-13.10656,-12.3065605,-10.5565605,-10.33656,-8.27656,-5.94656,-2.06656,1.7434399,4.03344,6.64344,8.6534395,10.43344,12.66344,13.11344,11.06344,1.3834399,1.8634399,-0.7565601,-1.5165601,-1.59656,-2.34656,-3.63656,-6.22656,-6.07656,-5.50656
11.48344,10.75344,9.76344,8.76344,7.74344,6.54344,5.47344,4.05344,2.8234398,2.11344,2.0634398,2.27344,2.72344,2.72344,2.65344,2.44344,3.00344,4.37344,4.59344,4.08344,1.6034399,-0.33656007,-4.18656,-8.12656,-9.66656,-11.02656,-11.74656,-12.45656,-13.16656,-14.06656,-14.76656,-15.51656,-15.89656,-16.62656,-16.06656,-15.77656,-14.77656,-13.70656,-12.77656,-11.83656,-9.54656,-7.39656,-4.59656,-1.6165601,0.9834399,3.5634398,5.6834397,7.4134398,9.03344,9.76344,11.91344,6.62344,-1.1265601,-2.9565601,-3.4565601,-4.0465603,-4.67656,-5.61656,-6.2965603,-6.51656,-7.22656
12.64344,11.98344,11.62344,10.97344,10.07344,8.87344,6.90344,4.60344,2.64344,1.1334399,-0.06656006,-0.8265601,-0.66656005,-0.72656006,-0.39656007,0.21343994,0.68343997,2.09344,2.3034399,1.5234399,0.44343993,-1.5065601,-5.90656,-8.25656,-8.36656,-10.04656,-11.73656,-11.95656,-12.40656,-13.29656,-14.42656,-15.64656,-16.31656,-16.97656,-16.81656,-16.88656,-15.62656,-14.0565605,-13.69656,-12.15656,-10.21656,-8.53656,-6.22656,-4.09656,-2.05656,0.26343995,2.42344,4.47344,5.90344,7.21344,8.37344,9.09344,0.71343994,-4.47656,-5.67656,-7.18656,-6.77656,-7.05656,-7.5665603,-8.74656,-8.72656
12.23344,12.4034395,12.25344,10.92344,11.25344,12.05344,11.33344,8.67344,5.09344,1.21344,-0.96656007,-3.08656,-3.13656,-2.77656,-2.04656,-0.32656005,0.88343996,0.62343997,2.61344,2.77344,-1.1165601,-4.5665603,-6.87656,-7.15656,-7.05656,-7.28656,-8.96656,-9.43656,-10.5965605,-11.57656,-13.35656,-14.0565605,-15.06656,-16.34656,-16.63656,-15.74656,-14.26656,-14.02656,-13.23656,-11.5965605,-10.0565605,-9.02656,-7.17656,-5.93656,-3.52656,-2.60656,-0.67656004,1.3834399,2.5334399,4.09344,5.79344,7.1634398,8.9434395,-2.03656,-6.52656,-7.00656,-8.79656,-9.53656,-9.45656,-9.36656,-10.00656
8.26344,7.42344,8.18344,11.87344,12.76344,10.06344,9.03344,8.71344,6.71344,3.0434399,-4.61656,-3.75656,-2.7065601,-1.71656,-0.96656007,-1.6265601,0.05343994,1.5934399,3.22344,4.23344,3.98344,2.62344,-0.40656006,-2.52656,-3.49656,-4.5865602,-5.14656,-5.74656,-6.52656,-8.3065605,-9.47656,-10.39656,-11.20656,-11.78656,-10.53656,-11.3465605,-10.78656,-9.64656,-11.48656,-10.28656,-8.98656,-8.82656,-7.73656,-6.42656,-4.93656,-3.89656,-2.90656,-1.6065601,-0.44656006,-0.15656006,1.91344,3.87344,5.80344,7.39344,-6.15656,-8.5565605,-8.83656,-9.58656,-11.02656,-11.24656,-10.79656
7.61344,7.55344,7.61344,8.04344,8.27344,9.41344,9.29344,8.70344,7.23344,5.60344,3.62344,1.5234399,0.24343994,-0.14656006,0.093439944,0.5534399,1.29344,2.19344,2.87344,4.04344,4.4334397,3.50344,2.95344,2.26344,1.81344,1.69344,0.84343994,0.27343994,-0.81656003,-1.56656,-2.62656,-4.02656,-5.28656,-6.19656,-7.02656,-7.37656,-7.80656,-8.37656,-8.75656,-7.07656,-6.73656,-8.07656,-7.35656,-6.38656,-5.77656,-4.7965603,-4.50656,-4.0665603,-1.9865601,-2.4265602,-1.9065601,-0.19656006,1.3634399,3.85344,5.81344,-9.51656,-11.03656,-11.78656,-12.07656,-11.8465605,-12.07656
7.99344,7.73344,6.80344,7.17344,7.59344,8.11344,8.27344,8.84344,7.94344,6.33344,4.85344,3.48344,2.5434399,2.0834398,1.92344,2.25344,2.8134398,3.0734398,3.5534399,3.5334399,3.90344,4.1834397,4.61344,3.98344,3.86344,2.75344,2.66344,2.20344,1.6334399,0.37343994,-0.36656007,-1.45656,-2.23656,-3.4265602,-4.48656,-4.63656,-4.60656,-4.18656,-3.74656,-3.4665601,-3.9565601,-5.93656,-5.5465603,-3.54656,-3.30656,-3.47656,-2.7065601,-4.46656,-3.73656,-4.02656,-2.82656,-2.28656,-1.4865601,0.16343994,1.8634399,-5.40656,-11.77656,-12.99656,-12.85656,-12.3065605,-12.06656
8.03344,8.02344,7.89344,7.37344,7.1634398,7.23344,7.12344,6.92344,6.57344,6.22344,5.12344,4.19344,3.45344,2.69344,2.3234398,1.8634399,1.58344,1.66344,1.8634399,1.79344,1.66344,1.7634399,1.6034399,1.15344,1.07344,0.65343994,0.31343994,0.11343994,-0.28656006,-0.26656005,-0.8365601,-1.42656,-2.55656,-3.37656,-4.22656,-3.9565601,-4.17656,-3.89656,-3.27656,-4.61656,-4.03656,-3.1665602,-3.32656,-2.75656,-3.14656,-2.99656,-2.6665602,-2.51656,-2.79656,-2.90656,-2.34656,-2.36656,-1.7665601,-1.66656,-0.23656006,-0.15656006,-7.98656,-10.69656,-12.12656,-11.97656,-11.58656
7.39344,7.15344,7.1834397,7.39344,7.65344,7.47344,6.49344,6.07344,5.81344,5.36344,4.9134398,4.38344,3.74344,3.0434399,2.41344,2.00344,1.8934399,1.8534399,1.91344,1.68344,1.3734399,0.9834399,0.88343996,0.72343993,0.52343994,0.34343994,0.30343994,-0.086560056,-0.78656006,-0.9565601,-0.91656005,-0.8365601,-1.70656,-2.37656,-3.86656,-4.85656,-4.68656,-3.75656,-2.98656,-2.9365602,-2.1965601,-2.49656,-1.45656,-1.59656,-2.03656,-2.99656,-3.35656,-3.33656,-3.30656,-2.11656,-2.23656,-1.9765601,-1.7765601,-2.25656,-1.31656,-1.78656,-5.2965603,-9.26656,-11.01656,-12.20656,-11.96656
6.1634398,6.12344,5.94344,6.00344,6.52344,6.87344,7.6634398,7.84344,6.44344,5.84344,5.15344,4.04344,3.46344,3.0834398,2.7834399,2.42344,1.7234399,0.83343995,-0.016560059,0.03343994,0.08343994,-0.11656006,-0.52656007,-0.5765601,0.23343994,0.68343997,0.7934399,0.78343993,0.44343993,0.48343995,0.44343993,1.0134399,0.77343994,0.64343995,0.78343993,1.06344,1.8434399,-0.5065601,-1.93656,-2.1865602,-3.31656,-0.87656003,1.1334399,-0.07656006,-1.21656,-2.48656,-3.25656,-3.59656,-3.48656,-2.87656,0.33343995,-1.4865601,-2.24656,-0.38656005,-2.90656,-2.6665602,-3.86656,-8.06656,-8.82656,-10.02656,-10.98656
4.54344,4.36344,4.4334397,5.69344,6.85344,7.61344,8.35344,8.9034395,10.20344,9.88344,5.9334397,4.29344,3.45344,2.50344,1.43344,0.62343997,0.5434399,-0.91656005,-0.7065601,-0.49656007,-0.11656006,-0.18656006,-0.18656006,0.24343994,0.7334399,-0.086560056,0.013439941,0.21343994,0.44343993,2.41344,1.6434399,1.90344,3.19344,3.69344,3.42344,3.8234398,3.88344,3.85344,2.3134398,0.87343997,-0.43656006,-0.81656003,-1.04656,0.36343995,1.82344,1.4834399,2.47344,2.34344,0.39343995,-1.91656,-2.9165602,-1.94656,-3.6965601,0.07343994,-1.56656,1.5234399,2.5534399,-1.3665601,-3.83656,-3.99656,-4.53656
9.11344,10.6934395,12.1934395,12.75344,13.98344,14.67344,15.29344,17.14344,16.80344,14.25344,9.4034395,5.01344,2.5634398,2.11344,-0.37656006,-1.1565601,-2.81656,-4.24656,-3.53656,-0.85656005,2.66344,3.46344,3.3034399,2.10344,1.5234399,2.0334399,1.6034399,1.6334399,2.60344,2.5834398,2.59344,2.46344,2.72344,2.5734398,2.24344,2.39344,3.94344,4.36344,1.57344,-0.05656006,-1.4765601,-1.91656,-0.43656006,0.13343994,0.36343995,0.16343994,0.56343997,0.35343993,-0.8865601,-1.03656,-1.1365601,-2.2065601,-2.4465601,-3.06656,-3.80656,-5.11656,-5.93656,-7.0465603,-9.18656,-10.16656,-10.71656
8.76344,9.32344,10.33344,11.27344,12.41344,12.6534395,12.47344,12.84344,13.1534395,9.78344,6.00344,4.40344,2.41344,0.72343993,-0.5865601,0.6634399,0.11343994,-1.3565601,0.50343996,0.49343994,0.62343997,1.57344,2.48344,3.3234398,2.21344,1.7334399,2.24344,2.77344,2.71344,2.7934399,2.75344,2.49344,1.93344,2.34344,2.69344,2.84344,3.19344,3.25344,2.74344,1.71344,1.5234399,-0.59656006,-1.6565601,-0.35656005,-0.07656006,-0.62656003,-1.07656,-0.23656006,-0.13656005,-0.5765601,-0.8865601,-1.95656,-3.48656,-5.40656,-7.0665603,-7.65656,-7.96656,-8.5565605,-9.72656,-10.25656,-10.85656
9.88344,10.60344,10.4434395,10.07344,7.87344,8.01344,6.32344,1.56344,10.67344,8.51344,6.08344,2.52344,-0.03656006,-0.25656006,1.44344,1.08344,0.57343996,1.1134399,1.67344,1.8934399,1.5234399,1.65344,1.78344,1.92344,2.5634398,2.36344,2.3134398,2.38344,2.36344,2.66344,2.69344,2.7934399,2.68344,2.52344,2.92344,2.96344,2.23344,1.55344,1.91344,1.5034399,0.62343997,0.46343994,0.7434399,-0.17656006,-0.34656006,-0.53656006,-1.09656,-2.03656,-1.9965601,-1.8665601,-2.32656,-2.85656,-3.80656,-4.90656,-6.10656,-7.26656,-8.22656,-9.41656,-9.91656,-10.31656,-10.49656
7.40344,7.05344,6.85344,8.46344,9.55344,7.90344,5.48344,2.47344,9.00344,5.29344,2.67344,-1.17656,-1.0165601,-1.9065601,-2.65656,-2.36656,-0.61656004,0.21343994,-0.19656006,-0.16656005,0.07343994,0.72343993,1.0034399,1.1334399,1.29344,1.66344,2.11344,2.59344,2.84344,2.75344,2.65344,2.60344,2.8134398,3.02344,3.3134398,3.0434399,2.8234398,2.26344,1.8834399,1.54344,0.84343994,0.07343994,-0.52656007,-0.9465601,-1.05656,-0.99656004,-1.7365601,-3.03656,-3.13656,-3.09656,-3.7165601,-3.65656,-4.38656,-5.76656,-6.68656,-7.05656,-7.7965603,-8.28656,-9.00656,-9.53656,-9.8065605
