json-data/2022072206.json
{"header": {"discipline":0,"disciplineName":"Meteorological products","gribEdition":2,"gribLength":47817,"center":7,"centerName":"US National Weather Service - NCEP(WMC)","subcenter":0,"refTime":"2022-07-22T06:00:00.000Z","significanceOfRT":1,"significanceOfRTName":"Start of forecast","productStatus":0,"productStatusName":"Operational products","productType":1,"productTypeName":"Forecast products","productDefinitionTemplate":0,"productDefinitionTemplateName":"Analysis/forecast at horizontal level/layer at a point in time","parameterCategory":0,"parameterCategoryName":"Temperature","parameterNumber":0,"parameterNumberName":"Temperature","parameterUnit":"K","genProcessType":2,"genProcessTypeName":"Forecast","forecastTime":0,"surface1Type":1,"surface1TypeName":"Ground or water surface","surface1Value":0.0,"surface2Type":255,"surface2TypeName":"Missing","surface2Value":0.0,"gridDefinitionTemplate":0,"gridDefinitionTemplateName":"Latitude_Longitude","numberPoints":65160,"shape":6,"shapeName":"Earth spherical with radius of 6,371,229.0 m","gridUnits":"degrees","resolution":48,"winds":"true","scanMode":0,"nx":360,"ny":181,"basicAngle":0,"lo1":0.0,"la1":90.0,"lo2":359.0,"la2":-90.0,"dx":1.0,"dy":1.0}, "data":
[rows 135 to 161 of 181, columns 61 to 121 of 360]
282.5633,282.36328,281.36328,280.4633,279.66327,279.9633,280.86328,281.5633,281.76328,281.76328,281.16327,280.9633,281.86328,282.76328,282.66327,281.86328,281.4633,281.26328,280.66327,280.26328,280.16327,280.4633,280.86328,281.66327,282.66327,283.16327,283.36328,283.0633,282.76328,282.5633,282.16327,281.76328,281.36328,281.26328,281.4633,282.5633,283.76328,283.86328,283.5633,283.5633,283.5633,283.26328,283.0633,283.0633,283.0633,283.16327,282.9633,282.4633,282.36328,282.76328,282.76328,282.66327,282.66327,282.86328,282.86328,282.76328,282.66327,282.36328,282.5633,282.76328,282.5633
280.26328,280.16327,279.4633,278.4633,277.9633,278.16327,277.9633,277.86328,277.76328,277.86328,277.86328,277.9633,279.16327,280.4633,280.0633,279.5633,279.0633,279.0633,279.26328,279.5633,279.66327,279.9633,281.0633,282.16327,282.9633,283.36328,283.5633,283.26328,282.76328,282.26328,281.76328,281.16327,280.86328,280.76328,280.5633,280.86328,281.5633,281.66327,281.36328,281.5633,281.36328,280.86328,280.76328,280.9633,281.66327,282.66327,283.36328,283.0633,282.66327,282.4633,282.5633,282.66327,282.36328,282.26328,282.5633,282.66327,282.16327,281.9633,282.26328,282.5633,282.4633
277.9633,277.9633,277.4633,277.5633,277.66327,278.26328,277.9633,276.9633,276.4633,276.36328,276.4633,276.66327,277.66327,278.26328,278.0633,277.26328,276.9633,277.4633,278.0633,278.76328,278.9633,279.26328,280.4633,281.5633,282.4633,283.0633,283.86328,283.86328,283.26328,282.16327,281.36328,280.66327,280.4633,280.26328,279.9633,279.5633,279.26328,279.5633,279.36328,279.16327,278.9633,279.26328,279.86328,280.0633,280.0633,280.5633,281.36328,281.16327,280.76328,280.5633,280.86328,281.66327,281.66327,281.5633,281.4633,281.4633,281.0633,280.9633,281.16327,281.4633,281.66327
276.66327,276.0633,276.26328,277.0633,278.16327,278.9633,277.9633,276.76328,276.0633,276.0633,275.66327,275.36328,275.86328,276.66327,276.4633,276.4633,276.4633,276.76328,277.0633,277.4633,277.66327,277.9633,278.4633,279.4633,280.26328,281.36328,282.26328,283.26328,282.86328,281.76328,280.86328,280.36328,280.0633,279.76328,279.26328,278.5633,278.26328,278.16327,278.26328,278.26328,278.16327,278.26328,278.86328,278.86328,278.76328,278.66327,278.86328,278.66327,278.66327,278.86328,279.26328,279.86328,280.26328,280.66327,280.66327,280.5633,280.4633,280.4633,280.4633,280.4633,280.0633
275.9633,275.66327,275.66327,276.26328,277.5633,278.0633,277.16327,276.0633,276.66327,275.86328,275.4633,275.0633,275.16327,275.36328,275.5633,275.9633,276.36328,276.66327,276.5633,276.4633,276.66327,277.0633,277.66327,278.36328,279.0633,279.66327,280.16327,280.5633,280.86328,280.4633,280.16327,279.86328,279.66327,279.5633,279.0633,278.4633,278.0633,277.66327,277.5633,277.26328,277.16327,277.0633,277.16327,277.36328,277.4633,277.36328,277.4633,277.36328,277.66327,278.16327,278.66327,278.5633,278.66327,279.0633,279.66327,279.86328,280.16327,280.26328,279.76328,279.5633,279.0633
275.5633,275.5633,275.4633,275.36328,275.76328,275.76328,275.4633,275.26328,275.16327,275.16327,275.0633,274.5633,274.26328,274.26328,274.66327,275.0633,275.66327,276.16327,276.26328,275.9633,275.76328,276.0633,276.66327,277.0633,277.66327,277.9633,278.4633,278.76328,278.9633,279.16327,279.26328,279.0633,278.86328,278.5633,278.0633,278.0633,277.76328,277.26328,277.0633,276.9633,276.86328,276.76328,276.66327,276.76328,276.86328,276.9633,276.9633,276.86328,276.76328,277.36328,277.76328,277.66327,277.36328,277.26328,277.4633,278.0633,278.86328,278.9633,278.76328,278.5633,278.36328
273.5633,275.26328,275.4633,275.36328,275.26328,275.0633,274.9633,274.86328,274.86328,274.86328,274.76328,274.66327,274.66327,274.5633,274.26328,274.26328,274.5633,274.9633,275.26328,275.36328,274.9633,274.86328,275.16327,275.66327,276.4633,276.66327,277.16327,277.16327,277.36328,277.76328,277.86328,277.86328,277.5633,277.16327,276.76328,276.76328,276.86328,276.86328,276.66327,276.66327,276.9633,276.9633,276.66327,276.36328,276.16327,276.0633,276.0633,276.16327,276.16327,276.4633,276.66327,276.5633,275.9633,275.36328,275.26328,275.86328,276.36328,276.86328,276.9633,277.0633,277.5633
274.86328,274.9633,275.16327,275.26328,275.16327,275.0633,274.9633,274.86328,274.86328,274.76328,274.5633,274.5633,274.5633,274.5633,274.26328,273.9633,273.76328,273.4633,273.4633,273.5633,273.26328,273.5633,274.36328,275.26328,275.76328,275.86328,275.9633,276.0633,276.0633,276.36328,276.66327,276.66327,276.4633,276.26328,276.0633,275.86328,276.16327,276.36328,275.9633,275.9633,276.16327,276.16327,275.9633,275.76328,275.36328,275.16327,275.36328,275.76328,275.76328,275.36328,275.16327,274.9633,274.76328,274.76328,274.9633,275.26328,275.4633,275.76328,276.0633,276.36328,276.9633
274.26328,274.36328,274.5633,274.66327,274.5633,274.4633,274.4633,274.5633,274.5633,274.5633,274.4633,274.26328,274.4633,274.26328,273.9633,273.76328,273.5633,273.36328,272.76328,272.5633,272.16327,272.4633,273.66327,274.5633,275.4633,275.66327,275.66327,275.4633,275.5633,275.66327,275.76328,275.86328,275.66327,275.26328,274.9633,274.9633,275.26328,275.86328,275.76328,275.4633,275.26328,275.26328,275.16327,275.16327,275.0633,274.86328,275.0633,275.26328,275.16327,274.76328,274.4633,274.36328,274.4633,274.76328,275.16327,275.5633,275.86328,275.9633,276.0633,276.16327,276.26328
273.86328,274.0633,274.16327,274.0633,274.0633,274.16327,274.26328,274.26328,274.26328,274.26328,274.16327,273.9633,273.76328,273.66327,273.5633,273.4633,273.26328,272.76328,271.76328,272.0633,272.26328,272.66327,273.26328,273.86328,274.5633,275.26328,275.5633,275.4633,275.36328,275.4633,275.4633,275.4633,275.4633,275.0633,274.86328,274.76328,274.76328,274.9633,274.9633,274.66327,274.26328,273.9633,274.0633,274.36328,274.4633,274.5633,274.5633,274.5633,274.26328,274.36328,274.36328,274.5633,274.86328,275.16327,275.4633,275.66327,275.86328,275.76328,275.76328,275.86328,275.66327
273.66327,273.76328,273.76328,273.86328,273.9633,273.86328,273.9633,274.0633,273.9633,273.9633,273.76328,273.66327,273.4633,273.5633,273.4633,273.4633,273.26328,272.66327,271.76328,272.16327,272.9633,273.36328,273.5633,273.86328,274.0633,274.36328,274.66327,274.9633,274.9633,274.86328,274.5633,274.5633,274.76328,274.86328,274.76328,274.4633,274.26328,274.26328,274.16327,273.9633,273.86328,273.4633,273.26328,273.36328,273.76328,274.16327,274.16327,273.9633,273.86328,273.9633,274.16327,274.5633,274.9633,275.26328,275.36328,275.4633,275.36328,275.26328,275.16327,275.16327,275.0633
273.16327,273.36328,273.4633,273.66327,273.66327,273.4633,273.4633,273.5633,273.76328,273.76328,273.66327,273.26328,273.0633,272.76328,272.76328,272.86328,272.36328,272.16327,271.9633,272.26328,273.0633,273.5633,273.76328,273.9633,274.0633,273.9633,274.16327,274.26328,274.26328,273.76328,273.66327,273.86328,273.76328,273.66327,273.5633,273.5633,273.5633,273.5633,273.26328,273.26328,273.16327,272.9633,272.66327,272.76328,273.16327,273.86328,274.0633,273.9633,273.9633,273.9633,274.16327,274.5633,275.16327,275.26328,275.0633,274.86328,274.76328,274.76328,274.86328,274.86328,274.86328
272.76328,272.66327,272.86328,273.16327,273.26328,273.16327,273.0633,273.0633,273.16327,273.36328,273.16327,272.86328,272.26328,272.16327,271.9633,271.86328,271.76328,272.0633,272.16327,272.16327,272.26328,272.76328,273.0633,273.5633,273.76328,273.86328,273.66327,273.76328,273.66327,273.4633,273.26328,273.16327,273.0633,272.9633,272.76328,272.66327,272.76328,272.76328,272.66327,272.5633,272.4633,272.4633,272.4633,272.66327,272.9633,273.4633,273.66327,273.5633,273.66327,274.0633,274.16327,274.36328,274.5633,274.5633,274.5633,274.36328,274.26328,274.16327,274.36328,274.4633,274.4633
272.26328,272.16327,272.16327,272.5633,272.66327,272.66327,272.66327,272.66327,272.66327,272.5633,272.5633,272.4633,272.0633,271.4633,271.36328,271.26328,271.66327,271.76328,271.76328,271.9633,271.9633,271.9633,272.0633,272.5633,273.0633,273.26328,273.36328,273.16327,273.0633,273.0633,272.9633,272.9633,272.86328,272.9633,272.9633,272.66327,272.4633,272.36328,272.36328,272.16327,272.26328,272.36328,272.66327,272.86328,273.0633,273.26328,273.26328,273.16327,273.16327,273.26328,273.4633,273.66327,273.76328,273.76328,273.76328,273.86328,273.86328,273.86328,273.86328,273.9633,273.76328
271.66327,271.66327,271.76328,271.86328,272.0633,272.0633,271.9633,271.9633,271.86328,271.76328,271.76328,271.76328,271.4633,268.76328,271.16327,271.16327,271.26328,271.26328,271.26328,271.36328,271.5633,271.76328,271.66327,271.86328,272.0633,272.5633,273.0633,272.76328,272.66327,272.5633,272.4633,272.36328,272.66327,272.86328,272.76328,272.66327,272.36328,272.0633,271.9633,271.86328,271.86328,272.0633,272.36328,272.76328,272.9633,272.86328,272.66327,272.76328,272.66327,272.66327,272.66327,272.9633,273.26328,273.36328,273.36328,273.26328,273.36328,273.16327,273.0633,273.0633,273.0633
271.16327,271.16327,271.26328,271.26328,271.36328,271.36328,271.5633,271.5633,271.36328,271.26328,271.26328,271.16327,271.16327,271.16327,271.16327,271.16327,271.16327,271.16327,271.16327,269.26328,271.26328,271.26328,271.26328,271.36328,268.26328,269.36328,270.5633,272.4633,272.26328,272.0633,271.9633,272.0633,272.16327,272.36328,272.36328,272.26328,272.16327,271.86328,271.66327,271.5633,271.5633,271.9633,272.16327,272.4633,272.36328,272.26328,272.16327,271.9633,271.9633,271.9633,271.9633,272.0633,272.36328,272.4633,272.5633,272.66327,272.66327,272.4633,272.36328,272.4633,272.66327
271.0633,269.76328,270.0633,270.4633,270.0633,271.26328,271.16327,266.86328,263.5633,263.66327,263.16327,251.56328,245.46329,245.96329,246.86328,245.26328,244.36328,250.36328,264.9633,265.36328,271.16327,271.16327,264.86328,262.5633,258.16327,259.86328,263.5633,271.16327,271.66327,271.26328,271.16327,271.26328,271.5633,271.4633,269.0633,269.86328,271.36328,271.26328,271.16327,271.26328,271.5633,271.66327,271.86328,271.9633,271.9633,271.86328,271.76328,271.66327,271.5633,271.5633,271.66327,271.66327,271.66327,271.5633,271.76328,271.76328,271.76328,271.76328,271.86328,271.86328,271.9633
260.36328,263.66327,263.5633,261.66327,260.76328,259.26328,262.9633,254.96329,250.46329,243.86328,242.96329,242.66328,242.66328,242.76328,243.46329,243.76328,244.56328,243.46329,244.16328,247.26328,253.26328,257.26328,251.56328,253.06328,253.26328,254.46329,255.36328,254.16328,257.0633,262.76328,268.36328,262.0633,262.36328,261.4633,261.4633,264.0633,268.16327,269.16327,270.36328,270.5633,269.76328,270.0633,270.5633,271.5633,271.0633,271.16327,267.4633,267.66327,265.86328,264.76328,265.76328,265.9633,267.86328,268.26328,269.4633,270.76328,267.0633,267.26328,270.16327,269.86328,268.86328
250.76328,251.46329,250.76328,250.46329,249.96329,249.36328,247.06328,244.76328,242.06328,241.86328,244.96329,242.16328,241.56328,241.66328,240.36328,242.36328,242.46329,242.36328,241.96329,242.46329,244.26328,245.96329,247.26328,247.46329,248.56328,249.76328,252.66328,253.96329,257.4633,258.66327,255.26328,257.36328,255.76328,257.4633,258.36328,260.16327,259.5633,259.0633,257.9633,257.36328,257.16327,256.0633,258.76328,255.06328,256.4633,254.76328,250.76328,248.66328,251.66328,247.96329,248.06328,252.36328,250.06328,248.66328,254.66328,256.26328,258.76328,258.36328,259.66327,262.66327,262.16327
252.86328,251.96329,256.26328,258.5633,251.26328,245.66328,242.36328,241.46329,238.86328,238.36328,241.46329,241.66328,240.66328,240.36328,240.36328,240.56328,240.06328,239.76328,241.36328,240.66328,241.56328,241.76328,243.06328,243.56328,243.96329,244.16328,247.16328,251.96329,254.96329,254.96329,256.16327,256.26328,252.86328,251.16328,251.86328,252.56328,251.66328,250.66328,249.36328,249.46329,248.16328,246.76328,247.86328,244.96329,242.56328,244.76328,244.86328,243.46329,245.56328,246.06328,246.46329,247.66328,251.36328,253.06328,252.36328,252.76328,252.86328,254.36328,256.36328,257.36328,258.26328
242.86328,241.56328,241.26328,240.86328,240.26328,240.66328,241.16328,239.26328,239.56328,238.96329,238.26328,237.06328,237.66328,237.76328,236.86328,235.36328,236.56328,237.46329,240.16328,239.46329,237.26328,235.86328,237.76328,240.06328,240.96329,241.66328,242.46329,243.46329,247.86328,251.06328,250.66328,246.66328,244.86328,241.06328,241.86328,248.46329,255.76328,252.66328,242.36328,241.76328,253.76328,248.26328,247.66328,248.26328,247.16328,249.26328,247.66328,246.36328,251.76328,256.36328,257.4633,260.5633,264.36328,264.4633,259.0633,253.06328,253.16328,254.76328,257.9633,262.16327,262.86328
235.56328,235.06328,235.16328,236.76328,235.46329,235.36328,236.16328,236.96329,238.66328,238.06328,236.46329,236.66328,235.06328,234.46329,232.96329,234.86328,236.56328,237.16328,245.26328,232.46329,230.46329,228.36328,234.76328,236.26328,241.56328,239.06328,237.66328,238.36328,236.26328,241.36328,245.16328,241.66328,241.26328,242.56328,239.46329,236.26328,240.36328,241.06328,242.56328,245.36328,245.46329,251.06328,257.9633,253.86328,257.26328,259.5633,260.76328,262.26328,265.66327,268.66327,264.4633,257.26328,254.86328,255.66328,252.36328,259.76328,260.86328,262.5633,259.5633,260.86328,258.9633
229.56328,228.86328,230.66328,230.06328,230.06328,229.26328,228.66328,228.86328,228.36328,227.36328,227.26328,228.76328,230.06328,231.26328,230.56328,229.46329,230.06328,229.56328,230.26328,230.76328,230.76328,240.56328,231.66328,233.36328,239.36328,239.96329,244.26328,246.06328,245.96329,246.06328,244.06328,244.06328,245.56328,244.76328,246.86328,247.26328,248.26328,249.36328,253.86328,256.16327,251.26328,249.06328,251.86328,253.36328,255.06328,255.36328,258.16327,258.0633,256.86328,257.36328,256.66327,250.16328,246.96329,254.66328,256.36328,258.36328,257.36328,265.26328,264.26328,262.86328,259.5633
233.16328,232.66328,233.06328,232.16328,234.96329,233.76328,235.56328,236.36328,234.66328,229.86328,230.06328,227.66328,227.06328,226.36328,225.46329,225.26328,225.96329,227.06328,227.26328,235.56328,246.26328,245.36328,243.16328,245.46329,244.86328,244.36328,243.56328,245.46329,243.16328,243.46329,243.86328,245.36328,248.76328,249.06328,247.86328,247.26328,246.56328,248.36328,248.96329,247.46329,249.16328,249.46329,248.86328,247.56328,247.36328,247.46329,247.86328,247.26328,247.36328,246.26328,247.46329,246.16328,251.36328,253.16328,255.06328,255.76328,256.16327,258.0633,259.86328,256.26328,255.36328
226.76328,226.96329,227.16328,228.46329,230.96329,231.36328,231.66328,233.06328,232.56328,228.06328,230.86328,229.06328,226.76328,225.76328,226.46329,227.66328,229.36328,239.86328,244.06328,243.86328,242.46329,240.96329,240.66328,241.26328,241.06328,241.96329,241.56328,242.36328,244.26328,244.96329,244.66328,244.66328,243.86328,243.76328,243.16328,243.06328,243.76328,244.46329,246.56328,246.86328,245.76328,243.46329,241.46329,240.16328,240.26328,239.56328,238.76328,239.06328,238.36328,238.26328,239.66328,245.46329,248.96329,251.36328,250.46329,250.66328,250.96329,252.26328,253.26328,253.36328,252.76328
221.26328,222.56328,224.66328,226.76328,226.76328,229.46329,235.86328,224.26328,225.96329,228.36328,230.76328,229.26328,232.26328,243.26328,244.56328,241.46329,241.86328,243.36328,242.56328,242.56328,241.36328,239.16328,237.46329,238.66328,239.86328,240.86328,241.86328,241.46329,241.56328,241.06328,241.46329,240.66328,240.06328,240.16328,240.46329,240.06328,240.46329,241.16328,241.46329,240.96329,241.56328,241.36328,240.96329,241.26328,240.36328,240.86328,240.26328,238.86328,238.36328,241.66328,244.56328,246.26328,247.66328,248.36328,247.46329,247.76328,247.46329,247.26328,247.26328,247.06328,246.96329
219.96329,221.06328,222.26328,226.76328,229.16328,232.86328,233.26328,236.86328,230.86328,226.76328,222.86328,234.76328,235.76328,241.56328,242.56328,242.06328,241.46329,242.06328,239.86328,237.56328,236.46329,234.96329,234.86328,237.56328,239.46329,239.36328,239.06328,239.26328,238.96329,238.86328,238.46329,238.46329,237.66328,236.66328,236.36328,237.46329,237.96329,238.16328,238.16328,238.76328,239.16328,239.16328,238.36328,237.56328,238.26328,238.96329,239.26328,239.86328,241.36328,242.66328,243.26328,243.86328,244.06328,244.76328,245.06328,244.96329,245.26328,244.96329,244.76328,244.56328,244.06328
