json-data/2022072700.json
{"header": {"discipline":0,"disciplineName":"Meteorological products","gribEdition":2,"gribLength":79297,"center":7,"centerName":"US National Weather Service - NCEP(WMC)","subcenter":0,"refTime":"2022-07-27T00:00:00.000Z","significanceOfRT":1,"significanceOfRTName":"Start of forecast","productStatus":0,"productStatusName":"Operational products","productType":1,"productTypeName":"Forecast products","productDefinitionTemplate":0,"productDefinitionTemplateName":"Analysis/forecast at horizontal level/layer at a point in time","parameterCategory":2,"parameterCategoryName":"Momentum","parameterNumber":3,"parameterNumberName":"V-component_of_wind","parameterUnit":"m.s-1","genProcessType":2,"genProcessTypeName":"Forecast","forecastTime":0,"surface1Type":103,"surface1TypeName":"Specified height level above ground","surface1Value":10.0,"surface2Type":255,"surface2TypeName":"Missing","surface2Value":0.0,"gridDefinitionTemplate":0,"gridDefinitionTemplateName":"Latitude_Longitude","numberPoints":65160,"shape":6,"shapeName":"Earth spherical with radius of 6,371,229.0 m","gridUnits":"degrees","resolution":48,"winds":"true","scanMode":0,"nx":360,"ny":181,"basicAngle":0,"lo1":0.0,"la1":90.0,"lo2":359.0,"la2":-90.0,"dx":1.0,"dy":1.0}, "data":
[rows 104 to 129 of 181, columns 60 to 119 of 360]
4.2715383,4.511538,3.821538,4.111538,3.1015382,3.231538,2.791538,2.221538,3.221538,4.061538,4.661538,4.921538,4.7715383,4.781538,5.5215383,5.5015383,5.531538,5.7915382,5.581538,6.011538,7.391538,8.091538,6.671538,7.511538,8.0115385,7.131538,8.541538,7.621538,5.851538,5.2915382,5.4815383,5.081538,3.951538,2.6615381,2.241538,2.021538,2.3515382,0.9615381,-0.8484619,-1.5384619,-2.568462,-0.6384619,-0.4984619,-0.6684619,-0.9484619,-0.28846192,0.11153808,0.4715381,-2.068462,-1.138462,-0.5384619,0.54153806,1.5315381,0.27153808,0.85153806,0.5115381,0.6415381,0.8115381,1.3915381,1.0415381
4.631538,4.101538,4.261538,4.181538,3.801538,3.1015382,1.5615381,1.8015381,2.711538,3.481538,3.8315382,4.5015383,5.401538,5.781538,5.111538,5.971538,6.911538,6.421538,6.801538,6.951538,7.891538,7.2115383,6.7115383,5.741538,5.7315383,7.7915382,7.311538,6.941538,5.401538,4.081538,2.771538,4.2915382,3.421538,2.051538,0.12153809,0.7415381,0.8015381,-0.10846192,0.19153808,0.5815381,-0.9884619,-1.7884619,0.27153808,0.8215381,1.1615381,0.24153809,0.7415381,1.4515381,-1.508462,-1.498462,-0.048461914,0.1315381,0.9015381,0.4815381,0.78153807,0.78153807,0.66153806,0.79153806,0.8715381,1.1915381
4.941538,5.381538,3.701538,3.791538,4.431538,2.951538,1.5715381,1.731538,2.271538,3.491538,4.4815383,4.171538,4.801538,4.5215383,5.411538,6.331538,6.671538,6.561538,6.841538,7.341538,7.931538,6.421538,6.0215383,6.341538,6.051538,6.0215383,5.951538,6.201538,5.921538,2.6115382,3.6015382,3.741538,3.6315382,2.3515382,1.2015381,0.6915381,0.8115381,1.1715381,-1.3984619,0.42153808,-0.52846193,-1.0884619,-0.9284619,-0.8784619,1.6415381,3.301538,0.8915381,0.7415381,1.1415381,-1.0484619,0.2815381,0.40153807,0.5915381,0.8315381,1.111538,0.8615381,0.5515381,0.5815381,1.011538,0.66153806
4.531538,5.071538,5.191538,5.401538,4.151538,3.1515381,3.231538,2.8815382,3.1515381,3.991538,5.361538,5.9815383,5.691538,5.091538,3.751538,3.241538,4.7115383,5.721538,6.351538,6.061538,6.7115383,7.241538,6.861538,5.191538,4.661538,5.241538,5.601538,4.191538,3.941538,2.991538,3.031538,3.771538,4.381538,3.9115381,1.9615381,0.8715381,-0.31846192,0.8815381,-0.9884619,-2.288462,-3.3984618,-2.3784618,-1.3584619,1.871538,2.1215382,2.051538,2.301538,1.1715381,1.4615381,-1.628462,-1.018462,0.9615381,0.5615381,0.7415381,0.9015381,1.121538,1.9015381,2.1015382,2.781538,1.861538
3.181538,3.3415382,4.121538,5.101538,4.831538,3.501538,2.8515382,3.211538,3.701538,3.991538,3.681538,5.881538,7.511538,6.011538,5.681538,3.9115381,3.801538,3.821538,6.011538,5.721538,7.321538,7.011538,6.681538,4.101538,5.371538,4.321538,4.011538,2.671538,4.391538,4.061538,4.431538,3.721538,3.6315382,3.171538,2.811538,3.8415382,2.0815382,0.6515381,-0.8784619,-2.268462,-4.278462,-3.5884619,-2.448462,-0.8884619,0.5215381,-0.8884619,-0.7584619,0.2615381,-0.10846192,-2.1184618,-3.1384618,-1.0784619,-0.28846192,0.7715381,1.011538,2.8915381,3.801538,3.801538,3.981538,3.251538
1.9315381,2.061538,2.481538,3.701538,4.811538,4.061538,4.2715383,4.361538,4.151538,3.961538,4.951538,6.051538,5.741538,5.941538,5.721538,5.581538,5.7315383,5.881538,6.421538,7.281538,7.161538,7.551538,7.2315383,5.741538,6.401538,5.241538,2.3615382,2.811538,3.5815382,4.331538,3.731538,3.991538,4.201538,2.571538,2.671538,3.1415381,3.9115381,3.8415382,-1.4384619,-3.468462,-3.978462,-3.008462,-1.988462,-1.4584619,0.4515381,0.12153809,0.5215381,-3.548462,-2.318462,-3.6184618,-3.678462,-3.008462,-0.8884619,0.36153808,2.541538,3.4015381,4.131538,4.511538,4.151538,3.1315382
0.9315381,0.7115381,1.241538,2.1315382,3.6015382,4.491538,4.061538,4.331538,4.911538,4.301538,4.2515383,5.101538,6.571538,5.431538,5.341538,4.741538,5.321538,6.5015383,6.131538,6.341538,7.411538,8.121538,8.081538,7.0215383,6.491538,5.931538,4.4615383,3.171538,3.6215382,3.431538,3.1115382,3.3615382,4.111538,2.6015382,1.2915381,2.8915381,2.011538,3.461538,1.621538,-1.758462,-2.318462,-2.1484618,-1.9384619,-1.618462,0.7115381,2.1415381,2.431538,0.98153806,-4.588462,-3.568462,-5.428462,-5.088462,-2.738462,-0.12846191,2.3615382,3.781538,3.471538,3.241538,3.321538,3.551538
0.4515381,0.0115380855,1.0415381,1.7715381,2.751538,3.481538,4.451538,4.951538,5.0015383,5.141538,3.9115381,4.0215383,4.0015383,6.141538,5.781538,5.2315383,4.331538,5.0415382,5.171538,5.781538,6.741538,7.381538,8.491538,8.201538,7.2715383,6.991538,4.901538,3.691538,3.731538,3.5915382,3.8615382,3.781538,2.441538,1.8015381,-1.1584619,-0.89846194,0.6415381,-0.64846194,1.2715381,-0.118461914,-0.4384619,-0.8284619,-0.8184619,-0.6384619,-0.4284619,1.3015381,3.071538,4.4615383,0.11153808,-1.8284619,-2.998462,-5.098462,-3.708462,0.8415381,2.071538,3.441538,1.8315381,2.1215382,2.9015381,3.011538
1.001538,1.6915381,3.241538,3.671538,3.921538,3.711538,2.001538,1.3215381,1.6815381,3.051538,5.071538,4.401538,4.781538,4.471538,5.621538,5.531538,7.101538,7.441538,3.481538,4.161538,5.301538,5.201538,5.621538,6.331538,7.701538,7.691538,7.371538,6.031538,4.121538,3.561538,3.721538,3.251538,3.3415382,2.3615382,1.3315381,-0.44846192,-0.9484619,-0.6384619,-1.638462,-2.6484618,-2.468462,-1.7084619,-2.1584618,-1.6984619,-0.8184619,0.54153806,2.211538,4.601538,3.981538,2.051538,1.2815381,-2.3384619,-0.15846191,1.3115381,2.271538,0.3815381,-0.77846193,0.42153808,1.861538,3.431538
2.3815382,2.481538,2.3915381,2.1415381,2.791538,2.321538,4.181538,4.661538,5.621538,5.371538,5.581538,5.451538,6.131538,5.7315383,5.581538,5.2715383,5.651538,5.561538,6.651538,6.911538,7.551538,5.651538,5.101538,4.831538,4.721538,5.281538,6.011538,6.171538,7.241538,3.471538,2.781538,2.3615382,2.1415381,2.771538,1.7115381,0.7715381,1.1415381,-0.52846193,-2.8584619,-3.1284618,-2.1584618,-2.058462,-0.9184619,-0.19846192,2.001538,1.631538,1.9015381,2.4115381,4.7515383,2.991538,1.9515381,3.481538,0.8615381,2.5915382,-0.5784619,0.36153808,1.4015381,0.09153809,-0.9784619,-0.32846192
0.2815381,1.1715381,0.8315381,1.511538,1.5715381,1.6015381,2.281538,3.051538,3.811538,5.351538,4.891538,4.2915382,4.2515383,4.281538,6.441538,7.611538,6.5415382,6.631538,5.431538,4.781538,5.561538,6.421538,6.401538,6.121538,4.631538,5.2115383,5.0015383,5.681538,6.401538,6.641538,1.381538,1.5315381,1.0615381,1.3315381,-0.08846191,0.9015381,1.3215381,1.0715381,-0.7884619,-1.4384619,-0.13846192,-2.0884619,-3.1084619,-1.5584619,-1.3584619,1.4115381,4.381538,3.981538,2.8415382,3.681538,3.8515382,3.801538,2.3815382,2.961538,-0.4584619,-0.70846194,-0.008461914,-0.76846194,0.85153806,-1.5384619
-0.6584619,-0.6684619,-1.6984619,0.33153808,0.6715381,1.4115381,4.7915382,4.591538,3.6015382,3.451538,3.801538,4.871538,5.111538,5.7315383,6.201538,6.151538,6.0415382,5.691538,5.071538,5.941538,6.7315383,4.781538,4.671538,4.201538,4.401538,4.301538,4.921538,4.911538,4.701538,5.191538,3.511538,3.6315382,0.14153808,-0.96846193,-1.4484619,-1.5984619,-2.498462,-0.8784619,-1.1484619,-1.6884619,-1.9284619,0.43153808,0.5715381,-2.3884618,-1.2784619,-0.6584619,-0.2984619,2.1015382,1.7015381,1.9615381,2.561538,2.221538,1.7215381,1.0515381,-0.21846192,-1.4784619,-0.9784619,-0.9984619,-1.5284619,-0.9384619
-1.6084619,-1.2884619,0.5215381,-0.028461915,0.5015381,1.8215381,0.5915381,1.2015381,2.1315382,2.061538,2.8515382,3.461538,4.801538,5.641538,5.941538,5.651538,5.671538,5.741538,5.661538,6.0215383,5.651538,6.071538,6.191538,4.811538,4.301538,4.131538,3.3415382,4.801538,4.411538,4.431538,4.2115383,2.9115381,1.9415381,-2.068462,-2.3784618,-4.058462,-3.3384619,-3.028462,-2.548462,-2.448462,-2.008462,-2.1384618,-0.89846194,-2.1184618,-1.268462,-1.888462,0.1315381,1.751538,1.261538,1.9615381,-0.018461915,1.0615381,0.73153806,1.121538,-1.4284619,-1.9384619,-1.3584619,-1.5384619,-1.6484619,-1.8084619
0.12153809,0.9015381,-1.4384619,-0.12846191,-0.9084619,1.7915381,3.281538,3.8415382,4.7915382,4.7515383,4.5015383,3.8615382,5.131538,5.621538,6.121538,6.011538,6.0015383,5.7715383,6.031538,5.281538,5.131538,5.2115383,4.761538,5.2115383,5.311538,2.711538,3.551538,2.251538,4.581538,3.9115381,2.551538,3.551538,2.6515381,-0.5484619,-4.0184617,-4.118462,-4.028462,-4.468462,-4.988462,-5.878462,-5.4984617,-3.448462,-3.268462,-3.1284618,-3.8684618,-2.9184618,-1.638462,0.4715381,-0.64846194,1.5815381,0.40153807,-0.77846193,1.111538,1.751538,-0.44846192,-1.5884619,-2.178462,-2.1484618,-2.078462,-2.038462
-2.978462,-1.8284619,-2.1284618,-1.4684619,-0.5984619,1.111538,2.3615382,4.081538,4.2915382,4.661538,5.051538,5.741538,6.491538,7.311538,7.691538,7.331538,6.821538,6.311538,5.991538,6.031538,6.621538,6.871538,4.621538,4.681538,3.3515382,3.461538,3.511538,3.501538,3.191538,3.561538,3.011538,1.3415381,2.511538,-1.2284619,-4.578462,-4.598462,-4.328462,-5.188462,-5.598462,-4.548462,-3.788462,-3.458462,-4.388462,-7.008462,-6.128462,-5.058462,-1.2784619,-1.5484619,-2.528462,-2.1284618,-0.018461915,1.4315381,-0.28846192,0.46153808,-0.8284619,-1.0484619,-2.3384619,-2.3884618,-2.558462,-2.728462
-3.678462,-3.498462,-2.8584619,-1.7284619,-0.118461914,1.481538,3.481538,4.2115383,4.951538,5.071538,4.621538,4.871538,6.071538,7.031538,7.341538,7.621538,7.5015383,6.831538,6.4815383,6.221538,6.2115383,6.241538,5.701538,5.821538,5.9815383,5.051538,1.7815381,2.3615382,4.2915382,3.491538,3.8315382,1.731538,-2.298462,-3.5884619,-2.508462,-4.5184617,-4.408462,-1.508462,0.22153808,-4.9984617,-2.8784618,-2.6184618,-0.3684619,-0.8184619,-6.488462,-2.3684618,0.2615381,0.9615381,0.79153806,-0.2784619,-2.3984618,-1.4684619,-0.4284619,-1.5884619,-2.068462,-1.7184619,-1.118462,-1.4484619,-2.958462,-2.3484619
-5.688462,-4.368462,-2.228462,-1.498462,0.6415381,2.241538,4.121538,5.121538,5.931538,6.661538,5.0415382,3.481538,7.201538,7.2115383,7.591538,7.9615383,7.671538,6.9615383,6.451538,6.081538,5.841538,6.361538,6.681538,5.891538,5.811538,4.7915382,3.991538,2.971538,1.491538,2.231538,0.8715381,2.6215382,-3.1684618,-3.488462,-2.3484619,-3.248462,-4.2684617,-4.128462,-3.498462,-4.0184617,-3.6484618,-1.988462,-0.32846192,0.5015381,-0.8884619,-0.9484619,1.2215381,3.321538,3.811538,3.5915382,4.971538,3.201538,-5.128462,-3.3384619,-3.078462,-1.998462,-1.2884619,-0.9184619,-1.1984619,-2.078462
-5.9584618,-5.118462,-3.6084619,-1.748462,0.34153807,2.3615382,3.501538,5.011538,5.551538,5.7315383,6.331538,5.081538,6.281538,7.581538,7.941538,7.601538,8.591538,8.001538,7.391538,7.281538,6.221538,6.091538,5.941538,6.171538,5.5215383,3.8515382,2.731538,1.741538,0.39153808,0.54153806,0.6815381,-1.8384619,-2.298462,-2.318462,-3.448462,-2.288462,-4.508462,-5.508462,-5.578462,-5.928462,-4.968462,-3.6584618,-3.468462,-1.9684619,-1.018462,1.001538,-1.9384619,0.24153809,3.281538,3.3515382,3.6215382,2.921538,3.6015382,2.471538,-3.968462,-4.468462,-1.6984619,-1.4384619,-0.6784619,-1.018462
-7.488462,-6.448462,-4.218462,-2.3384619,-0.5784619,1.9115381,3.501538,4.421538,5.591538,5.931538,6.431538,7.141538,7.331538,3.8515382,4.101538,6.101538,7.171538,7.261538,6.891538,6.7115383,6.431538,5.951538,5.741538,5.691538,4.881538,4.651538,1.5915381,-0.048461914,1.3415381,-1.0584619,-0.4284619,-4.278462,-3.818462,-2.808462,-4.108462,-2.548462,-1.8484619,-2.758462,-3.268462,-4.088462,-4.048462,-4.068462,-2.1484618,-0.2784619,-0.34846193,-1.7084619,-2.318462,-1.768462,-1.368462,-0.23846191,1.001538,2.041538,3.061538,4.081538,0.91153806,-1.1484619,-0.16846192,-0.9984619,-1.368462,-1.4684619
-6.008462,-5.608462,-4.238462,-2.978462,-0.7884619,1.7715381,3.4015381,4.5215383,5.7115383,5.881538,5.621538,5.331538,4.531538,4.201538,2.1315382,2.8815382,3.941538,6.5215383,5.561538,5.601538,5.651538,5.911538,5.681538,5.691538,5.2515383,5.221538,3.561538,-0.34846193,-0.5384619,-2.6284618,-2.038462,-6.008462,-6.2484617,-4.2684617,-3.8884618,-4.858462,-4.678462,-4.9584618,-3.688462,-2.828462,-3.538462,-3.688462,-3.028462,-3.288462,-2.788462,-3.9184618,-2.3984618,-3.248462,-1.758462,-1.768462,-1.738462,-0.8684619,0.9915381,1.2715381,0.66153806,-0.10846192,-0.048461914,-1.1484619,-0.4684619,-0.16846192
-5.148462,-4.828462,-3.458462,-1.9684619,0.22153808,2.1315382,3.9015381,4.851538,5.651538,5.051538,5.131538,5.371538,4.451538,3.9115381,4.851538,2.521538,2.3615382,2.8515382,3.931538,4.0415382,4.2515383,4.641538,4.7115383,5.091538,5.531538,5.111538,4.341538,-0.6084619,-3.0984619,-1.3084619,-5.368462,-7.308462,-6.2484617,-5.4584618,-6.178462,-6.308462,-5.9984617,-4.468462,-4.298462,-5.5384617,-4.298462,-2.778462,-3.5984619,-3.048462,-3.738462,-2.3484619,-1.6484619,-2.928462,-2.008462,-3.1084619,-2.6484618,-2.448462,-0.7584619,-1.4484619,-1.0484619,-0.58846194,-0.31846192,-0.76846194,-0.19846192,-0.9484619
-4.608462,-4.588462,-2.6084619,-0.8184619,0.15153809,2.021538,3.441538,4.581538,5.431538,5.691538,5.5015383,5.991538,5.511538,5.261538,5.561538,5.401538,4.311538,2.191538,2.021538,2.1215382,3.691538,4.401538,3.981538,3.971538,4.261538,5.061538,4.061538,0.37153807,-1.5284619,-4.088462,-5.7884617,-8.868462,-7.878462,-6.928462,-6.948462,-7.598462,-7.578462,-6.098462,-4.418462,-4.548462,-6.848462,-5.088462,-4.588462,-3.6084619,-2.978462,-4.628462,-4.528462,-3.8584619,-4.658462,-2.3784618,-3.0884619,-2.1384618,-2.698462,-2.558462,-2.1484618,-1.5884619,-3.0984619,-2.5984619,-2.3784618,-1.5684619
-3.9184618,-2.928462,-1.888462,-0.8884619,0.11153808,1.9415381,3.281538,4.091538,5.491538,7.261538,8.251538,8.731538,8.771538,8.941538,9.371538,8.5115385,7.7515383,6.931538,6.551538,3.441538,1.7115381,1.231538,0.97153807,2.801538,2.281538,2.571538,3.291538,3.8615382,-1.2284619,-3.958462,-5.548462,-9.058462,-9.448462,-8.918462,-8.698462,-7.7484617,-8.578462,-8.328462,-7.568462,-5.508462,-5.808462,-6.5184617,-6.698462,-6.2284617,-4.678462,-4.2484617,-4.668462,-4.278462,-3.518462,-3.1184618,-3.798462,-4.118462,-3.6584618,-2.6584618,-2.8484619,-2.728462,-2.6684618,-1.488462,-1.2784619,-1.0484619
-2.798462,-1.6684619,-1.7784619,-1.248462,-0.018461915,1.6715381,3.6615381,6.881538,8.361538,9.121538,9.2615385,9.711538,10.151538,10.221539,10.391538,10.361538,9.951538,9.641538,7.341538,4.931538,4.2915382,3.501538,2.801538,-0.3384619,-0.8084619,0.78153807,1.4515381,1.8315381,2.291538,-4.528462,-4.488462,-9.758462,-10.868462,-10.638462,-9.938462,-8.898462,-8.098462,-8.868462,-8.288462,-7.9584618,-6.868462,-6.368462,-7.108462,-5.398462,-6.408462,-5.658462,-6.008462,-4.968462,-5.398462,-5.348462,-4.598462,-3.428462,-3.748462,-2.948462,-2.1684618,-2.8484619,-2.288462,0.19153808,1.3215381,2.971538
-1.5284619,0.15153809,-0.4284619,-1.638462,0.6515381,3.221538,5.2715383,6.9815383,8.321538,9.411538,10.411538,10.7615385,11.211538,11.331538,11.231538,12.091538,11.131538,11.041538,11.711538,11.111538,10.201538,8.541538,5.061538,2.311538,-1.758462,-3.998462,-1.8084619,-0.08846191,0.85153806,-1.758462,-5.388462,-6.298462,-11.968462,-12.588462,-11.188462,-10.128462,-9.198462,-8.408462,-8.4884615,-7.658462,-7.2084618,-6.048462,-6.738462,-7.138462,-6.4784617,-6.758462,-4.818462,-3.308462,-2.808462,-2.8584619,-1.768462,-0.7584619,-1.5884619,-1.508462,-2.198462,-2.038462,-1.5784619,-1.3484619,0.9915381,1.111538
0.78153807,2.061538,2.3915381,2.4115381,3.3515382,4.971538,6.7315383,7.401538,8.5115385,9.771538,10.421538,11.281538,10.991538,11.801538,12.131538,12.211538,11.441538,11.231538,11.051538,10.231538,11.151538,11.2615385,11.041538,12.151538,7.531538,-4.7084618,-5.858462,-4.838462,-1.7184619,-0.18846191,-5.558462,-6.9584618,-9.598462,-13.688462,-12.818462,-11.878462,-10.638462,-9.228462,-8.298462,-8.278461,-6.828462,-6.5184617,-6.7084618,-6.168462,-6.398462,-6.918462,-5.438462,-5.578462,-3.308462,-2.578462,-1.5984619,-1.7084619,-1.7884619,-2.1384618,-3.268462,-2.488462,-0.76846194,-0.2984619,-0.6084619,-0.8884619
