json-data/2022072206.json
{"header": {"discipline":0,"disciplineName":"Meteorological products","gribEdition":2,"gribLength":78305,"center":7,"centerName":"US National Weather Service - NCEP(WMC)","subcenter":0,"refTime":"2022-07-22T06:00:00.000Z","significanceOfRT":1,"significanceOfRTName":"Start of forecast","productStatus":0,"productStatusName":"Operational products","productType":1,"productTypeName":"Forecast products","productDefinitionTemplate":0,"productDefinitionTemplateName":"Analysis/forecast at horizontal level/layer at a point in time","parameterCategory":2,"parameterCategoryName":"Momentum","parameterNumber":2,"parameterNumberName":"U-component_of_wind","parameterUnit":"m.s-1","genProcessType":2,"genProcessTypeName":"Forecast","forecastTime":0,"surface1Type":103,"surface1TypeName":"Specified height level above ground","surface1Value":10.0,"surface2Type":255,"surface2TypeName":"Missing","surface2Value":0.0,"gridDefinitionTemplate":0,"gridDefinitionTemplateName":"Latitude_Longitude","numberPoints":65160,"shape":6,"shapeName":"Earth spherical with radius of 6,371,229.0 m","gridUnits":"degrees","resolution":48,"winds":"true","scanMode":0,"nx":360,"ny":181,"basicAngle":0,"lo1":0.0,"la1":90.0,"lo2":359.0,"la2":-90.0,"dx":1.0,"dy":1.0}, "data":
[rows 140 to 167 of 181, columns 63 to 125 of 360]
16.7237,16.0437,15.1037,13.0637,12.4737,10.8437,12.3137,10.7337,9.4237,9.8537,9.5137,11.0137,12.9237,13.6537,14.5536995,15.1737,14.8837,15.7637,16.0837,16.8737,17.1837,17.9437,18.0037,18.6537,19.5837,19.9837,20.703701,20.833702,19.1037,17.8037,17.2037,16.0137,13.3337,7.4537,5.3637,8.2437,8.2737,5.8637,3.5437,5.6237,8.0237,9.6937,9.9237,8.8437,8.3537,7.1237,0.08369995,-8.4963,-10.9763,-11.1063,-9.3763,-5.5263,-4.1063,-3.5063,-2.2063,-0.6363,0.18369995,0.22369996,1.1136999,1.8536999,2.7037,3.0337,4.5337
17.1237,14.4237,12.0137,10.9437,10.0437,9.8237,10.4537,11.0737,10.8637,10.7437,11.1737,12.4437,13.2437,13.4537,14.0937,13.5937,15.1437,15.9537,16.2137,16.4837,16.8037,17.9337,18.4637,19.4037,19.4937,20.0237,19.1437,18.5237,17.533699,17.1137,16.8337,15.2237,11.0037,8.4037,3.0037,3.5837,1.2536999,0.04369995,1.4736999,0.6036999,2.1736999,5.5337,8.3537,4.8037,4.2037,-8.7063,-11.8763,-12.3663,-12.9163,-8.7263,-6.2863,-6.4763002,-5.9963,-4.5063,-2.8163002,-1.8263,-0.38630006,1.0337,2.1736999,2.9336998,3.2837,3.6636999,3.5637
15.8837,13.3937,10.4337,10.1037,9.7137,9.5037,9.9937,10.7937,10.9137,10.6937,10.9237,12.0536995,12.4537,13.4937,12.8036995,13.5237,14.6137,14.8237,15.5037,16.3237,17.6937,18.4737,19.3637,19.8737,20.5037,19.5437,18.4437,18.4037,18.0737,16.9637,14.8537,12.2037,4.8537,-0.18630005,0.57369995,-0.7663,-3.4263,-5.6663,-4.0363,-4.3163,-9.9163,-13.7863,-15.4463005,-13.8163,-15.8763,-15.4063,-14.0463,-10.9363,-8.6563,-7.3363,-7.0363,-6.5163,-5.2363,-3.4563,-2.3463001,-1.6663,0.35369995,1.8037,1.6637,1.7136999,1.4137,3.2737,4.2537
11.4137,8.8437,9.2737,9.0037,8.6937,8.8337,9.4437,9.5437,8.9037,10.2537,9.9437,10.6337,12.6037,12.3137,11.9837,13.1137,13.4937,13.9337,15.9037,17.4337,18.2237,19.7537,20.6937,20.1137,19.0137,18.0737,17.4837,17.5037,17.6537,17.2737,10.5737,-0.42630005,-2.0863001,-2.3663,-2.2263,-3.0663002,-4.7463,-6.6663,-8.5863,-8.5363,-5.5263,-9.5163,-10.8963,-12.1363,-10.9763,-10.5863,-9.3863,-7.7063003,-6.1863003,-5.8063,-5.6863003,-4.2463,-3.1663,-1.8963001,-1.9263,0.34369996,1.4936999,1.9337,0.94369996,1.1136999,1.4537,2.3537,4.0137
11.5637,8.9237,7.9437,8.0437,7.7637,8.5037,7.0737,8.2037,8.8937,8.5637,9.1937,10.5237,11.2037,11.1637,11.4737,11.7237,12.6837,15.3137,15.9337,17.283699,19.0837,20.1037,21.213701,19.4037,16.8037,15.5337,13.7037,2.9737,-12.1863,-11.1263,-6.4663,-4.5063,-4.8463,-3.8563,-3.1963,-3.1063,-4.4563003,-6.6263,-7.5763,-8.1963005,-8.8263,-3.0663002,-6.7063003,-7.5663,-6.7463,-5.9163,-4.5263,-4.4163,-4.1963,-3.8663,-3.2063,-1.9063001,-0.91630006,0.14369994,0.41369995,1.6236999,3.1936998,1.8237,1.1837,1.5737,2.2137,3.1437,4.6237
11.8036995,10.8337,6.8737,7.3537,7.7037,6.6437,4.2437,6.5737,6.6737,7.1437,7.8337,10.2237,8.1237,9.1837,10.8737,12.5137,13.2137,14.7237,16.2737,17.5537,17.0937,18.2637,12.0437,10.2537,9.7337,8.5637,-6.3963,-8.1463,-8.3163,-7.2163,-5.9863,-5.0263,-3.9163,-3.2063,-2.3763,-2.7963,-3.3863,-4.6063,-5.0363,-5.0563,-6.0463,-6.0863,-4.7963,1.1236999,-0.9663001,-1.9663,-1.0663,-1.2163,-1.5163001,-1.1163001,-0.53630006,1.0837,1.6136999,1.8736999,3.0937,3.9036999,4.5236998,2.9937,2.7537,3.3537,3.6137,4.5837,6.2037
13.3737,9.1437,7.8637,7.7137,4.5537,3.5537,4.3136997,3.1137,4.0436997,4.8237,5.6837,4.7137,6.5436997,8.3237,10.3637,11.0137,13.5837,14.5137,15.8337,16.7737,17.8837,12.8237,7.4837,4.5937,3.7537,-5.9863,-7.5563,-7.1863003,-5.8163,-5.2763,-4.8963,-3.4163,-1.2463001,0.52369994,0.10369995,-0.31630003,-0.47630006,-0.80630004,-0.91630006,-1.0163001,-0.87630004,-1.2463001,-0.66630006,-0.8963001,-1.1463001,2.6137,2.2337,2.4036999,1.8636999,2.0037,1.6236999,2.2137,3.0537,4.1937,4.7137,5.5737,6.2137,5.2037,5.1837,5.3937,6.0337,6.8637,7.7637
10.3837,8.7437,7.2237,4.6937,3.4937,1.7136999,-0.14630005,0.7337,1.7837,-0.32630005,1.4936999,4.5337,5.2137,7.6537,8.1737,10.1237,11.2237,13.1637,13.1137,15.0637,4.6137,4.7837,5.0037,-3.3363001,-5.6463,-6.3263,-5.6663,-5.1063,-4.0963,-3.8063002,-3.7963,-3.2263,-1.8363,0.47369996,1.7236999,2.0837,2.0937,2.2237,2.2937,2.4837,2.9136999,3.4937,3.9737,4.5137,4.7237,3.8937,5.0636997,3.9236999,5.0236998,4.4437,3.5837,4.2637,4.4137,4.1437,4.9937,6.0737,7.1537,6.6237,6.8136997,7.4937,8.3537,8.6737,9.4537
9.3337,9.7937,9.3337,5.4337,1.3536999,-3.7963,-5.3763,-4.9663,-4.5563,-1.4163,0.10369995,1.7336999,3.6137,5.5636997,6.9337,7.3837,9.4337,8.4437,7.3837,5.9637,5.0937,-0.30630004,-4.8263,-5.6563,-6.2163,-5.7363,-4.4463,-3.4063,-2.3863,-0.86630005,1.4037,3.1736999,4.6037,5.6437,7.0537,6.7437,6.4137,6.8537,7.3337,8.1237,8.9337,9.5637,9.5536995,8.9437,8.5837,7.7637,7.0636997,5.9537,6.0436997,5.0236998,5.5636997,5.0037,5.3637,5.1337,5.0636997,6.1737,6.8837,7.4737,8.0137,8.5237,9.0737,9.6237,9.9237
8.0837,6.7936997,1.8736999,-3.6963,-11.5663,-12.1563,-10.1063,-7.6263,-5.5863,-5.3463,-3.2663,-2.1463,2.4837,3.8837,4.3037,5.1337,6.0436997,4.2237,1.4537,-0.086300045,1.4636999,1.1637,-4.8963,-4.9063,-4.0863,-2.7763,-4.2063003,-4.2263002,-2.4863,0.47369996,3.4937,5.9037,7.7837,8.7237,8.9837,8.3737,8.1337,8.2537,8.2737,10.4637,14.2437,15.6437,13.5737,11.8337,10.0737,9.0937,7.6037,7.1537,4.9137,6.2637,5.3637,4.9537,5.2137,5.2637,5.0436997,5.4837,5.9137,7.2137,8.5536995,9.2637,9.9737,10.2037,9.6837
-16.3163,-16.6563,-17.3963,-16.2363,-15.3663,-12.7963,-11.1463,-9.4363,-6.8363,-6.8163,-6.1563,-2.3163002,-0.90630007,0.013699952,1.1336999,2.9236999,2.8937,1.9936999,-2.1963,-3.2663,-4.8563,-8.3863,-7.5063,-7.1563,-6.1863003,-5.4963,-3.5563002,-1.4863,0.81369996,2.8737,4.2936997,5.2736998,6.2337,7.5737,7.4037,7.3637,7.1237,5.9837,5.9937,0.24369995,-7.8463,-8.8563,-9.5263,4.2637,4.8537,4.2637,4.9837,5.5837,7.9637,7.4237,5.2837,5.0636997,2.3737,1.6236999,2.4336998,4.4237,5.7837,8.0536995,9.3537,9.5837,9.5837,9.6537,9.5637
-14.1863,-14.7863,-13.5263,-14.4863,-13.8163,-10.1063,-8.3663,-8.3763,-8.8363,-5.2463,-4.1563,-2.5763001,-1.8163,-0.48630005,0.63369995,1.0737,0.88369995,0.20369995,-1.4763,-3.4363,-3.9863,-4.1663,-3.8463001,-3.4663,-3.8563,-4.0863,-3.0463,-0.74630004,0.63369995,0.7236999,1.1236999,2.1536999,2.0437,1.9037,3.9737,5.8136997,1.4137,-0.49630004,-7.1963,-4.8463,-8.8363,-9.3563,-10.3163,-11.0663,-11.9263,-12.1663,-11.5763,-10.8663,-10.7663,-10.3063,-8.6463,-7.9063,-5.0363,0.003699951,3.6437,5.2637,7.2337,9.3237,10.5437,10.8036995,11.3036995,11.6337,10.3537
-11.9363,-11.5963,-10.7463,-9.7363,-9.5563,-8.1263,-8.3263,-5.3263,-3.8763,-3.1663,-3.0063,-2.6163,-1.2663001,-0.20630005,-0.45630005,0.20369995,0.6737,0.41369995,-0.36630005,-1.2163,-1.2363,-2.0563002,-2.4463,-2.6363,-2.7463,-1.9863,-1.5263001,-2.0963001,-2.9863,-0.75630003,-2.7163,-1.5563,-3.1763,-4.0663,-6.1463,-6.8763,-10.4663,-8.0663,-5.9363003,-4.3563,-6.4763002,-6.5363,-7.2863,-8.0263,-6.2063003,-6.2463,-5.4063,-4.9963,-4.2063003,-3.7763,-3.1663,-2.3163002,0.24369995,3.5837,3.7637,6.3737,7.6237,8.5837,7.2537,7.6537,7.5636997,6.5837,6.7936997
-8.7963,-9.2563,-8.8863,-6.8963,-7.6963,-5.7963,-4.4263,-3.0163,-2.8963,-2.8563,-1.8663001,-0.98630005,0.13369995,0.29369995,0.87369996,0.7836999,1.0437,1.1336999,0.7937,0.26369995,-0.27630004,-0.5863001,-1.1263001,-1.2563001,-1.7363,-1.5263001,-2.0463,-3.1663,-2.4663,-2.7963,-2.5463,-3.4263,-4.3763,-5.4663,-5.5763,-5.2663,-5.1563,-5.0363,-4.6863003,-4.2163,-4.3763,-3.4463,-3.4763,-3.3663,-2.6463,-1.8663001,-0.42630005,0.56369996,1.1737,1.8237,2.2337,2.7037,3.6736999,4.1437,5.0236998,4.4737,5.4837,6.5236998,6.9937,6.1337,5.9037,5.1937,4.5636997
-7.1363,-6.8463,-5.9263,-5.2363,-4.3863,-3.2663,-2.2463,-1.9763,-1.5263001,-0.45630005,-0.33630005,0.35369995,0.69369996,1.7536999,1.7136999,1.8237,1.8536999,1.4537,1.5537,1.2637,0.8536999,0.47369996,-0.10630005,-0.6463001,-1.0163001,-1.3563,-1.8463,-2.0563002,-2.6763,-2.6763,-2.3863,-1.8963001,-1.7363,-2.1763,-2.6063,-2.2663,-1.9963001,-1.9863,-1.6563001,-1.1963,-0.72630006,0.44369996,1.0137,1.5437,2.2437,2.4537,2.6736999,3.1037,3.9537,5.0137,7.0537,7.4837,7.2037,5.7837,4.8537,5.1937,5.2637,5.7037,4.8737,4.0737,5.0837,5.2537,4.5236998
-4.0663,-3.5463,-2.8963,-1.8763001,-1.2063,-0.8863,-0.37630004,0.05369995,0.56369996,0.9136999,1.3836999,1.7937,2.0037,2.4737,2.6037,2.9637,2.7237,1.8836999,1.9137,1.6336999,1.5437,1.1136999,0.33369994,-0.23630005,-0.5163,-0.40630004,-0.24630004,-0.62630004,-0.85630006,-0.74630004,-0.13630004,-0.7063,0.02369995,0.20369995,0.45369995,0.39369994,0.6036999,1.0036999,2.6137,2.1037,3.2937,3.6536999,3.4837,3.2737,3.5137,3.7637,4.8136997,5.9637,6.0037,5.8737,2.4436998,1.2937,-2.2763,-0.8863,1.7536999,3.5537,4.5436997,4.0236998,3.0337,2.5137,3.1536999,4.1337,5.3037
-3.3163002,-3.0263,-2.7663,-2.5763001,-1.9163,-1.3163,-1.3063,-0.62630004,0.44369996,1.2336999,1.6637,2.1936998,2.4737,2.5637,2.9436998,2.9537,2.5937,1.8237,2.1536999,1.6837,1.4137,1.1136999,0.6636999,0.84369993,0.42369995,0.56369996,0.17369995,-0.056300048,0.04369995,1.0537,1.5337,1.7737,1.6737,1.7637,2.6237,3.3637,3.1936998,3.5037,4.1737,0.59369993,-1.3263,1.8237,3.8037,3.3837,3.0437,3.3437,1.0036999,-1.1663,0.90369993,-0.91630006,0.57369995,1.0137,-0.7763001,-1.0863,1.0337,2.1936998,0.31369996,-2.5563002,-2.3863,-2.4163,0.45369995,1.1937,-1.1663
-3.0763001,-2.9163,-2.4863,-2.7663,-2.5563002,-2.0863001,-1.5563,-0.6363,0.36369994,1.4936999,2.1437,2.2737,2.2337,2.4737,2.4036999,2.0237,1.6236999,1.2837,1.1236999,0.48369995,1.1036999,1.1937,0.26369995,0.7337,-0.41630006,-2.3463001,-1.2563001,-1.9563,-2.0163,-1.1363001,-1.3163,-0.87630004,-2.0663002,-2.6963,-4.0063,-2.7263,-0.91630006,-3.9863,-5.6563,-5.0563,-5.8863,-7.4763002,-6.7863,-6.8063,-5.2163,-3.2363,-1.7763001,-4.5763,-4.9663,-3.3063002,0.5437,5.1437,6.5537,4.3737,1.4137,-0.84630007,-6.2063003,-5.3863,-2.4463,-6.1563,-7.1463,-6.8263,-10.2263
-0.36630005,-0.39630005,-1.8363,-0.66630006,-1.0063001,-1.4063001,-0.45630005,0.41369995,0.57369995,1.6937,1.9337,1.9936999,1.6336999,0.7236999,-0.40630004,-0.53630006,-0.21630006,-0.5763,-5.8163,-5.3863,-4.5863,-6.1863003,-5.6563,-4.9063,-5.0963,-4.6563,-5.0463,-5.4963,-5.3663,-5.4963,-6.1863003,-6.3663,-6.5863,-6.9263,-6.6363,-3.5763001,-4.8763,-5.1763,-6.7863,-7.6963,-7.4963,-7.4663,-5.7863,-4.5263,-3.3363001,-2.3363001,-2.6263,-3.8663,-2.1263,-0.7763001,-1.1363001,-2.7063,-4.7363,-4.6763,-3.7163,-3.6063,-5.0363,-4.5363,-5.5163,-8.2263,-9.6563,-11.1463,-10.8463
0.06369995,-0.54630005,-0.84630007,1.1136999,2.8737,4.6337,3.7137,2.0037,1.7436999,0.6137,0.08369995,-0.27630004,-1.2063,-0.67630005,0.52369994,-2.5763001,-5.8363,-9.7163,-9.5663,-8.2263,-7.8463,-7.5663,-7.0763,-7.3963,-6.1963,-5.8663,-6.6963,-7.0963,-7.4363003,-7.3763,-7.4463,-7.3463,-7.0563,-6.7863,-6.1563,-5.8663,-5.7763,-6.8163,-6.9963,-6.7163,-5.6263,-4.2263002,-3.9563,-2.8263001,-3.2963,-3.4763,-2.9663,-2.1863,-1.4963001,-1.7263,-3.2963,-5.5563,-5.9363003,-6.9163,-7.1863003,-7.5363,-7.5063,-7.8263,-8.6863,-9.9463005,-9.6263,-9.3363,-9.9863
3.4036999,5.3937,4.7936997,5.2237,6.4437,1.5936999,2.2937,1.7236999,1.8436999,1.6136999,-0.50630003,-5.1663,-7.1663,-5.6363,-6.7363,-8.6963005,-9.4963,-9.8363,-9.5763,-9.0263,-8.3363,-8.0063,-7.3763,-7.2663,-7.4463,-7.8663,-7.8663,-8.2463,-8.2263,-8.2763,-7.8463,-7.9763002,-7.6963,-6.9063,-6.5763,-6.3563,-5.8963,-5.7563,-5.7863,-5.3063,-5.0463,-5.3063,-4.7563,-3.7763,-2.4463,-2.2063,-3.3663,-3.9063,-4.4963,-4.6863003,-5.5763,-6.5163,-7.5163,-7.9463,-8.1263,-8.9163,-9.7663,-10.7063,-11.2663,-11.6063,-12.1763,-13.1363,-13.3863
6.8537,8.0237,6.1937,6.6937,6.5436997,5.6137,2.9336998,1.8436999,1.6637,-2.9563,-3.5163,-7.4163,-7.4763002,-8.5563,-8.8363,-9.5163,-9.8263,-10.0563,-9.1863,-7.9963,-7.2563,-8.1663,-8.2363,-8.0363,-8.0363,-8.0963,-8.5563,-8.3163,-8.1763,-8.4163,-8.4563,-8.0063,-7.4463,-6.9963,-6.8963,-7.0663,-6.4563003,-5.9363003,-5.8763,-5.8363,-5.3263,-4.5563,-4.5363,-3.7063,-2.9763,-3.4463,-4.3763,-5.6863003,-6.7263002,-7.3863,-7.6463,-7.9563003,-8.4663,-8.7663,-9.3763,-10.1663,-10.6963005,-10.8663,-11.2463,-12.0663,-12.3363,-12.5063,-12.8563
5.9137,5.1237,6.2337,5.2137,4.8737,1.7637,1.6136999,0.9237,-3.0163,-4.3463,-4.7163,-5.6863003,-5.6663,-7.2763,-9.1363,-9.4463005,-10.1563,-9.1963005,-8.6563,-8.7163,-7.8563,-7.7763,-7.7763,-8.0063,-8.1163,-8.0463,-8.2463,-8.2663,-8.4163,-8.3163,-7.8563,-7.3263,-6.9263,-6.3963,-6.5463,-6.8063,-6.5963,-6.1163,-5.7563,-5.4563003,-4.7263002,-4.1163,-3.8363001,-3.9163,-4.8863,-5.4463,-5.8363,-6.9963,-7.4563003,-8.2363,-8.8363,-8.4863,-8.4163,-8.6963005,-9.0163,-9.2563,-10.0363,-10.5163,-10.8263,-11.2263,-11.6363,-11.9763,-11.8963
5.4837,5.3037,5.7437,5.6037,1.8037,-2.4663,-1.6063,1.5837,-4.6563,-4.8563,-4.4963,-6.2763,-8.0663,-8.5263,-8.9263,-9.1463,-9.4163,-8.5363,-8.5463,-8.2863,-7.9063,-7.5063,-7.6063,-7.7463,-8.0063,-7.8263,-8.0163,-8.0763,-7.9563003,-7.4763002,-6.5663,-6.1863003,-5.8863,-5.7363,-5.4463,-5.6463,-5.9063,-5.7063003,-5.2863,-4.8363,-4.5263,-4.5463,-5.0163,-4.9463,-4.9163,-6.3263,-7.1363,-6.3463,-6.1163,-6.3063,-6.8363,-7.4163,-7.6263,-7.6563,-7.8263,-8.0063,-8.0363,-8.2063,-8.4663,-8.5263,-8.6463,-8.3763,-7.9263
1.3937,1.8636999,2.0937,-0.6363,-3.8263001,-6.5463,-4.6563,-5.3063,-5.7663,-5.9163,-5.5263,-4.8563,-7.3263,-8.9363,-9.5163,-9.3463,-8.7363,-8.6063,-8.2063,-7.8663,-7.7663,-7.6663,-7.4363003,-7.6863003,-7.6263,-7.5163,-7.5663,-7.2263002,-7.0963,-6.5463,-6.2763,-5.7463,-5.4063,-5.1263,-4.9563003,-4.9063,-4.8363,-4.7763,-4.6663,-4.8463,-4.9063,-4.7763,-4.9763002,-5.2863,-5.1163,-5.5863,-4.7963,-5.2763,-5.4863,-5.3863,-5.1663,-5.4263,-5.3763,-5.3963,-5.6663,-5.8363,-5.5763,-5.5863,-5.8463,-5.7663,-5.6263,-5.2363,-4.6963
-1.8063,-3.7963,-3.5763001,-4.0163,-5.2863,-5.4163,-5.3863,-5.7163,-5.3963,-5.4063,-5.7663,-6.5363,-8.3563,-9.4463005,-9.5963,-9.1763,-8.2663,-8.1163,-7.3163,-7.2463,-7.5763,-7.4263,-7.1363,-6.9263,-7.0163,-6.7763,-6.5063,-6.4263,-6.4163,-6.1063,-5.6163,-5.0263,-4.5463,-4.3163,-4.4063,-4.4163,-4.4263,-4.2963,-4.0263,-3.9663,-4.1763,-4.2063003,-4.0063,-3.7363,-3.7963,-3.9463,-4.0463,-3.8863,-3.9163,-3.9363,-4.0263,-4.0863,-4.2363,-4.2663,-4.3663,-4.5163,-4.5663,-4.5063,-4.3463,-3.9863,-3.2463,-2.1163,-1.0363001
-3.3863,-4.5463,-5.1563,-6.2663,-5.6163,-5.7663,-6.2463,-6.4663,-6.5163,-6.9563003,-7.4163,-7.7963,-8.4563,-8.6263,-8.1663,-8.0963,-8.1063,-8.1163,-7.6963,-7.1563,-6.8363,-6.6463,-6.6663,-6.3463,-5.8563,-5.6063,-5.5463,-5.5463,-5.1763,-4.6263,-4.2363,-3.9963,-3.4763,-2.8863,-2.5263,-2.3563,-2.2963,-2.2763,-2.0963001,-2.2763,-2.2963,-2.2363,-2.2563,-2.3863,-2.4163,-2.2363,-2.1463,-2.0363,-1.8663001,-1.9263,-1.8763001,-1.8763001,-1.7863001,-1.6963,-1.5063001,-1.2763001,-0.79630005,-0.12630005,0.49369994,1.1537,1.8237,2.3537,2.7437
-7.2563,-8.5363,-9.0763,-9.2863,-9.5863,-9.7763,-9.5263,-9.1163,-8.5163,-8.4063,-8.6363,-8.2763,-8.0563,-8.1263,-7.1963,-7.4563003,-7.7763,-7.4563003,-7.1963,-6.7063003,-6.2963,-5.8163,-5.5563,-5.5063,-5.0263,-4.4563003,-4.2663,-3.9363,-3.4963,-3.4763,-2.9663,-2.3363001,-1.6863,-1.0263001,-0.56630003,-0.19630004,-0.20630005,-0.34630004,-0.40630004,-0.29630005,-0.13630004,0.02369995,0.13369995,0.48369995,1.1136999,1.4836999,1.8137,1.6336999,1.4237,1.2837,1.4437,1.7037,1.9636999,2.1536999,2.3837,2.5637,3.0737,3.4436998,3.5637,3.6636999,3.9136999,4.1737,4.6037
