json-data/2022072806.json
{"header": {"discipline":0,"disciplineName":"Meteorological products","gribEdition":2,"gribLength":47814,"center":7,"centerName":"US National Weather Service - NCEP(WMC)","subcenter":0,"refTime":"2022-07-28T06:00:00.000Z","significanceOfRT":1,"significanceOfRTName":"Start of forecast","productStatus":0,"productStatusName":"Operational products","productType":1,"productTypeName":"Forecast products","productDefinitionTemplate":0,"productDefinitionTemplateName":"Analysis/forecast at horizontal level/layer at a point in time","parameterCategory":0,"parameterCategoryName":"Temperature","parameterNumber":0,"parameterNumberName":"Temperature","parameterUnit":"K","genProcessType":2,"genProcessTypeName":"Forecast","forecastTime":0,"surface1Type":1,"surface1TypeName":"Ground or water surface","surface1Value":0.0,"surface2Type":255,"surface2TypeName":"Missing","surface2Value":0.0,"gridDefinitionTemplate":0,"gridDefinitionTemplateName":"Latitude_Longitude","numberPoints":65160,"shape":6,"shapeName":"Earth spherical with radius of 6,371,229.0 m","gridUnits":"degrees","resolution":48,"winds":"true","scanMode":0,"nx":360,"ny":181,"basicAngle":0,"lo1":0.0,"la1":90.0,"lo2":359.0,"la2":-90.0,"dx":1.0,"dy":1.0}, "data":
[rows 140 to 167 of 181, columns 126 to 188 of 360]
279.9739,280.1739,280.2739,279.8739,279.7739,279.6739,279.7739,279.8739,279.6739,279.6739,279.7739,280.0739,280.2739,280.6739,281.3739,281.9739,282.0739,281.6739,280.9739,280.6739,280.8739,281.3739,281.5739,281.3739,280.8739,280.5739,280.6739,281.2739,281.4739,281.5739,281.4739,281.2739,281.1739,281.2739,281.4739,281.5739,281.5739,281.4739,281.4739,282.0739,281.7739,281.0739,280.6739,280.4739,280.4739,280.4739,280.2739,280.0739,279.8739,279.8739,279.8739,279.7739,279.5739,279.6739,279.8739,279.9739,280.4739,281.2739,281.5739,281.9739,282.5739,282.3739,281.6739
279.1739,279.0739,278.9739,278.6739,278.4739,278.3739,278.6739,278.8739,278.9739,279.0739,279.1739,279.0739,279.1739,279.1739,279.7739,280.6739,280.8739,280.8739,280.3739,279.9739,280.0739,280.3739,280.5739,280.4739,279.8739,279.4739,279.7739,280.5739,280.9739,281.1739,281.2739,281.0739,280.9739,280.7739,280.7739,280.7739,280.4739,280.5739,280.8739,281.1739,281.2739,280.6739,280.3739,280.0739,279.9739,279.9739,279.8739,279.7739,279.7739,279.8739,279.2739,279.0739,279.1739,279.4739,279.6739,279.8739,280.0739,280.4739,280.7739,281.0739,281.4739,281.3739,280.8739
278.0739,277.9739,278.0739,278.1739,277.9739,277.7739,277.8739,278.3739,278.5739,278.5739,278.2739,277.9739,277.6739,277.6739,277.5739,277.9739,278.5739,278.9739,278.9739,278.7739,278.9739,279.6739,279.9739,279.6739,279.0739,278.5739,278.9739,279.5739,279.9739,280.3739,280.4739,280.4739,280.3739,280.2739,280.1739,279.9739,279.8739,280.4739,280.7739,280.9739,280.7739,280.4739,280.1739,279.7739,279.5739,279.5739,279.6739,279.7739,279.7739,279.3739,278.4739,278.7739,278.9739,279.2739,279.4739,279.7739,279.9739,280.0739,279.9739,280.0739,280.3739,280.3739,279.9739
277.1739,277.2739,277.4739,277.6739,277.6739,277.5739,277.3739,277.2739,277.5739,277.3739,277.1739,277.0739,276.6739,276.5739,275.9739,275.7739,276.4739,277.0739,276.8739,276.9739,277.2739,278.0739,278.8739,278.6739,278.2739,277.7739,277.6739,278.2739,278.7739,279.0739,279.2739,279.2739,279.0739,279.1739,279.6739,280.1739,280.4739,280.6739,281.0739,280.9739,280.7739,280.3739,280.1739,279.7739,279.5739,279.5739,279.5739,279.7739,279.4739,278.5739,277.8739,277.9739,278.1739,278.7739,279.0739,279.3739,279.7739,279.8739,279.7739,279.7739,279.8739,279.7739,279.5739
276.5739,276.7739,276.8739,276.8739,276.9739,276.9739,276.6739,276.7739,277.0739,277.0739,276.5739,276.2739,276.1739,275.9739,275.4739,274.7739,274.8739,275.1739,275.1739,275.1739,275.4739,275.9739,276.4739,277.1739,277.2739,276.9739,277.0739,277.5739,278.1739,278.3739,278.3739,278.3739,277.9739,277.5739,278.0739,278.8739,279.8739,280.6739,280.8739,280.7739,280.5739,280.2739,280.0739,279.9739,279.9739,279.9739,279.8739,279.7739,279.2739,278.5739,278.0739,277.8739,278.0739,278.7739,279.0739,279.2739,279.5739,279.7739,279.5739,279.3739,279.1739,278.9739,278.8739
275.9739,276.0739,275.9739,275.9739,276.0739,276.1739,276.0739,275.8739,275.8739,275.9739,275.8739,275.7739,275.5739,275.2739,274.8739,274.3739,274.2739,274.3739,274.4739,274.4739,273.9739,273.9739,274.7739,275.7739,276.1739,276.3739,276.1739,276.5739,277.4739,277.5739,277.5739,277.3739,277.0739,277.0739,276.5739,276.5739,277.5739,278.7739,280.4739,280.8739,280.7739,280.6739,280.5739,280.4739,280.1739,279.7739,279.4739,279.0739,278.9739,278.5739,278.0739,277.7739,277.9739,278.6739,279.0739,279.0739,279.0739,278.9739,278.8739,278.8739,278.6739,278.3739,278.0739
275.5739,275.5739,275.4739,275.1739,275.1739,275.3739,275.4739,275.2739,275.1739,275.1739,275.3739,275.3739,275.3739,275.2739,275.0739,274.4739,274.2739,274.1739,274.1739,274.1739,273.7739,273.3739,273.6739,274.6739,275.3739,275.3739,275.1739,275.2739,275.7739,276.0739,276.5739,276.3739,276.1739,275.5739,275.3739,275.7739,276.0739,276.9739,277.9739,279.3739,279.8739,280.0739,280.1739,280.0739,279.9739,279.7739,279.4739,279.0739,278.6739,278.4739,278.0739,277.7739,277.9739,278.4739,278.7739,278.6739,278.3739,278.1739,278.1739,278.0739,277.9739,277.7739,277.4739
275.0739,275.0739,274.9739,274.5739,274.4739,274.3739,274.6739,274.7739,274.7739,274.7739,274.8739,274.8739,275.0739,275.2739,275.1739,274.8739,274.4739,274.1739,273.9739,273.8739,273.6739,273.2739,272.9739,273.4739,274.5739,274.5739,274.2739,274.5739,274.8739,275.1739,275.2739,275.1739,275.3739,275.1739,274.7739,274.5739,274.9739,275.5739,276.5739,277.3739,278.2739,278.6739,279.2739,279.6739,279.7739,279.5739,279.1739,278.8739,278.5739,278.3739,278.0739,277.7739,277.5739,277.7739,278.0739,278.1739,277.9739,277.6739,277.5739,277.5739,277.3739,277.0739,276.6739
273.6739,274.2739,274.3739,274.2739,274.1739,274.1739,274.1739,274.1739,274.1739,274.2739,274.3739,274.6739,274.9739,275.0739,274.9739,274.7739,274.5739,274.1739,273.8739,273.6739,273.4739,273.1739,272.6739,272.5739,273.5739,273.9739,273.8739,274.0739,274.6739,274.6739,274.3739,274.3739,275.0739,275.1739,274.7739,274.5739,274.7739,275.4739,276.3739,276.9739,277.3739,277.7739,278.4739,279.0739,279.1739,278.9739,278.5739,278.0739,277.9739,277.8739,277.4739,277.1739,277.2739,277.4739,277.7739,277.5739,277.2739,276.7739,276.4739,276.3739,276.2739,275.9739,275.7739
273.7739,273.7739,273.7739,273.7739,273.8739,273.9739,273.8739,273.7739,273.6739,273.7739,273.8739,274.0739,274.3739,274.2739,274.2739,274.2739,274.0739,273.7739,273.4739,273.3739,273.1739,272.9739,272.6739,272.4739,272.4739,273.1739,273.2739,273.3739,273.8739,274.0739,273.7739,273.7739,274.0739,274.4739,274.4739,274.2739,274.8739,275.2739,275.5739,275.6739,276.2739,276.5739,276.8739,277.5739,277.7739,277.6739,277.2739,277.0739,276.9739,276.3739,276.2739,276.1739,276.1739,276.5739,276.6739,276.1739,275.5739,275.3739,275.3739,275.3739,275.2739,275.0739,274.9739
273.3739,273.4739,273.4739,272.8739,273.5739,273.5739,273.4739,273.4739,273.3739,273.3739,273.3739,273.3739,273.2739,273.1739,273.0739,272.9739,272.8739,273.0739,273.2739,273.2739,273.1739,273.0739,272.7739,272.4739,272.2739,272.4739,272.8739,273.1739,273.5739,273.7739,273.4739,273.2739,273.0739,273.1739,273.1739,273.1739,273.7739,274.3739,274.5739,274.4739,274.4739,274.7739,275.2739,275.6739,275.8739,275.8739,275.7739,275.7739,275.4739,275.2739,275.1739,274.8739,274.9739,274.8739,274.8739,274.4739,274.1739,274.0739,274.3739,274.3739,274.3739,274.4739,274.5739
272.8739,272.9739,272.9739,273.0739,273.0739,272.8739,272.8739,272.8739,272.7739,272.7739,272.5739,272.4739,272.3739,272.3739,272.3739,272.3739,272.3739,272.4739,272.5739,272.5739,272.3739,272.5739,272.3739,272.1739,271.9739,271.7739,271.8739,272.1739,272.5739,272.8739,272.8739,272.4739,272.2739,272.2739,272.3739,272.3739,272.5739,272.7739,273.1739,273.2739,273.1739,273.2739,273.8739,274.2739,274.5739,274.8739,274.8739,274.5739,274.4739,274.4739,274.3739,274.0739,273.9739,273.8739,273.6739,273.4739,273.1739,273.1739,273.1739,273.2739,273.3739,273.4739,273.5739
271.8739,271.9739,272.1739,272.2739,272.4739,272.5739,272.3739,272.0739,271.7739,271.7739,271.6739,271.5739,271.4739,271.5739,271.5739,271.5739,271.6739,271.6739,271.5739,271.5739,271.4739,271.5739,271.5739,271.5739,271.3739,271.2739,263.8739,271.1739,270.3739,271.2739,267.1739,271.6739,271.7739,270.9739,270.8739,271.4739,269.0739,268.6739,268.0739,268.8739,269.9739,267.8739,269.5739,272.6739,273.2739,273.3739,273.3739,273.7739,273.9739,274.1739,273.9739,273.6739,273.6739,273.5739,273.3739,273.1739,272.9739,272.7739,272.5739,272.4739,272.3739,272.2739,272.2739
270.7739,270.4739,271.8739,271.8739,272.0739,271.0739,271.6739,271.6739,271.5739,270.9739,271.3739,270.7739,269.3739,268.5739,271.1739,266.3739,271.1739,269.5739,271.1739,263.4739,260.6739,262.7739,267.8739,264.2739,264.1739,257.9739,258.7739,260.5739,260.4739,260.9739,263.8739,252.7739,252.3739,260.0739,259.3739,256.8739,265.5739,262.4739,261.5739,262.4739,259.0739,256.1739,259.0739,261.5739,261.0739,255.4739,257.0739,258.9739,260.6739,261.2739,270.7739,272.6739,272.5739,272.3739,272.2739,272.1739,269.0739,271.7739,271.6739,271.4739,270.4739,268.6739,268.4739
269.3739,269.3739,266.4739,266.1739,265.3739,266.7739,267.8739,267.0739,268.1739,268.2739,265.6739,259.3739,261.1739,263.7739,267.1739,269.5739,270.8739,262.9739,257.0739,254.1739,250.9739,249.8739,249.8739,248.7739,249.1739,248.2739,246.7739,246.4739,248.4739,248.8739,250.8739,252.1739,259.9739,263.9739,264.3739,255.0739,253.7739,253.5739,252.5739,253.4739,250.9739,252.2739,251.3739,251.3739,251.4739,251.3739,253.3739,253.4739,253.6739,253.4739,253.3739,256.4739,258.0739,254.4739,257.8739,261.1739,259.9739,260.5739,256.6739,252.9739,253.1739,253.8739,251.5739
262.5739,261.9739,261.1739,260.2739,259.0739,258.4739,258.6739,258.3739,258.3739,255.6739,254.2739,254.0739,251.8739,250.9739,249.6739,247.2739,248.6739,251.7739,255.3739,255.2739,255.0739,253.8739,251.5739,247.7739,247.6739,246.9739,249.2739,247.3739,245.3739,249.9739,252.1739,249.0739,249.0739,254.6739,255.9739,256.5739,253.5739,253.2739,251.8739,250.2739,251.2739,248.8739,249.5739,251.8739,250.7739,248.7739,251.8739,253.0739,253.0739,252.3739,251.3739,252.6739,251.2739,252.3739,252.0739,252.0739,252.1739,251.0739,249.4739,250.3739,248.7739,248.4739,248.6739
261.2739,260.6739,260.3739,264.4739,258.5739,256.7739,257.2739,257.2739,260.3739,245.7739,247.1739,245.6739,245.2739,245.4739,245.4739,246.4739,253.2739,257.5739,254.4739,249.1739,254.6739,254.0739,247.5739,246.5739,245.7739,242.4739,244.7739,241.9739,239.9739,242.9739,241.6739,246.5739,246.7739,253.2739,250.8739,254.0739,254.3739,258.9739,263.1739,263.1739,247.8739,245.7739,247.0739,246.3739,249.3739,249.8739,251.8739,254.8739,253.4739,255.1739,252.0739,251.0739,249.8739,248.9739,252.1739,249.6739,248.3739,247.3739,245.2739,247.6739,245.4739,244.7739,245.1739
257.3739,258.1739,253.2739,255.5739,253.9739,252.5739,251.6739,250.2739,253.5739,252.1739,252.9739,253.2739,253.9739,254.2739,255.5739,255.4739,257.0739,257.3739,256.9739,254.8739,253.3739,255.1739,253.3739,248.4739,244.8739,246.5739,240.8739,244.1739,238.7739,236.4739,234.8739,235.7739,239.3739,241.8739,247.9739,250.9739,251.1739,253.7739,247.7739,254.4739,256.7739,250.0739,246.8739,248.2739,247.0739,248.9739,251.2739,252.2739,253.2739,252.2739,250.6739,250.2739,250.0739,250.0739,249.3739,249.5739,250.5739,248.6739,246.2739,245.0739,245.2739,244.0739,242.9739
250.7739,251.5739,252.3739,252.4739,251.6739,248.9739,248.5739,246.7739,243.9739,243.5739,244.4739,244.8739,245.2739,245.6739,247.1739,247.8739,245.8739,250.8739,251.9739,250.8739,248.7739,252.1739,251.6739,240.7739,240.5739,252.7739,256.8739,253.6739,251.2739,242.7739,240.9739,236.1739,238.7739,239.4739,239.6739,244.6739,245.5739,245.4739,249.0739,248.0739,245.6739,247.1739,245.0739,245.5739,246.1739,248.8739,249.4739,249.8739,250.6739,250.3739,248.7739,248.6739,249.0739,248.8739,249.2739,250.7739,250.2739,250.9739,249.3739,247.1739,245.8739,244.1739,244.0739
247.5739,249.2739,248.7739,248.4739,247.3739,245.4739,243.7739,238.7739,237.8739,234.2739,234.2739,236.4739,238.1739,239.9739,241.2739,242.1739,243.6739,243.8739,243.4739,243.0739,243.6739,243.2739,243.1739,241.8739,242.3739,245.1739,246.0739,246.2739,248.2739,247.2739,239.1739,242.4739,250.2739,250.6739,243.5739,247.6739,247.3739,245.1739,246.4739,246.6739,245.7739,245.6739,245.1739,244.4739,245.0739,245.0739,248.5739,248.8739,247.9739,248.3739,248.9739,248.8739,249.9739,249.9739,249.5739,248.6739,248.3739,247.2739,247.1739,245.8739,246.5739,247.5739,246.5739
248.0739,246.7739,243.7739,240.4739,241.5739,241.3739,237.9739,235.6739,234.0739,233.2739,233.0739,232.8739,234.7739,235.8739,236.0739,236.8739,237.2739,237.8739,238.0739,237.6739,237.3739,237.4739,237.1739,237.5739,237.9739,238.1739,238.7739,239.7739,239.3739,238.7739,239.5739,241.3739,241.5739,236.0739,240.8739,231.2739,257.3739,257.5739,246.0739,249.8739,252.4739,250.7739,245.2739,243.1739,242.6739,244.9739,245.5739,244.9739,246.7739,248.3739,251.4739,250.4739,250.9739,249.5739,248.6739,248.1739,246.3739,245.5739,245.3739,245.3739,245.7739,245.3739,244.8739
244.3739,242.6739,239.1739,238.0739,237.7739,237.5739,234.3739,232.9739,233.3739,231.5739,231.8739,231.1739,231.9739,232.3739,232.4739,232.5739,233.4739,233.8739,234.0739,233.5739,233.1739,233.1739,233.3739,233.2739,232.6739,232.6739,232.8739,233.1739,233.6739,233.6739,234.3739,234.5739,235.7739,237.6739,240.5739,235.9739,237.8739,238.0739,240.2739,242.8739,235.9739,242.5739,243.4739,241.1739,242.6739,244.7739,244.7739,245.9739,246.8739,251.2739,250.7739,249.9739,249.4739,248.6739,247.8739,247.4739,246.5739,245.5739,245.1739,245.0739,244.9739,245.3739,244.3739
234.1739,231.0739,230.0739,229.4739,228.6739,229.3739,231.5739,232.2739,230.6739,230.2739,232.1739,231.0739,229.7739,229.5739,230.0739,230.5739,231.2739,231.9739,231.4739,231.3739,231.2739,230.8739,229.8739,229.5739,229.9739,230.1739,230.0739,229.9739,229.8739,230.2739,230.1739,230.6739,232.0739,233.5739,233.5739,238.9739,238.6739,236.8739,235.1739,241.5739,239.4739,232.6739,239.2739,232.7739,246.3739,250.6739,254.0739,255.9739,251.4739,250.2739,250.3739,249.9739,249.1739,248.5739,248.1739,247.7739,247.7739,246.8739,246.4739,245.4739,245.0739,244.5739,244.0739
235.2739,230.9739,229.0739,228.7739,228.1739,229.3739,229.1739,227.7739,228.7739,229.0739,229.3739,229.5739,229.2739,228.7739,228.6739,229.3739,229.1739,228.7739,228.6739,228.6739,229.1739,229.2739,228.8739,228.5739,228.3739,228.2739,228.2739,228.3739,228.4739,228.4739,227.9739,227.4739,226.9739,226.1739,227.8739,231.1739,232.0739,232.2739,232.9739,231.0739,239.5739,243.9739,249.2739,246.9739,248.1739,246.2739,250.0739,249.2739,249.5739,249.7739,249.6739,248.9739,248.5739,248.6739,248.3739,248.6739,248.4739,248.1739,248.1739,247.6739,247.3739,247.2739,246.6739
232.7739,232.5739,231.5739,230.4739,227.4739,227.0739,226.9739,225.4739,225.5739,226.7739,226.7739,226.6739,225.9739,226.3739,227.2739,227.9739,228.0739,227.9739,227.7739,227.6739,227.8739,227.7739,227.1739,227.1739,227.3739,227.5739,227.9739,228.2739,228.8739,229.5739,229.3739,229.5739,229.8739,230.7739,222.8739,221.5739,228.1739,241.0739,240.0739,245.8739,239.0739,242.2739,241.8739,242.9739,242.0739,244.8739,246.0739,247.6739,248.4739,249.4739,248.4739,248.1739,249.1739,248.7739,248.7739,249.1739,249.1739,248.7739,249.2739,249.6739,250.3739,250.1739,249.6739
234.8739,233.6739,231.7739,229.5739,228.4739,226.7739,225.4739,223.3739,223.0739,223.1739,224.2739,225.2739,225.2739,225.4739,226.0739,226.1739,226.5739,226.9739,227.3739,227.0739,226.8739,226.7739,226.7739,227.0739,227.6739,228.0739,228.5739,229.3739,230.8739,232.1739,233.4739,234.6739,235.7739,237.6739,240.5739,241.5739,242.3739,249.4739,253.8739,254.8739,252.8739,251.7739,251.1739,249.5739,247.1739,245.6739,245.6739,245.7739,247.6739,248.9739,248.6739,249.6739,249.3739,249.5739,249.9739,249.9739,250.7739,250.2739,250.7739,251.5739,251.3739,250.4739,249.9739
226.8739,226.8739,227.0739,227.7739,227.5739,227.1739,226.2739,224.2739,223.0739,222.4739,223.4739,224.2739,224.2739,224.7739,225.1739,225.6739,226.1739,226.7739,226.7739,226.3739,226.2739,226.4739,226.7739,226.6739,226.7739,227.7739,228.2739,229.3739,230.2739,231.6739,233.7739,233.2739,233.7739,238.8739,239.3739,242.2739,248.4739,235.5739,247.6739,248.0739,245.5739,243.2739,242.4739,242.6739,242.0739,241.7739,244.9739,248.2739,248.3739,249.9739,250.3739,250.5739,250.7739,250.9739,251.3739,251.2739,251.9739,251.6739,251.6739,251.8739,251.6739,251.1739,251.0739
223.2739,224.0739,225.2739,224.8739,223.6739,223.2739,223.2739,223.2739,223.3739,223.3739,223.7739,224.0739,224.3739,224.5739,225.2739,225.7739,226.0739,225.7739,225.4739,225.3739,225.4739,225.8739,225.8739,226.2739,226.5739,227.0739,227.4739,228.2739,228.4739,229.4739,230.8739,232.5739,233.4739,235.5739,239.0739,240.4739,241.1739,245.6739,247.8739,245.4739,241.9739,241.8739,243.7739,244.8739,244.7739,248.2739,249.3739,250.5739,251.4739,251.8739,252.9739,253.3739,252.1739,250.9739,251.2739,252.4739,253.1739,252.2739,252.6739,252.9739,253.4739,252.1739,251.7739
