json-data/2022072306.json
{"header": {"discipline":0,"disciplineName":"Meteorological products","gribEdition":2,"gribLength":78367,"center":7,"centerName":"US National Weather Service - NCEP(WMC)","subcenter":0,"refTime":"2022-07-23T06:00:00.000Z","significanceOfRT":1,"significanceOfRTName":"Start of forecast","productStatus":0,"productStatusName":"Operational products","productType":1,"productTypeName":"Forecast products","productDefinitionTemplate":0,"productDefinitionTemplateName":"Analysis/forecast at horizontal level/layer at a point in time","parameterCategory":2,"parameterCategoryName":"Momentum","parameterNumber":2,"parameterNumberName":"U-component_of_wind","parameterUnit":"m.s-1","genProcessType":2,"genProcessTypeName":"Forecast","forecastTime":0,"surface1Type":103,"surface1TypeName":"Specified height level above ground","surface1Value":10.0,"surface2Type":255,"surface2TypeName":"Missing","surface2Value":0.0,"gridDefinitionTemplate":0,"gridDefinitionTemplateName":"Latitude_Longitude","numberPoints":65160,"shape":6,"shapeName":"Earth spherical with radius of 6,371,229.0 m","gridUnits":"degrees","resolution":48,"winds":"true","scanMode":0,"nx":360,"ny":181,"basicAngle":0,"lo1":0.0,"la1":90.0,"lo2":359.0,"la2":-90.0,"dx":1.0,"dy":1.0}, "data":
[rows 0 to 24 of 181, columns 171 to 227 of 360]
4.7013307,4.6513305,4.6013308,4.5513306,4.4913306,4.4413304,4.3813305,4.3213305,4.2613306,4.2013307,4.1413307,4.0713305,4.0113306,3.9413307,3.8713305,3.8013306,3.7313306,3.6613305,3.5913305,3.5113306,3.4413307,3.3613305,3.2913306,3.2113307,3.1313305,3.0513306,2.9713306,2.8913305,2.8113306,2.7213306,2.6413305,2.5613306,2.4713306,2.3813305,2.3013306,2.2113307,2.1213305,2.0313306,1.9413306,1.8513305,1.7613306,1.6713306,1.5813305,1.4813305,1.3913306,1.3013306,1.2013305,1.1113305,1.0213306,0.9213306,0.83133054,0.7313306,0.64133054,0.5413306,0.44133055,0.35133058,0.25133055
4.7013307,4.6613307,4.6113305,4.561331,4.5113306,4.4713306,4.4113307,4.3613305,4.311331,4.2513304,4.2013307,4.1513305,4.1013308,4.0413303,3.9913306,3.9313307,3.8813305,3.8213305,3.7513306,3.6813307,3.6013305,3.5213306,3.4413307,3.3513305,3.2713306,3.1813307,3.1013305,3.0113306,2.9213305,2.8313305,2.7413306,2.6413305,2.5513306,2.4513307,2.3613305,2.2613306,2.1713305,2.0613306,1.9613305,1.8613305,1.7613306,1.6613306,1.5613306,1.4613305,1.3513305,1.2613306,1.1613306,1.0613306,0.9713306,0.87133056,0.7813306,0.68133056,0.58133054,0.49133056,0.39133057,0.30133057,0.20133057
4.4213305,4.3613305,4.2913303,4.2113304,4.1413307,4.0713305,4.0213304,3.9613307,3.9113305,3.8513305,3.7913306,3.7413306,3.6713305,3.5913305,3.5013306,3.4113305,3.3213305,3.2613306,3.1913307,3.1313305,3.0813305,3.0313306,2.9813306,2.9313307,2.8813305,2.8113306,2.7413306,2.6613305,2.5913305,2.5013306,2.4113305,2.3213305,2.2113307,2.1013305,1.9713305,1.8313305,1.7013305,1.5613306,1.4213306,1.2813306,1.1413306,1.0013306,0.86133057,0.7313306,0.6013306,0.48133057,0.36133057,0.25133055,0.15133056,0.041330565,-0.058669433,-0.14866944,-0.22866943,-0.29866943,-0.37866944,-0.45866942,-0.5286694
3.7213306,3.7013307,3.6913307,3.6813307,3.7013307,3.7013307,3.6713305,3.6213305,3.5513306,3.4313307,3.3213305,3.1813307,3.0413306,2.9113305,2.8213305,2.7313306,2.6813307,2.6413305,2.6113305,2.5813305,2.5513306,2.5013306,2.4413307,2.3813305,2.2813306,2.1913307,2.0813305,1.9513305,1.8213305,1.6913306,1.5413306,1.4013306,1.2513306,1.0913305,0.93133056,0.7813306,0.6513306,0.5213306,0.41133058,0.32133058,0.24133056,0.17133057,0.11133057,0.041330565,-0.008669433,-0.058669433,-0.118669435,-0.18866943,-0.24866943,-0.32866943,-0.38866943,-0.46866944,-0.5386694,-0.61866945,-0.68866944,-0.7686694,-0.8486694
3.0713305,3.0713305,3.0613306,3.0613306,3.0513306,3.0313306,3.0013306,2.9613307,2.9213305,2.8813305,2.8313305,2.7813306,2.7413306,2.7213306,2.6813307,2.6413305,2.5913305,2.5213306,2.4313307,2.3313305,2.1813307,2.0213306,1.8513305,1.6913306,1.5313306,1.3713306,1.2313305,1.0913305,1.0013306,0.9113306,0.81133056,0.7213306,0.63133055,0.51133054,0.41133058,0.32133058,0.24133056,0.18133056,0.14133057,0.091330566,0.031330567,-0.038669433,-0.13866943,-0.22866943,-0.30866945,-0.38866943,-0.46866944,-0.55866945,-0.6486694,-0.74866945,-0.8486694,-0.92866945,-0.98866946,-1.0586694,-1.1186694,-1.1986694,-1.2686695
2.6313305,2.5613306,2.4913306,2.4213305,2.3713305,2.3613305,2.3713305,2.4113305,2.4413307,2.4613307,2.4613307,2.4513307,2.4113305,2.3413305,2.3313305,2.3313305,2.2713306,2.1813307,2.0513306,1.8613305,1.6813306,1.5213306,1.3913306,1.2713306,1.1613306,1.0613306,0.95133054,0.8413306,0.74133056,0.68133056,0.64133054,0.6013306,0.56133056,0.50133055,0.46133056,0.43133056,0.37133056,0.29133058,0.18133056,0.07133057,-0.018669434,-0.09866943,-0.18866943,-0.27866945,-0.36866942,-0.44866943,-0.56866944,-0.7086694,-0.85866946,-0.99866945,-1.1286694,-1.2086694,-1.2386694,-1.2386694,-1.2386694,-1.2786695,-1.3286694
2.2913306,2.3613305,2.3713305,2.3213305,2.2813306,2.2313306,2.1813307,2.1313305,2.1213305,2.1213305,2.1213305,2.1113305,2.0913305,2.0313306,1.9713305,1.8913306,1.8113306,1.7513306,1.6813306,1.5613306,1.4213306,1.2913306,1.2113305,1.1413306,1.0613306,0.94133055,0.7813306,0.62133056,0.5313306,0.50133055,0.47133055,0.44133055,0.42133057,0.42133057,0.45133057,0.47133055,0.45133057,0.37133056,0.27133057,0.17133057,0.041330565,-0.088669434,-0.21866943,-0.31866944,-0.37866944,-0.35866943,-0.30866945,-0.31866944,-0.38866943,-0.50866944,-0.62866944,-0.74866945,-0.85866946,-0.93866944,-0.98866946,-1.0586694,-1.1586695
1.4713305,1.5013306,1.5213306,1.5113306,1.5013306,1.4813305,1.5313306,1.6713306,1.7913306,1.8413305,1.8313305,1.7913306,1.7313305,1.7013305,1.6413306,1.5713305,1.4913306,1.4113306,1.3313305,1.2513306,1.2013305,1.1613306,1.1613306,1.2113305,1.2713306,1.2913306,1.2413306,1.1013305,0.9613306,0.83133054,0.7713306,0.7713306,0.75133055,0.63133055,0.57133055,0.5213306,0.47133055,0.55133057,0.5313306,0.49133056,0.43133056,0.34133056,0.23133057,0.16133057,0.13133056,0.11133057,0.07133057,0.0013305664,-0.12866944,-0.26866943,-0.39866942,-0.5286694,-0.6586694,-0.7786694,-0.8986694,-1.0486695,-1.1386695
2.0313306,2.1113305,2.2013307,2.1813307,2.1213305,2.0113306,1.9513305,1.9513305,1.9713305,1.9113306,1.8013306,1.6613306,1.5113306,1.4213306,1.4213306,1.4413306,1.4313306,1.3913306,1.3113306,1.1113305,0.8513306,0.7713306,1.0513306,1.3213305,1.3613305,1.2513306,1.1713306,1.1113305,1.0713305,1.0813305,1.1113305,1.1213306,1.0613306,0.94133055,0.7913306,0.7113306,0.70133054,0.7113306,0.6713306,0.5913306,0.50133055,0.38133058,0.29133058,0.24133056,0.16133057,0.10133056,0.051330566,0.011330566,-0.038669433,-0.088669434,-0.12866944,-0.19866943,-0.26866943,-0.36866942,-0.5186694,-0.66866946,-0.7886694
1.9113306,1.9413306,2.0113306,2.1013305,2.1413305,2.1813307,2.2013307,2.1813307,2.1113305,2.0513306,2.0113306,1.9413306,1.8413305,1.3313305,0.99133056,0.9713306,1.0813305,1.1813306,1.2813306,1.3613305,1.5113306,1.7813306,2.0213306,2.1113305,2.0113306,2.0113306,2.0113306,1.9313306,1.8213305,1.7413306,1.6413306,1.5213306,1.4113306,1.3013306,1.1813306,1.1313306,1.1113305,1.0913305,1.0013306,0.89133054,0.7813306,0.6713306,0.56133056,0.48133057,0.36133057,0.20133057,0.15133056,0.22133057,0.26133057,0.16133057,-0.07866944,-0.23866944,-0.33866942,-0.46866944,-0.5786694,-0.61866945,-0.6586694
1.6713306,1.6913306,1.6713306,1.7313305,1.8813306,2.0113306,2.1013305,2.3513305,2.6313305,2.8113306,2.7913306,2.7013307,2.5913305,2.4713306,2.4113305,2.3813305,2.3013306,2.0813305,1.7813306,1.6013305,1.6013305,1.6913306,1.7813306,1.8413305,1.7913306,1.8213305,1.8313305,1.7913306,1.7713306,1.7613306,1.7513306,1.7313305,1.6913306,1.6713306,1.6213306,1.5513306,1.4613305,1.4113306,1.3513305,1.2713306,1.1713306,1.0813305,0.9613306,0.7913306,0.6713306,0.58133054,0.45133057,0.40133056,0.45133057,0.45133057,0.38133058,0.25133055,0.17133057,0.11133057,0.08133057,0.031330567,-0.07866944
0.81133056,1.1013305,1.5113306,1.8013306,1.7813306,1.7213305,1.6113305,1.5113306,1.5313306,1.6013305,1.6513306,1.6813306,1.7213305,1.8513305,1.9513305,1.9813305,1.9813305,1.9713305,1.9013306,1.7613306,1.6913306,1.7213305,1.7213305,1.6913306,1.6713306,1.6813306,1.7313305,1.8013306,1.8313305,1.8913306,1.9313306,1.9313306,1.9613305,1.9913306,1.9313306,1.8513305,1.7813306,1.7513306,1.7713306,1.7513306,1.6413306,1.5413306,1.3913306,1.2213305,1.1213306,1.0613306,1.0113306,0.9713306,0.88133055,0.76133054,0.6713306,0.55133057,0.47133055,0.41133058,0.34133056,0.25133055,0.16133057
-1.6386695,-1.5386695,-1.4186695,-0.9586694,-0.7186694,-0.5886694,-0.23866944,-0.028669434,0.14133057,0.32133058,0.43133056,0.41133058,0.61133057,0.70133054,0.7313306,0.69133055,0.55133057,0.45133057,0.39133057,0.36133057,0.28133056,0.27133057,0.35133058,0.5213306,0.62133056,0.5313306,0.6613306,0.7913306,0.83133054,0.7913306,0.69133055,0.6713306,0.6513306,0.64133054,0.70133054,0.7113306,0.7813306,0.86133057,0.9113306,0.9713306,1.0213306,1.0213306,0.94133055,0.83133054,0.7113306,0.64133054,0.61133057,0.62133056,0.58133054,0.5413306,0.55133057,0.5413306,0.55133057,0.58133054,0.5413306,0.5213306,0.50133055
-2.2586694,-2.2286694,-1.9786694,-1.8886695,-1.8786694,-1.6986694,-1.5886694,-1.4086695,-0.88866943,-0.75866944,-0.9086694,-0.9086694,-0.79866946,-0.74866945,-0.66866946,-0.62866944,-0.66866946,-0.79866946,-0.87866944,-0.9086694,-0.8386694,-0.7686694,-0.7086694,-0.60866946,-0.5286694,-0.50866944,-0.54866946,-0.6586694,-0.7186694,-0.66866946,-0.60866946,-0.5186694,-0.44866943,-0.37866944,-0.33866942,-0.30866945,-0.23866944,-0.15866943,-0.13866943,-0.13866943,-0.12866944,-0.06866943,-0.038669433,-0.028669434,0.011330566,0.021330567,0.021330567,0.031330567,0.041330565,0.091330566,0.17133057,0.29133058,0.42133057,0.49133056,0.55133057,0.5413306,0.5413306
-2.0686693,-2.1886694,-2.3186693,-2.3486695,-2.2986693,-2.1686695,-2.0686693,-1.8886695,-1.8086694,-1.7886695,-1.7386694,-1.7186694,-1.5786694,-1.3286694,-1.1286694,-0.92866945,-0.8486694,-0.88866943,-0.98866946,-1.1186694,-1.2486694,-1.3386694,-1.3986695,-1.4786694,-1.5686694,-1.6086694,-1.6586695,-1.6986694,-1.6786695,-1.6686695,-1.6586695,-1.6686695,-1.7086694,-1.7686695,-1.8586694,-1.9086695,-1.8986695,-1.9086695,-1.9286695,-1.8586694,-1.7686695,-1.7286694,-1.7186694,-1.6886694,-1.5986694,-1.4586694,-1.2486694,-1.1186694,-1.1186694,-1.2486694,-1.3086694,-1.3986695,-1.4886694,-1.5786694,-1.5886694,-1.5586694,-1.5686694
-2.0386693,-2.0186694,-1.9386694,-1.7686695,-1.6886694,-1.7586694,-1.7086694,-1.6686695,-1.8486694,-1.9386694,-1.8186694,-1.7186694,-1.6686695,-1.7686695,-1.7986695,-1.6986694,-1.6386695,-1.5586694,-1.6786695,-1.6886694,-1.6986694,-1.7786695,-1.8586694,-1.8286694,-1.9386694,-1.7986695,-1.7986695,-1.8286694,-1.8486694,-1.8386694,-1.9286695,-2.0786695,-2.1986694,-2.2786694,-2.2186694,-2.2486694,-2.1486695,-2.2586694,-2.3586695,-2.4686694,-2.4586694,-2.4286695,-2.4486694,-2.4086695,-2.3486695,-2.3286695,-2.2386694,-2.0486693,-1.8786694,-1.6786695,-1.5086694,-1.5286695,-1.3986695,-1.3086694,-1.4486694,-2.2286694,-1.8186694
-1.0586694,-0.80866945,-0.5986694,-0.7086694,-0.8286694,-0.61866945,-0.24866943,-0.30866945,-0.5286694,-0.7786694,-1.0386695,-0.94866943,-0.9686694,-1.0986694,-1.3786694,-1.6586695,-1.6186694,-1.6486695,-1.6086694,-1.4686694,-1.2986695,-1.4386694,-1.5586694,-2.3186693,-3.3986695,-3.7986693,-4.0186696,-3.4886694,-3.9086695,-2.6286695,-1.8686694,-1.9486694,-1.8686694,-1.8186694,-1.7986695,-1.5886694,-1.5086694,-1.6186694,-2.0386693,-2.1786695,-2.2586694,-2.3986695,-2.5586693,-2.4386694,-2.7186694,-2.5086694,-2.3686695,-2.7686694,-3.2586694,-3.4286695,-3.7386694,-3.3386695,-3.1386695,-2.7286694,-2.2386694,-2.1286695,-1.8486694
-1.3686694,-1.1486695,-1.0086694,-0.8386694,-0.74866945,-0.37866944,0.11133057,-0.028669434,-0.33866942,-0.47866943,-0.40866944,-0.5386694,-1.0586694,-0.9586694,-0.91866946,-1.0286695,-1.5986694,-1.6986694,-1.8186694,-2.2486694,-2.2086694,-2.5286694,-2.5786695,-2.7386694,-2.8586695,-3.1286695,-3.5486693,-4.4786696,-3.9786694,-3.0486693,-2.8886695,-3.1186695,-3.2886693,-3.4786694,-3.4586694,-3.4386694,-3.2286694,-3.1986694,-3.0286694,-3.0286694,-3.3186693,-3.5686693,-3.7586694,-3.8986695,-4.0586696,-4.0786695,-4.1586695,-4.0486693,-4.1186695,-4.2186694,-3.9886694,-3.8186693,-3.9986694,-3.6786695,-3.5686693,-3.4486694,-2.9886694
-1.8286694,-1.7186694,-1.5886694,-1.2186694,-1.8786694,-1.7486694,-1.8286694,-0.6486694,-0.5986694,-0.018669434,0.87133056,0.7913306,0.22133057,-0.50866944,-0.5886694,-0.80866945,-0.98866946,-0.8286694,-0.8386694,-1.7286694,-3.9486694,-4.2986693,-4.4786696,-5.0486693,-3.1786695,-3.5686693,-6.2186694,-5.9586697,-4.9986696,-3.6786695,-3.2686694,-3.2686694,-3.0686693,-3.0386693,-3.5686693,-2.7986693,-2.5786695,-2.5086694,-2.4686694,-2.6486695,-2.6986694,-2.7686694,-3.0686693,-3.1086695,-3.1286695,-3.3286695,-3.1986694,-3.2986693,-3.5086694,-3.6886694,-3.5086694,-3.4586694,-3.6686695,-3.8586695,-3.7386694,-3.6486695,-3.4786694
-2.1486695,-2.4086695,-1.8386694,-1.9386694,-2.2786694,-1.5586694,-1.7386694,-1.5586694,-1.9986694,-0.6586694,0.021330567,-0.37866944,0.99133056,0.61133057,-1.5186695,-2.5086694,-1.8586694,-1.8186694,-1.3586694,-3.3986695,-4.0586696,-4.4286695,-4.8586693,-4.7786694,-5.2786694,-5.7186694,-5.8586693,-5.9786696,-5.8986692,-5.8886695,-6.0886693,-4.8686695,-4.2586694,-3.6586695,-3.3786695,-3.3886695,-1.9686694,-1.5486695,-1.6986694,-1.9286695,-2.1986694,-2.5486693,-2.2786694,-2.2586694,-2.1686695,-2.2086694,-2.1486695,-1.9686694,-2.6786695,-2.3386695,-2.7086694,-2.7986693,-2.3986695,-1.8286694,-2.6986694,-3.1986694,-3.3086693
-3.1986694,-2.1686695,-0.17866944,-0.42866942,0.50133055,0.70133054,0.9613306,1.6213306,1.7513306,1.8813306,1.8813306,1.1413306,-0.23866944,-0.33866942,-1.2986695,-2.1486695,-2.2586694,-2.5686693,-3.1286695,-3.2986693,-3.1886694,-2.9486694,-3.1186695,-3.2386694,-3.3686695,-3.6686695,-3.5586693,-2.0686693,1.1713306,-1.3686694,0.28133056,-1.6586695,-2.6486695,-2.8486695,-2.2786694,-2.7986693,-2.7086694,-1.3386694,-0.9586694,-1.6086694,-1.5686694,-0.8286694,-0.5286694,-1.3786694,-0.13866943,0.61133057,1.4913306,2.0613306,1.8813306,1.7513306,0.86133057,0.7713306,0.57133055,-0.07866944,-1.3186694,-0.27866945,0.011330566
4.9713306,-1.0986694,-1.9986694,-1.4886694,-1.2286694,-1.3086694,-1.4186695,-1.4286695,-2.2386694,0.031330567,3.2813306,2.8913305,2.8513305,2.2213306,0.5413306,-2.3586695,-2.9586694,-3.4886694,-3.3186693,-3.1986694,-3.6686695,-3.8686695,-3.9586694,-3.5186694,-1.7686695,-0.63866943,1.1413306,-1.6386695,-2.0086694,-0.7786694,1.6713306,-0.06866943,-0.85866946,-1.3186694,0.21133056,1.9513305,-0.20866944,-1.4486694,-1.6986694,-1.8786694,-1.0486695,0.021330567,0.57133055,0.6013306,-0.35866943,0.22133057,-0.81866944,-0.6586694,-0.46866944,0.82133055,-1.0886694,0.33133057,4.0013304,5.7213306,3.8613305,3.1213305,3.1613305
2.1113305,4.4613304,0.99133056,-0.98866946,-2.9986694,-5.6486692,-2.2386694,-2.5686693,-1.3086694,-0.5886694,-1.2786695,2.1713305,3.3913305,3.7113307,2.7013307,-0.91866946,-2.0286694,-2.2386694,-2.3686695,-3.1586695,-1.7986695,-1.5286695,-1.6486695,1.0013306,1.7313305,1.7613306,-0.88866943,-0.98866946,-1.1686695,-0.9586694,-0.61866945,-2.4086695,-0.44866943,0.20133057,1.5013306,0.0013305664,1.0513306,0.8513306,0.9013306,0.9013306,1.3013306,1.3313305,-0.038669433,1.7413306,3.5513306,4.061331,3.3713305,2.9413307,1.9513305,1.5713305,1.5913305,0.7813306,1.3113306,-0.5786694,0.011330566,5.9313307,-0.12866944
-1.2986695,-0.20866944,-0.6586694,-2.8486695,-4.3586693,-2.5286694,-5.8986692,-5.9886694,-6.4686694,-6.1086693,-2.3986695,-0.048669435,1.6313306,1.8013306,4.081331,2.6813307,0.47133055,2.0013306,1.5313306,-1.0586694,-0.75866944,-0.7086694,-1.7486694,-3.8386695,-3.6386695,-1.9486694,-0.8486694,0.25133055,-1.4086695,-0.27866945,0.33133057,-0.88866943,0.93133056,1.4713305,1.4113306,2.9013305,3.0213306,0.70133054,-0.93866944,0.76133054,1.9913306,1.5213306,2.0213306,1.6813306,1.8613305,0.49133056,0.62133056,1.2313305,1.3113306,1.2613306,1.2113305,1.5613306,2.6113305,2.0813305,-0.73866946,4.8913307,9.261331
-2.5986695,-1.4886694,-3.7086694,-2.2486694,-2.5186694,-3.7786694,-6.8586693,-6.8786693,-4.9286695,-2.6286695,-4.0786695,-3.6986694,-1.9186695,0.061330568,1.0313306,0.34133056,2.0013306,-1.6586695,-1.6286694,0.9713306,-1.8186694,-5.5786695,-3.9886694,-5.2486696,-5.668669,-5.5186696,-4.918669,-2.1186695,-1.0986694,0.0013305664,-0.20866944,-0.21866943,1.7313305,2.6913307,2.0713305,1.7713306,3.0713305,2.8413305,1.9813305,0.94133055,1.8013306,2.4413307,2.3213305,2.0313306,0.7113306,-0.39866942,-0.13866943,0.31133056,0.26133057,1.3713306,1.2013305,1.1113305,1.1613306,1.0513306,2.3013306,5.2013307,4.2213306
