json-data/2022072712.json
{"header": {"discipline":0,"disciplineName":"Meteorological products","gribEdition":2,"gribLength":79524,"center":7,"centerName":"US National Weather Service - NCEP(WMC)","subcenter":0,"refTime":"2022-07-27T12:00:00.000Z","significanceOfRT":1,"significanceOfRTName":"Start of forecast","productStatus":0,"productStatusName":"Operational products","productType":1,"productTypeName":"Forecast products","productDefinitionTemplate":0,"productDefinitionTemplateName":"Analysis/forecast at horizontal level/layer at a point in time","parameterCategory":2,"parameterCategoryName":"Momentum","parameterNumber":2,"parameterNumberName":"U-component_of_wind","parameterUnit":"m.s-1","genProcessType":2,"genProcessTypeName":"Forecast","forecastTime":0,"surface1Type":103,"surface1TypeName":"Specified height level above ground","surface1Value":10.0,"surface2Type":255,"surface2TypeName":"Missing","surface2Value":0.0,"gridDefinitionTemplate":0,"gridDefinitionTemplateName":"Latitude_Longitude","numberPoints":65160,"shape":6,"shapeName":"Earth spherical with radius of 6,371,229.0 m","gridUnits":"degrees","resolution":48,"winds":"true","scanMode":0,"nx":360,"ny":181,"basicAngle":0,"lo1":0.0,"la1":90.0,"lo2":359.0,"la2":-90.0,"dx":1.0,"dy":1.0}, "data":
[rows 26 to 51 of 181, columns 290 to 347 of 360]
-0.44849122,-0.3684912,2.0915089,1.8615088,1.5815088,-0.8584912,-1.4484912,1.2015088,0.8615088,3.1815088,-0.4284912,-1.5284913,0.07150879,0.5015088,1.5915087,2.571509,2.2615087,2.3415089,2.801509,-2.948491,-1.4784912,-5.6484914,-4.758491,-3.438491,-1.6384912,0.94150877,3.1715088,5.7315087,2.5315087,2.7515087,1.7715088,4.8315086,3.4615088,3.7915087,2.7115088,3.6515088,4.171509,4.8715086,4.451509,3.7815087,6.921509,8.781508,9.171509,8.141509,6.2115088,4.401509,3.1215088,2.7215087,0.14150879,0.11150879,-1.2084912,-2.178491,-3.8884912,-1.7984912,0.22150879,4.6615086,3.5315087,3.3815088
0.6415088,0.9215088,-0.43849123,-1.4984912,0.5615088,0.49150878,1.1215088,1.6515088,1.6615088,1.9415088,0.6515088,0.5515088,0.5415088,0.40150878,1.2215087,2.3515089,2.7515087,3.301509,4.301509,4.9615088,-0.18849121,-2.2184913,-2.3584912,-3.2384913,-2.5984912,0.8015088,5.341509,1.8315088,0.22150879,2.9615088,2.9715087,1.9715087,2.2815087,2.4215088,1.1015087,3.571509,6.901509,8.841509,10.291509,10.721509,10.321508,10.041509,8.111508,7.551509,6.921509,5.881509,5.0415087,4.671509,3.3615088,1.6515088,1.3015088,1.7915088,1.2815088,1.5415088,1.8815088,2.801509,2.7715087,3.2315087
0.12150879,-0.18849121,-0.06849121,1.3115088,-1.3984913,-2.5484912,0.14150879,1.1315088,1.9715087,2.1915088,1.5215088,-0.2984912,-0.8784912,0.5915088,0.22150879,1.8315088,2.8515089,4.0015087,4.7315087,5.0615087,4.4615088,-1.5884912,-3.2184913,-3.7184913,-2.698491,-1.3084912,2.551509,1.3215088,0.49150878,1.2015088,1.0115088,1.1015087,1.7815088,2.4015088,4.0815086,5.951509,7.3515086,7.611509,7.5415087,7.881509,8.501509,8.981509,8.011509,7.941509,7.5015087,6.8915086,6.011509,4.5415087,3.311509,3.301509,2.6715088,2.321509,1.3815088,1.9615088,1.8115088,1.7915088,2.4615088,2.821509
0.04150879,-3.8784912,-5.658491,-6.7484913,-7.118491,-5.548491,-3.5484912,-0.86849123,1.9415088,1.9215088,1.0415088,0.43150878,-0.4584912,-1.8484912,-0.43849123,0.1815088,1.0315088,2.1415088,3.2615087,4.2915087,4.511509,3.4815087,-0.10849121,0.081508785,1.8915088,0.22150879,2.8615088,0.5615088,0.2915088,0.5515088,0.2915088,1.5815088,2.2715087,2.7815087,3.7215087,4.571509,5.671509,5.8715086,5.861509,6.3315086,6.2915087,6.151509,6.9615088,7.431509,7.551509,6.5815086,5.381509,4.1015086,3.4515088,3.571509,3.5915089,3.2915087,2.4615088,2.3415089,1.7415088,1.4115088,1.8115088,1.7015088
-4.2284913,-1.1784912,-3.7384913,-3.6284912,-2.2084913,-2.0884912,-3.4684913,-3.2584913,-2.3184912,-1.5884912,-1.0684912,-1.5484912,-1.8984913,-2.2984912,-1.6984912,-1.4784912,-0.7084912,0.11150879,1.0915087,1.7815088,2.6315088,3.051509,3.2115088,1.2415088,0.2515088,2.8415089,0.011508789,-1.0284913,-0.2384912,0.34150878,-1.2384912,-0.4284912,1.0515088,1.8815088,2.4715087,3.7515087,3.551509,3.9315088,4.2115088,4.431509,4.631509,5.491509,6.031509,6.401509,5.901509,4.681509,4.1015086,3.801509,3.3815088,2.4315088,2.7615087,2.0915089,1.8915088,1.6415088,1.9615088,1.7915088,1.5715088,1.5415088
-1.3284912,2.4515088,4.551509,3.2715087,1.9815087,0.2615088,-1.4984912,-2.0884912,-2.688491,-1.7584912,-1.4184912,-2.178491,-3.0484912,-3.9784913,-3.8584912,-3.5084913,-3.0884912,-2.3984911,-1.5384912,-0.9584912,-0.05849121,0.63150877,1.2415088,1.9515088,2.2315087,1.5215088,2.051509,2.1115088,0.88150877,-0.01849121,0.76150876,-2.2684913,-2.198491,-1.0584912,0.3615088,1.1315088,1.0115088,1.6115088,2.301509,2.1315088,2.7215087,4.5815086,4.401509,4.471509,4.8315086,5.071509,4.2915087,2.9015088,2.0815089,1.7915088,1.4215088,1.8015088,0.95150876,1.0215088,1.3515087,1.1615088,0.9915088,1.7415088
-3.9784913,-2.928491,-2.7184913,-2.1584911,-2.1484911,-2.2084913,-3.0884912,-1.9584912,0.94150877,-2.8684912,-3.9984913,-4.6684914,-4.9584913,-5.3984914,-6.298491,-6.3584914,-5.778491,-5.348491,-5.028491,-4.2484913,-3.7584913,-2.5884912,-2.0584912,-1.1484913,-0.18849121,-0.3084912,-0.98849124,-1.5984912,-2.3184912,-1.6784912,-1.9184912,-1.3384912,-1.3184912,-0.6084912,-0.67849123,-0.8584912,-0.34849122,0.14150879,1.4415088,1.7615088,2.7715087,3.7315087,4.131509,4.1215086,4.111509,4.0015087,3.4615088,2.3615088,1.8515087,0.3815088,0.6415088,0.24150878,0.7415088,0.2615088,0.37150878,0.63150877,1.2915088,1.2015088
-4.1484914,-3.9784913,-3.7384913,-3.9584913,-4.0884914,-4.2484913,-5.828491,-1.7384912,-0.44849122,-0.8384912,-4.1884913,-5.328491,-7.8384914,-7.928491,-8.868491,-8.848492,-7.848491,-7.9784913,-7.118491,-6.3384914,-6.698491,-6.548491,-4.988491,-5.198491,-4.738491,-4.328491,-4.2684913,-4.138491,-3.6284912,-3.698491,-3.2884912,-3.0584912,-2.7084913,-1.7484912,-1.0984912,0.5615088,0.7215088,2.7915087,3.9915087,3.6315088,3.2815087,2.4115088,2.2415087,3.071509,2.8515089,3.6815088,2.5315087,1.9715087,-0.07849121,-0.3984912,-0.61849123,-0.7284912,-1.1184912,-1.1684912,-0.9084912,-0.7584912,-0.6584912,-0.7584912
-4.1884913,-3.6484911,-4.348491,-4.658491,-5.218491,-4.848491,-4.828491,-2.4884913,-1.3284912,-1.7484912,-3.6184912,-5.5384912,-6.4984913,-8.528491,-10.218492,-10.318491,-10.808491,-10.498491,-10.118491,-9.388492,-8.778491,-8.398491,-7.1884913,-5.9184914,-6.2684913,-5.568491,-4.968491,-4.808491,-4.008491,-3.428491,-2.7284913,-1.5584912,-1.0684912,0.88150877,2.2315087,3.6615088,4.381509,4.9615088,5.511509,5.2515087,5.201509,4.781509,3.2915087,2.8915088,2.311509,2.2915087,1.5515088,-0.03849121,-1.4984912,-2.0784912,-2.0984912,-2.688491,-3.4084911,-3.5184913,-3.2384913,-2.8384912,-2.5784912,-1.7484912
-4.3584914,-3.9784913,-4.298491,-4.948491,-5.3584914,-5.6284914,-5.488491,-4.428491,-0.5184912,0.3915088,-0.3284912,-0.5684912,-2.1484911,-3.1284912,-4.2884912,-7.2484913,-7.9984913,-7.5384912,-5.1484914,-5.3784914,-7.118491,-6.818491,-6.808491,-6.4384913,-5.988491,-5.578491,-3.7584913,-3.5184913,-3.1284912,-2.5884912,-1.5184913,0.021508789,1.6015087,2.551509,3.2215087,3.7615087,4.2715087,5.6415086,5.5615087,5.591509,5.0015087,5.091509,3.8515089,3.5015087,3.071509,2.0915089,0.46150878,-1.2884912,-3.6284912,-4.5884914,-4.778491,-4.068491,-3.7684913,-3.938491,-4.678491,-3.8484912,-3.4684913,-3.1484911
-2.4984913,-2.3084912,-2.0284913,-3.8384912,-3.9584913,-8.428492,-8.458491,-5.3984914,-2.2284913,-0.18849121,0.081508785,0.63150877,1.6815088,5.861509,6.0015087,5.4115086,5.611509,2.9115088,2.4315088,2.8715088,3.2415087,3.0815089,3.1015089,3.9615088,3.6515088,4.0415087,3.811509,4.381509,3.821509,3.821509,3.1915088,-0.08849121,-1.3384912,1.0415088,2.4415088,2.1815088,3.301509,2.9615088,3.6715088,4.2115088,5.2115088,4.401509,4.051509,3.1315088,3.9015088,2.5115087,1.0815088,-0.03849121,-3.7584913,-6.178491,-6.778491,-6.6884913,-5.3384914,-5.3584914,-4.1684914,-3.1184912,-2.8984911,-2.8384912
1.1415088,0.5815088,0.5815088,0.6515088,0.9315088,2.071509,1.7315087,0.14150879,-1.3584912,-1.1684912,0.7815088,2.1015089,2.4815087,1.4015088,1.2615088,2.9015088,5.5015087,5.551509,5.4115086,4.3515086,4.3715086,4.2315087,4.191509,4.8115087,5.171509,5.7315087,5.4115086,5.611509,5.4815087,5.531509,4.6015086,4.971509,5.471509,5.1415086,4.491509,3.6415088,2.9015088,2.4215088,3.5415087,3.4115088,3.5915089,2.6515088,3.3415089,3.5215087,4.111509,4.301509,3.2415087,3.6215088,4.091509,1.7815088,-4.0884914,-6.888491,-6.928491,-5.758491,-4.9984913,-4.2084913,-3.8284912,-2.3884912
3.2415087,1.2715088,1.6815088,2.6515088,2.1315088,2.4115088,2.1715088,2.5815089,1.4515088,2.301509,1.1915088,1.9815087,3.1515088,5.5215087,6.181509,7.721509,5.691509,5.441509,4.761509,3.8615088,3.4215088,3.3715088,5.5415087,5.511509,6.5215087,6.9115086,6.761509,7.2115088,7.2115088,6.3515086,5.8315086,6.1015086,6.821509,5.691509,6.431509,6.191509,6.071509,6.4115086,5.6015086,5.5815086,4.4115086,3.061509,2.1315088,2.8415089,4.111509,5.181509,4.7115088,5.171509,5.051509,5.2315087,3.4315088,1.4415088,-5.968491,-9.418491,-7.5884914,-3.4984913,-5.178491,-4.4184914
2.551509,2.7215087,2.2015088,1.5215088,1.0915087,0.3615088,-0.8384912,-0.4684912,0.13150878,-0.5984912,2.4015088,2.2215087,3.811509,4.7915087,3.8515089,3.4815087,4.2915087,4.361509,3.6815088,3.8515089,3.0915089,5.341509,6.221509,5.6415086,6.5815086,6.931509,7.131509,7.6615086,7.571509,7.471509,6.931509,8.211509,8.561509,8.361508,7.761509,7.441509,7.8315086,7.971509,8.161509,8.561509,8.301509,6.6415086,3.6315088,3.3415089,2.9115088,4.3715086,6.221509,5.2315087,5.6615086,6.0615087,4.111509,3.3615088,4.091509,0.5215088,-4.808491,-5.238491,-5.908491,-4.7884912
3.5015087,4.051509,2.9015088,2.561509,6.5815086,7.0615087,5.0815086,4.8715086,5.151509,2.4615088,2.7815087,1.7315087,4.1415086,5.301509,4.131509,2.3815088,3.2415087,2.5315087,3.9415088,3.8715088,4.2715087,4.4615088,5.471509,6.201509,6.4115086,6.931509,8.161509,7.6615086,8.321508,8.381509,8.651508,7.491509,8.061509,9.631509,8.941509,8.2415085,8.031508,8.581509,8.851509,9.211509,8.281508,8.2015085,7.441509,4.801509,4.511509,5.131509,5.1415086,7.1215086,6.1015086,7.441509,6.441509,4.3115087,3.0115087,4.0815086,-1.6184912,-5.868491,-3.5684912,-4.798491
3.9115088,3.2515087,5.901509,6.901509,2.801509,2.1915088,2.4115088,-0.61849123,2.1815088,3.8515089,4.701509,2.7915087,0.9215088,3.0915089,1.5515088,1.7015088,2.1015089,2.9015088,3.5315087,4.631509,4.201509,4.551509,4.8115087,6.2115088,6.1415086,6.4615088,7.0815086,6.7915087,7.401509,7.7315087,8.461509,8.561509,8.7415085,9.641509,8.661509,8.711509,8.431509,8.4515085,9.631509,8.691509,9.271509,8.751509,7.9115086,7.681509,5.611509,5.8115087,5.6215086,6.441509,7.781509,8.071508,8.321508,8.041509,6.7715087,4.2115088,5.3515086,0.9015088,-4.4384913,-1.6384912
1.9215088,2.7815087,4.2315087,3.6915088,8.151508,6.611509,6.591509,5.3915086,3.2915087,2.3815088,-0.11849121,2.0915089,0.8115088,-0.15849121,0.5615088,1.3915088,1.1415088,1.9615088,1.7515088,4.7315087,4.9115086,4.3315086,4.441509,3.9415088,4.7715087,6.2315087,5.921509,6.841509,7.9115086,8.281508,8.421509,8.621509,7.2515087,7.861509,8.591509,8.361508,8.841509,8.861508,9.971509,10.061509,9.101509,8.591509,8.811509,9.101509,8.221509,6.5815086,6.111509,6.2715087,7.401509,7.8315086,7.3515086,8.011509,7.4615088,6.471509,4.6415086,5.091509,-1.4684912,-3.0184913
3.9415088,3.3715088,2.551509,3.5015087,5.1015086,4.7115088,4.8515086,6.261509,6.181509,4.201509,0.04150879,0.12150879,-0.07849121,0.63150877,0.9915088,2.1615088,2.1815088,1.7515088,2.1915088,2.3615088,4.0215087,4.651509,4.241509,4.671509,5.2115088,5.301509,5.511509,6.6615086,7.2315087,7.2515087,7.221509,7.691509,7.5015087,7.821509,8.211509,7.5815086,8.301509,8.681509,9.171509,9.481509,9.461509,8.971509,8.861508,9.121509,9.141509,6.321509,6.741509,6.5615087,6.361509,7.1015086,7.821509,8.061509,7.5015087,6.0615087,5.611509,5.441509,1.5315088,-1.3284912
4.7515087,2.821509,3.1415088,3.2715087,3.071509,3.6715088,4.1415086,6.0015087,6.6015086,3.561509,3.6215088,4.3315086,3.7615087,3.5415087,2.4315088,4.431509,4.341509,2.9415088,2.6315088,3.3715088,3.3615088,3.6615088,3.9115088,4.3115087,4.7715087,4.7715087,5.241509,5.781509,6.0815086,6.011509,7.841509,7.921509,8.411509,8.261509,7.5415087,7.441509,7.511509,8.801509,9.821508,9.601509,9.631509,9.281508,9.141509,9.281508,8.681509,7.7515087,7.321509,6.671509,6.201509,6.9115086,7.9115086,7.3915086,7.6215086,6.5415087,5.7915087,6.1215086,1.3115088,-1.0084912
1.4215088,2.0315087,3.0015087,2.4515088,2.6115088,2.6515088,2.3815088,2.4315088,2.821509,6.0015087,5.441509,5.6415086,4.551509,2.9915087,3.2415087,3.5415087,3.6315088,4.401509,2.6215088,3.0015087,3.1715088,2.8315089,3.5415087,4.0015087,4.131509,4.2515087,4.281509,4.471509,5.091509,5.281509,5.191509,5.4815087,5.701509,5.9615088,6.3715086,6.681509,6.971509,7.571509,7.5015087,7.681509,7.5015087,8.051509,8.231509,8.261509,8.131509,7.7115088,7.7315087,7.591509,7.0615087,6.5015087,6.721509,6.7915087,6.671509,6.381509,5.5015087,5.091509,7.6015086,0.11150879
1.2215087,0.6715088,1.6915088,1.8615088,1.5415088,2.311509,4.1215086,4.821509,4.821509,4.8315086,4.9615088,3.9415088,5.471509,4.921509,4.991509,6.361509,5.5215087,3.1515088,2.6915088,2.6415088,2.4215088,2.7215087,3.2115088,3.4215088,3.1815088,3.2015088,3.2115088,3.3915088,3.5015087,3.6015089,3.8415089,4.0615087,4.591509,5.0015087,5.181509,5.671509,5.7315087,6.071509,6.431509,6.5815086,6.441509,6.5415087,6.8315086,7.2115088,7.3715086,7.801509,7.691509,7.281509,6.031509,6.1215086,6.051509,5.931509,6.381509,5.7715087,4.741509,7.151509,4.401509,0.94150877
1.4415088,1.7415088,1.8415087,0.4515088,1.0715088,2.3915088,3.051509,3.1115088,2.9715087,2.7115088,3.8915088,5.1415086,7.151509,6.941509,4.7315087,7.261509,4.651509,3.6515088,2.9515088,2.5115087,2.1815088,2.6115088,2.4715087,2.6715088,2.6315088,2.7915087,2.6815088,3.2415087,3.2515087,2.5915089,3.821509,3.6715088,4.111509,4.151509,3.6215088,3.3615088,4.3515086,5.031509,5.091509,5.571509,5.7715087,6.111509,6.2115088,6.691509,6.691509,6.651509,6.151509,5.1215086,4.9815087,4.681509,5.3315086,5.7315087,4.2515087,5.1015086,5.8315086,6.701509,5.3515086,2.4115088
4.241509,3.801509,3.0015087,0.9715088,0.5615088,0.4815088,0.12150879,1.3815088,3.6015089,5.341509,7.741509,7.2315087,5.901509,7.6015086,7.0615087,5.241509,4.6615086,3.3515089,2.8515089,2.8515089,2.321509,1.5115088,1.2515088,1.1315088,1.4915088,1.9615088,1.4215088,1.4315088,1.7815088,1.7515088,1.7915088,2.061509,2.1815088,2.2515087,2.2015088,2.3715088,3.0915089,2.801509,3.311509,3.9815087,4.401509,4.171509,4.5415087,4.361509,4.471509,4.4815087,3.9615088,3.1015089,2.8315089,3.5415087,3.1115088,3.4815087,6.4115086,7.171509,6.881509,7.181509,5.1215086,3.7615087
2.4515088,2.821509,2.7815087,1.9315088,1.8815088,1.5915087,2.3915088,3.7615087,7.4615088,8.561509,8.441509,7.5815086,7.971509,6.8715086,5.611509,5.051509,4.321509,2.821509,1.4315088,1.5615088,0.9215088,0.5315088,-0.55849123,-0.79849124,-0.55849123,-0.4684912,-0.3984912,-0.24849121,-0.22849122,-0.18849121,-0.21849121,0.2115088,0.4115088,0.49150878,1.6315088,1.8415087,1.4815087,2.1315088,2.0215087,2.2015088,2.3615088,2.3615088,2.3815088,2.7015088,2.5815089,2.4315088,2.4915087,1.2115088,4.721509,5.9815087,6.471509,6.861509,6.841509,6.921509,6.8715086,5.7115088,4.951509,3.2015088
1.2915088,1.2415088,1.9915088,2.8615088,2.7615087,2.2615087,7.5215087,5.4115086,7.1215086,6.201509,8.071508,7.441509,6.281509,5.6015086,4.6615086,4.4115086,3.6615088,1.6615088,0.5615088,-0.24849121,-0.98849124,-2.3684912,-3.2584913,-3.0584912,-2.948491,-3.1684911,-2.7684913,-2.7684913,-2.7284913,-2.948491,-2.428491,-2.0884912,-2.0484912,-2.1084912,-1.1684912,0.04150879,0.4715088,0.6415088,1.2215087,1.8615088,0.2115088,-1.2884912,-2.688491,-1.3184912,-0.12849121,2.5315087,6.261509,7.0815086,5.901509,5.6015086,5.361509,5.441509,5.321509,5.181509,5.861509,5.241509,4.151509,2.9115088
1.2215087,2.7015088,0.7115088,0.57150877,4.191509,8.441509,7.011509,9.001509,5.8915086,4.681509,7.131509,7.191509,5.1415086,4.681509,3.9615088,2.7715087,1.8115088,-0.24849121,-1.0484912,-2.3184912,-3.8984911,-4.808491,-5.488491,-4.888491,-4.678491,-4.468491,-4.8984914,-4.4384913,-4.778491,-3.9584913,-3.5284913,-4.508491,-1.4584912,2.1315088,3.2215087,1.0515088,1.7715088,0.9015088,1.4915088,2.061509,4.931509,6.841509,6.991509,7.3115087,6.631509,6.511509,6.341509,5.951509,5.4115086,4.801509,4.1615086,4.1015086,4.281509,4.201509,4.531509,3.8315089,2.4615088,1.6815088
