json-data/2022072912.json
{"header": {"discipline":0,"disciplineName":"Meteorological products","gribEdition":2,"gribLength":79243,"center":7,"centerName":"US National Weather Service - NCEP(WMC)","subcenter":0,"refTime":"2022-07-29T12:00:00.000Z","significanceOfRT":1,"significanceOfRTName":"Start of forecast","productStatus":0,"productStatusName":"Operational products","productType":1,"productTypeName":"Forecast products","productDefinitionTemplate":0,"productDefinitionTemplateName":"Analysis/forecast at horizontal level/layer at a point in time","parameterCategory":2,"parameterCategoryName":"Momentum","parameterNumber":2,"parameterNumberName":"U-component_of_wind","parameterUnit":"m.s-1","genProcessType":2,"genProcessTypeName":"Forecast","forecastTime":0,"surface1Type":103,"surface1TypeName":"Specified height level above ground","surface1Value":10.0,"surface2Type":255,"surface2TypeName":"Missing","surface2Value":0.0,"gridDefinitionTemplate":0,"gridDefinitionTemplateName":"Latitude_Longitude","numberPoints":65160,"shape":6,"shapeName":"Earth spherical with radius of 6,371,229.0 m","gridUnits":"degrees","resolution":48,"winds":"true","scanMode":0,"nx":360,"ny":181,"basicAngle":0,"lo1":0.0,"la1":90.0,"lo2":359.0,"la2":-90.0,"dx":1.0,"dy":1.0}, "data":
[rows 130 to 155 of 181, columns 295 to 353 of 360]
3.3636231,2.583623,3.153623,4.2436233,5.543623,6.903623,6.433623,5.593623,5.553623,5.523623,6.533623,7.113623,6.703623,5.983623,4.593623,3.793623,2.523623,1.863623,2.243623,2.283623,2.8736231,1.643623,2.173623,3.653623,4.883623,5.393623,8.913623,8.623623,8.553623,5.703623,5.513623,5.283623,5.403623,4.803623,3.8636231,2.6036232,2.703623,0.8736231,-0.64637697,-0.12637696,0.41362303,0.083623044,0.79362303,1.143623,1.203623,1.383623,2.203623,2.6236231,3.8436232,2.263623,2.3636231,3.983623,4.903623,6.463623,5.063623,5.963623,5.543623,5.023623,5.353623
2.1336231,2.1236231,4.043623,6.593623,6.433623,6.123623,5.9736233,5.4736233,5.583623,5.983623,6.793623,7.403623,8.163623,7.433623,6.2236233,5.013623,4.433623,3.1036232,2.233623,3.423623,4.7436233,4.903623,3.643623,4.313623,5.503623,6.283623,9.693623,12.613623,11.343623,9.663623,6.063623,5.2436233,5.153623,5.043623,4.693623,3.8436232,3.423623,-0.83637697,-3.706377,-0.54637694,0.33362305,0.733623,1.363623,1.2936231,1.383623,2.833623,3.233623,5.953623,4.513623,3.8836231,4.003623,6.033623,7.083623,7.013623,7.353623,6.503623,7.4736233,7.603623,6.853623
1.5336231,5.353623,6.943623,5.903623,5.323623,5.543623,5.353623,5.9936233,6.343623,6.933623,7.813623,7.813623,7.983623,8.213623,8.073623,7.023623,6.283623,5.643623,4.203623,3.423623,3.583623,5.843623,5.453623,4.963623,6.153623,5.913623,8.373623,12.833623,12.593623,10.183623,8.573623,7.133623,7.2436233,5.833623,5.563623,5.933623,1.273623,-4.206377,-4.946377,-1.376377,-0.25637695,-0.8763769,-0.10637695,-0.036376953,2.273623,3.273623,4.433623,3.803623,4.733623,4.783623,6.843623,7.643623,5.903623,7.753623,8.353623,7.383623,7.613623,8.003623,8.953623
4.693623,7.713623,6.943623,6.093623,5.603623,5.913623,5.7436233,6.033623,7.123623,7.283623,8.723623,8.943623,8.833623,8.743623,9.023623,9.063623,7.553623,7.583623,5.813623,4.443623,3.993623,4.383623,5.793623,5.383623,5.213623,5.013623,5.833623,8.243623,9.953623,10.193623,8.743623,6.183623,6.713623,7.373623,5.863623,-4.116377,-4.166377,-5.886377,-3.756377,-3.1363769,-2.426377,-1.0563769,0.19362305,1.983623,4.173623,4.823623,4.963623,3.6336231,5.323623,5.2236233,5.833623,7.153623,7.563623,7.923623,7.843623,7.893623,8.113623,8.093623,6.893623
2.443623,7.313623,7.4936233,6.293623,6.543623,6.393623,6.4936233,6.343623,7.273623,7.443623,8.433623,8.533623,9.453623,10.253623,10.303623,10.283623,9.683623,7.853623,8.033623,6.383623,4.603623,4.883623,4.183623,6.593623,5.483623,4.703623,4.983623,4.183623,9.693623,8.353623,6.043623,3.683623,4.883623,5.523623,-2.3663769,-4.126377,-8.546377,-6.596377,-5.0263767,-3.506377,-2.8863769,-0.54637694,0.31362304,1.603623,3.6236231,4.863623,4.7436233,4.443623,5.293623,4.573623,3.6036232,4.393623,5.903623,6.963623,8.543623,7.363623,7.753623,7.913623,8.113623
5.183623,9.193623,6.173623,7.063623,7.7236233,6.7236233,6.303623,6.7436233,7.563623,7.663623,7.623623,8.213623,9.703623,10.843623,11.303623,11.363623,10.763623,10.153623,9.193623,9.013623,7.813623,5.583623,6.013623,6.713623,7.063623,4.673623,1.643623,1.263623,0.20362304,3.283623,2.163623,0.07362305,-3.046377,-6.626377,-8.956377,-9.086377,-7.746377,-6.446377,-4.7763767,-3.926377,-1.5663769,-0.40637696,1.103623,2.6036232,5.2236233,5.7236233,5.613623,4.333623,5.423623,4.943623,7.763623,6.673623,6.433623,6.423623,6.643623,7.303623,7.823623,8.623623,8.743623
7.373623,9.823623,9.343623,8.513623,7.913623,7.003623,6.383623,7.093623,7.683623,8.083623,8.263623,9.063623,9.913623,10.753623,11.583623,12.183623,12.9836235,12.073623,10.313623,10.043623,9.303623,8.403623,6.873623,6.333623,6.543623,4.573623,1.583623,-3.546377,-4.996377,-10.816377,-10.696377,-8.496377,-9.086377,-10.526377,-10.026377,-8.716377,-5.866377,-4.466377,-4.216377,-2.3663769,-1.0963769,0.94362307,2.1036232,3.963623,5.713623,6.383623,5.943623,6.793623,5.263623,6.403623,5.913623,6.843623,6.583623,6.673623,6.143623,7.4936233,8.433623,8.413623,8.443623
10.613623,8.123623,7.873623,5.633623,6.813623,7.073623,7.143623,7.833623,7.783623,8.453623,9.013623,9.633623,10.533623,10.213623,11.723623,12.193623,12.543623,12.973623,12.303623,11.323623,9.653623,8.893623,8.813623,7.693623,7.883623,6.873623,2.433623,-0.86637694,-2.8763769,-5.646377,-6.646377,-7.556377,-7.666377,-7.496377,-5.836377,-4.446377,-3.996377,-2.996377,-1.546377,-0.97637695,0.76362306,2.313623,3.443623,5.943623,4.593623,6.233623,3.923623,5.803623,7.573623,8.393623,8.763623,9.043623,8.823623,7.773623,8.513623,8.513623,8.4836235,8.343623,8.393623
10.4836235,9.103623,5.833623,5.793623,6.303623,6.373623,7.4736233,8.413623,8.933623,10.333623,9.703623,9.203623,10.153623,9.853623,10.793623,12.173623,12.563623,12.113623,13.023623,12.003623,11.343623,12.443623,8.463623,7.703623,7.553623,5.133623,4.663623,0.613623,-0.55637693,-1.9463769,-2.486377,-3.6463768,-3.996377,-3.986377,-3.6463768,-2.256377,-1.6763769,-0.66637695,0.63362306,2.1036232,3.433623,4.573623,5.163623,4.043623,4.963623,6.193623,5.283623,7.2236233,7.013623,8.103623,9.393623,9.513623,9.913623,9.673623,9.513623,9.303623,9.643623,8.683623,8.863623
10.963623,9.633623,8.093623,8.263623,7.483623,8.293623,7.233623,7.7436233,7.293623,8.113623,8.163623,8.113623,8.543623,10.453623,10.763623,11.533623,11.713623,11.833623,12.123623,12.963623,12.133623,12.243623,7.033623,5.823623,4.733623,5.483623,2.173623,3.1236231,1.583623,0.72362304,-0.44637695,-0.066376954,-0.65637696,-0.64637697,-0.21637696,0.57362306,1.253623,2.173623,3.243623,4.393623,5.553623,5.9936233,5.563623,4.353623,5.953623,6.4936233,7.183623,5.503623,7.513623,9.893623,10.403623,10.433623,9.963623,9.563623,9.9836235,9.433623,10.143623,9.673623,9.473623
10.023623,9.263623,8.713623,9.153623,11.073623,10.753623,10.083623,9.633623,10.7336235,11.203623,10.943623,11.123623,11.113623,11.2336235,10.693623,11.213623,11.253623,11.563623,11.853623,11.7336235,12.403623,9.573623,9.683623,4.883623,4.853623,3.963623,2.573623,2.023623,2.193623,3.053623,2.523623,1.893623,2.3736231,2.773623,2.753623,2.973623,3.673623,3.1136231,3.813623,4.793623,4.873623,5.953623,5.863623,5.313623,6.4736233,6.803623,6.843623,7.793623,9.193623,10.293623,9.913623,10.543623,10.393623,9.593623,9.693623,9.623623,9.473623,9.823623,10.563623
10.653623,11.923623,12.223623,12.993623,12.763623,12.663623,13.493623,13.013623,12.373623,11.2336235,11.173623,10.883623,10.913623,10.683623,11.093623,10.393623,10.893623,11.103623,12.303623,12.503623,12.093623,11.933623,10.143623,7.343623,4.793623,3.453623,3.903623,4.083623,2.513623,2.083623,2.273623,3.233623,3.483623,4.703623,5.563623,4.2236233,2.8736231,2.753623,3.313623,4.143623,4.623623,5.593623,5.9736233,6.203623,6.813623,6.823623,8.463623,10.673623,11.473623,11.4836235,10.263623,10.033623,10.673623,9.843623,9.993623,9.763623,9.543623,9.623623,10.723623
13.903623,12.763623,13.073623,13.163623,12.143623,10.073623,8.133623,11.973623,12.193623,12.093623,11.113623,11.293623,11.363623,11.293623,10.873623,12.183623,12.563623,11.573623,11.283623,12.473623,12.393623,11.073623,9.523623,6.463623,4.9736233,4.333623,3.943623,4.523623,4.183623,4.053623,3.433623,3.793623,4.963623,5.833623,6.213623,6.503623,4.193623,4.733623,5.573623,6.583623,6.573623,7.063623,7.403623,8.323623,8.803623,9.713623,10.953623,11.153623,12.213623,12.303623,10.683623,9.613623,10.223623,10.193623,10.273623,10.703623,10.173623,9.833623,10.193623
15.433623,12.763623,13.223623,13.783623,13.713623,14.113623,13.4836235,13.263623,12.123623,10.883623,10.583623,11.4836235,12.463623,12.253623,12.7336235,13.063623,13.403623,13.543623,12.473623,12.553623,12.793623,9.673623,8.243623,5.193623,4.7236233,4.903623,4.713623,4.273623,4.813623,5.283623,5.2436233,6.423623,6.003623,5.823623,6.623623,7.363623,7.783623,7.803623,7.113623,7.423623,7.273623,7.513623,8.853623,9.283623,10.613623,12.053623,11.573623,11.713623,11.923623,12.2336235,11.683623,10.703623,10.693623,10.583623,10.683623,11.653623,10.673623,10.313623,9.843623
8.023623,3.433623,5.713623,9.843623,12.633623,13.103623,11.213623,11.153623,12.993623,12.073623,12.003623,12.803623,12.493623,13.273623,13.383623,13.533623,14.273623,14.463623,15.003623,12.773623,9.623623,7.163623,5.943623,3.463623,3.583623,4.773623,4.633623,4.103623,5.063623,8.973623,9.313623,7.273623,6.143623,6.033623,7.343623,7.793623,8.493623,9.193623,9.303623,9.253623,9.193623,10.173623,11.533623,12.4836235,13.253623,13.153623,12.673623,12.793623,12.913623,12.593623,12.243623,12.103623,11.353623,11.503623,11.473623,11.403623,10.703623,10.403623,10.193623
9.783623,9.843623,9.363623,10.533623,11.103623,13.143623,13.673623,10.933623,12.643623,12.613623,13.773623,11.923623,12.963623,12.703623,12.773623,13.513623,12.753623,12.653623,10.973623,3.953623,4.003623,4.343623,3.263623,2.533623,3.503623,5.013623,4.643623,5.823623,8.243623,4.963623,-2.066377,1.713623,3.183623,6.063623,7.663623,7.963623,7.633623,8.373623,8.953623,9.613623,10.753623,11.343623,12.023623,12.933623,12.973623,12.963623,12.703623,12.563623,12.293623,12.373623,12.313623,12.293623,11.693623,11.543623,11.773623,10.933623,11.043623,10.183623,9.513623
11.533623,10.583623,10.533623,10.673623,10.573623,12.993623,13.393623,15.083623,13.563623,14.413623,14.043623,12.703623,12.433623,11.833623,12.773623,12.753623,12.363623,6.513623,3.6036232,3.533623,0.95362306,-0.12637696,1.2936231,3.923623,4.103623,4.2236233,6.453623,7.403623,8.253623,9.133623,10.613623,9.923623,9.743623,11.743623,9.173623,7.683623,8.283623,9.443623,9.573623,10.473623,11.403623,11.763623,11.863623,12.863623,12.863623,13.123623,12.533623,12.083623,11.973623,12.083623,11.953623,11.003623,11.353623,9.703623,11.553623,11.083623,10.293623,9.593623,9.023623
12.613623,11.743623,11.4836235,12.153623,12.373623,12.353623,13.383623,11.743623,14.723623,13.803623,12.973623,11.513623,11.183623,11.723623,12.093623,12.313623,8.153623,2.943623,2.533623,0.23362304,1.643623,0.083623044,2.573623,3.713623,4.653623,5.503623,6.563623,7.393623,9.393623,10.443623,11.323623,11.403623,11.703623,11.493623,10.633623,11.193623,12.083623,11.363623,10.593623,11.283623,11.423623,12.973623,13.663623,12.843623,11.903623,12.033623,11.883623,11.503623,11.863623,11.413623,10.843623,11.533623,9.913623,10.863623,10.353623,9.573623,9.033623,8.033623,7.033623
12.373623,12.033623,11.053623,11.533623,11.9836235,12.463623,12.353623,10.283623,11.113623,9.873623,9.603623,10.793623,11.4836235,12.193623,11.753623,5.2436233,1.3036231,0.23362304,-2.3863769,-0.44637695,1.1636231,3.913623,4.7436233,5.513623,5.583623,5.303623,5.083623,5.883623,5.643623,5.953623,6.903623,7.753623,7.873623,9.373623,9.283623,9.373623,9.843623,9.973623,11.003623,10.883623,10.663623,11.103623,12.023623,13.053623,12.673623,12.263623,12.163623,11.753623,11.113623,10.243623,9.843623,9.823623,9.363623,10.743623,9.2336235,8.563623,7.543623,7.073623,7.923623
11.393623,10.383623,10.353623,11.453623,11.693623,11.543623,11.333623,10.193623,11.423623,11.203623,11.453623,10.843623,11.283623,11.913623,3.433623,-1.3163769,-3.606377,-2.3863769,-0.47637695,0.41362303,1.603623,0.60362303,-3.8863769,-4.386377,-5.056377,-3.996377,-3.696377,-3.576377,-2.696377,-2.496377,-2.1363769,-0.86637694,0.26362306,0.21362305,1.363623,4.9936233,7.643623,8.913623,9.043623,9.193623,9.543623,9.613623,9.673623,8.823623,9.093623,9.133623,9.113623,8.543623,8.633623,9.833623,9.543623,8.743623,9.533623,8.393623,7.533623,7.483623,6.443623,5.503623,6.273623
9.783623,9.273623,10.553623,11.443623,11.673623,11.803623,12.103623,12.083623,11.283623,10.773623,10.903623,10.173623,8.123623,-1.516377,-4.926377,-4.2563767,-3.4063768,-2.306377,-4.536377,-5.346377,-5.396377,-7.266377,-8.056377,-8.156377,-6.216377,-5.106377,-3.506377,-2.606377,-1.666377,-0.506377,-0.39637697,0.57362306,1.3136231,1.5736231,2.253623,2.753623,3.8436232,4.763623,4.703623,5.9736233,7.193623,8.653623,8.913623,8.953623,9.543623,10.153623,10.703623,10.073623,9.053623,8.443623,7.623623,7.273623,7.383623,7.383623,6.823623,6.2236233,5.503623,5.623623,4.983623
9.2336235,10.743623,11.433623,12.273623,12.893623,13.203623,12.873623,13.663623,13.163623,11.883623,9.473623,1.7936231,-4.5063767,-4.786377,-5.556377,-5.806377,-6.436377,-6.396377,-6.536377,-6.576377,-6.676377,-6.0263767,-4.416377,-4.0263767,-3.516377,-2.766377,-1.756377,-0.35637695,0.47362304,1.0736231,2.153623,1.983623,2.433623,2.913623,3.6136231,4.343623,4.653623,5.503623,5.643623,6.273623,7.563623,8.843623,8.713623,8.423623,9.163623,8.963623,8.583623,8.313623,7.923623,7.403623,6.813623,6.163623,6.903623,6.553623,5.803623,5.593623,5.253623,4.343623,2.303623
10.263623,11.673623,12.523623,12.583623,12.943623,13.353623,11.083623,5.663623,5.483623,6.883623,-3.8963768,-5.816377,-6.626377,-6.016377,-6.986377,-7.236377,-6.556377,-7.2563767,-6.946377,-5.836377,-5.616377,-5.046377,-4.226377,-2.976377,-1.986377,-0.8763769,0.51362306,1.213623,1.013623,1.863623,1.973623,2.503623,3.063623,3.1336231,4.103623,4.623623,5.013623,5.413623,6.2436233,7.413623,8.343623,9.043623,10.063623,10.213623,9.743623,9.813623,7.963623,7.2236233,6.7236233,6.163623,5.193623,5.153623,5.733623,5.213623,5.2236233,4.683623,3.733623,1.643623,-1.406377
10.293623,10.683623,9.803623,11.053623,13.363623,14.293623,11.023623,3.993623,-5.266377,-5.896377,-7.366377,-7.806377,-7.556377,-8.596377,-8.316377,-7.566377,-8.076377,-7.066377,-6.106377,-6.086377,-5.076377,-4.106377,-2.8963768,-2.166377,-0.58637697,-0.44637695,0.45362306,0.88362306,1.833623,2.3436232,2.703623,2.783623,2.453623,2.803623,3.073623,3.443623,4.033623,4.753623,5.403623,6.853623,8.053623,9.273623,10.533623,10.933623,10.823623,8.843623,7.2436233,6.253623,5.173623,4.163623,3.173623,3.533623,3.913623,3.783623,2.8536232,1.7936231,-0.28637695,-2.766377,-3.556377
7.913623,9.793623,-1.296377,2.563623,1.453623,-2.756377,0.19362305,3.8836231,-0.096376956,-5.326377,-7.616377,-8.336377,-9.276377,-8.646377,-8.246377,-8.146377,-6.406377,-5.916377,-5.236377,-4.5063767,-4.016377,-3.446377,-2.556377,-1.5863769,-0.826377,-0.12637696,0.83362305,1.3136231,2.333623,2.513623,2.073623,2.053623,2.303623,2.6036232,2.953623,3.283623,3.923623,4.263623,4.573623,5.373623,5.843623,6.203623,7.623623,7.383623,7.533623,5.393623,3.683623,2.6236231,1.583623,0.59362304,-0.14637695,-0.826377,-1.546377,-2.1563768,-3.346377,-3.956377,-4.396377,-4.516377,-4.436377
3.6036232,-3.756377,-1.0663769,-0.0063769533,2.3836231,7.053623,6.2236233,6.613623,6.353623,1.213623,-7.706377,-8.536377,-7.706377,-7.706377,-7.386377,-7.516377,-6.346377,-5.2563767,-4.5063767,-3.6163769,-3.3663769,-2.356377,-1.3363769,-1.506377,-0.85637695,-0.33637697,1.083623,2.263623,1.483623,1.863623,2.463623,2.333623,2.913623,3.233623,2.903623,3.033623,2.943623,3.163623,3.583623,3.1036232,2.193623,0.97362304,-1.026377,-3.526377,-5.0063767,-6.946377,-7.196377,-7.096377,-7.046377,-6.316377,-5.576377,-5.136377,-5.086377,-5.0263767,-4.986377,-5.086377,-5.136377,-5.206377,-5.496377
