json-data/2022072912.json
{"header": {"discipline":0,"disciplineName":"Meteorological products","gribEdition":2,"gribLength":47947,"center":7,"centerName":"US National Weather Service - NCEP(WMC)","subcenter":0,"refTime":"2022-07-29T12:00:00.000Z","significanceOfRT":1,"significanceOfRTName":"Start of forecast","productStatus":0,"productStatusName":"Operational products","productType":1,"productTypeName":"Forecast products","productDefinitionTemplate":0,"productDefinitionTemplateName":"Analysis/forecast at horizontal level/layer at a point in time","parameterCategory":0,"parameterCategoryName":"Temperature","parameterNumber":0,"parameterNumberName":"Temperature","parameterUnit":"K","genProcessType":2,"genProcessTypeName":"Forecast","forecastTime":0,"surface1Type":1,"surface1TypeName":"Ground or water surface","surface1Value":0.0,"surface2Type":255,"surface2TypeName":"Missing","surface2Value":0.0,"gridDefinitionTemplate":0,"gridDefinitionTemplateName":"Latitude_Longitude","numberPoints":65160,"shape":6,"shapeName":"Earth spherical with radius of 6,371,229.0 m","gridUnits":"degrees","resolution":48,"winds":"true","scanMode":0,"nx":360,"ny":181,"basicAngle":0,"lo1":0.0,"la1":90.0,"lo2":359.0,"la2":-90.0,"dx":1.0,"dy":1.0}, "data":
[rows 81 to 107 of 181, columns 60 to 119 of 360]
299.71466,300.01468,300.51468,300.71466,301.21466,301.41467,301.6147,301.51468,301.41467,301.31467,301.21466,301.01468,300.91467,300.71466,300.81467,300.91467,300.31467,299.81467,305.91467,302.01468,302.1147,302.6147,303.21466,302.81467,302.6147,302.51468,302.31467,302.21466,302.21466,302.1147,302.01468,302.01468,301.91467,301.81467,301.71466,301.71466,301.81467,302.21466,302.41467,297.81467,301.91467,303.91467,303.6147,303.1147,302.91467,299.6147,302.91467,303.01468,303.01468,303.21466,303.01468,302.71466,302.71466,302.6147,302.51468,302.51468,302.71466,302.91467,296.71466,302.6147
300.1147,300.6147,300.81467,301.1147,301.41467,301.6147,301.6147,301.51468,301.51468,301.41467,301.31467,301.1147,301.01468,300.81467,300.6147,300.81467,300.6147,299.91467,300.41467,300.91467,301.51468,302.6147,302.81467,302.6147,302.1147,301.91467,301.81467,301.71466,301.81467,301.91467,301.81467,301.81467,301.81467,301.81467,301.71466,301.71466,301.71466,302.1147,302.41467,298.81467,298.1147,303.51468,303.81467,302.91467,302.81467,302.81467,303.01468,302.91467,302.91467,302.81467,302.71466,302.6147,302.6147,302.51468,302.41467,302.51468,302.71466,300.1147,302.81467,302.81467
300.41467,301.1147,301.21466,301.31467,301.51468,301.6147,301.6147,301.71466,301.71466,301.71466,301.51468,301.41467,301.21466,301.01468,300.91467,301.01468,300.91467,300.51468,300.21466,300.81467,300.6147,294.51468,302.6147,302.51468,301.91467,301.71466,301.51468,301.51468,301.6147,301.71466,301.71466,301.81467,301.71466,301.6147,301.51468,301.6147,301.71466,302.1147,302.51468,302.6147,296.81467,302.6147,303.1147,303.01468,302.71466,302.91467,303.1147,302.91467,302.71466,302.6147,302.51468,302.51468,302.51468,302.51468,302.51468,302.6147,302.81467,302.91467,302.81467,302.6147
300.71466,301.01468,301.41467,301.41467,301.6147,301.81467,301.71466,301.91467,301.91467,301.81467,301.71466,301.6147,301.41467,301.1147,301.1147,300.91467,301.01468,300.81467,300.6147,300.6147,300.71466,301.31467,302.31467,302.51468,301.81467,301.41467,301.31467,301.41467,301.51468,301.51468,301.6147,301.71466,301.71466,301.6147,301.41467,301.51468,301.91467,302.21466,302.6147,302.41467,302.01468,295.21466,297.51468,303.01468,302.81467,303.1147,303.1147,303.01468,302.81467,302.6147,302.71466,302.6147,302.6147,302.51468,302.51468,302.71466,303.01468,296.01468,298.41467,302.51468
300.91467,301.31467,301.71466,301.71466,301.81467,302.1147,301.91467,301.91467,301.91467,301.81467,302.01468,301.91467,301.51468,301.31467,301.41467,301.41467,301.21466,301.1147,301.21466,301.1147,301.01468,301.31467,301.91467,301.91467,301.6147,301.31467,301.31467,301.51468,301.6147,301.6147,301.71466,301.71466,301.81467,301.71466,301.6147,301.51468,292.6147,297.21466,302.6147,302.81467,302.71466,296.31467,296.81467,296.51468,302.91467,303.1147,303.1147,303.1147,303.01468,303.01468,303.01468,302.91467,302.6147,302.51468,302.6147,300.51468,294.21466,294.91467,295.81467,301.71466
301.31467,301.6147,301.91467,301.91467,302.1147,302.41467,302.41467,302.21466,302.21466,302.01468,302.01468,302.1147,301.51468,301.41467,301.6147,301.41467,301.21466,301.41467,301.31467,301.41467,301.41467,301.41467,301.6147,301.6147,301.41467,301.21466,301.31467,301.51468,301.6147,301.81467,301.91467,301.91467,301.91467,301.91467,301.81467,301.91467,302.1147,289.81467,295.1147,302.91467,303.01468,298.81467,297.31467,296.41467,302.91467,303.21466,303.31467,303.1147,303.21466,303.41467,303.41467,303.01468,302.81467,302.71466,297.91467,294.31467,291.71466,297.21466,302.81467,302.71466
301.6147,301.81467,302.31467,302.31467,302.41467,302.81467,302.6147,302.6147,302.51468,302.31467,302.1147,301.91467,301.71466,301.71466,301.71466,301.51468,301.51468,301.6147,301.6147,301.51468,301.41467,301.41467,301.51468,301.51468,301.51468,301.41467,301.51468,301.6147,301.81467,301.81467,301.91467,301.91467,302.01468,302.01468,302.1147,302.31467,302.41467,302.51468,294.91467,295.51468,303.1147,303.21466,295.91467,297.91467,302.91467,303.31467,303.41467,303.21466,303.31467,303.6147,303.81467,303.41467,303.21466,297.51468,296.01468,294.6147,293.41467,296.21466,302.71466,302.91467
301.81467,302.1147,302.31467,302.6147,302.71466,302.6147,302.81467,302.81467,302.81467,302.51468,302.31467,302.1147,302.01468,301.91467,301.81467,301.81467,301.81467,301.91467,301.91467,301.71466,301.6147,301.6147,301.6147,301.6147,301.6147,301.6147,301.6147,301.71466,301.91467,301.91467,301.91467,302.01468,302.1147,302.31467,302.31467,302.51468,302.51468,302.6147,302.71466,291.31467,298.01468,296.71466,303.41467,297.21466,297.21466,302.91467,303.1147,303.21466,303.31467,303.51468,303.71466,303.51468,297.1147,296.91467,294.6147,292.91467,292.31467,296.31467,302.91467,302.91467
301.81467,302.1147,302.41467,302.81467,302.6147,302.21466,302.41467,302.6147,302.6147,302.51468,302.41467,302.21466,302.1147,302.01468,301.91467,301.91467,301.91467,302.01468,302.01468,302.01468,302.01468,301.91467,301.81467,301.71466,301.71466,301.6147,301.6147,301.81467,301.91467,301.91467,302.01468,302.1147,302.31467,302.41467,302.51468,302.6147,302.71466,302.71466,302.71466,297.71466,297.41467,297.01468,296.91467,296.91467,299.81467,302.81467,302.81467,303.01468,303.21466,302.6147,294.41467,297.51468,297.1147,295.91467,291.6147,294.81467,293.01468,296.71466,296.6147,299.71466
301.81467,302.01468,302.1147,302.31467,302.31467,302.71466,302.71466,302.51468,302.41467,302.41467,302.41467,302.31467,302.21466,302.21466,302.1147,302.01468,302.01468,302.1147,302.21466,302.21466,302.21466,302.1147,302.01468,301.91467,301.81467,301.71466,301.71466,301.81467,301.91467,301.91467,302.01468,302.1147,302.31467,302.41467,302.41467,302.51468,302.6147,302.71466,302.71466,302.71466,296.01468,296.21466,297.91467,297.1147,302.91467,302.91467,302.71466,302.71466,303.1147,303.31467,297.6147,297.1147,296.81467,294.51468,294.91467,296.01468,296.81467,296.81467,302.51468,302.71466
301.51468,301.51468,301.71466,301.91467,302.51468,302.51468,302.51468,302.51468,302.21466,302.21466,302.21466,302.1147,302.21466,302.1147,302.01468,302.1147,302.21466,302.31467,302.21466,302.21466,302.21466,302.1147,302.01468,302.01468,301.91467,301.81467,301.91467,301.91467,301.91467,301.91467,302.01468,302.21466,302.21466,302.31467,302.41467,302.51468,302.51468,302.6147,302.6147,302.6147,302.71466,292.21466,296.91467,296.71466,299.41467,302.91467,302.6147,302.51468,302.71466,302.91467,296.91467,295.51468,295.6147,296.21466,296.51468,296.71466,296.01468,297.01468,302.41467,302.6147
301.1147,301.21466,301.41467,301.71466,301.81467,301.91467,301.81467,301.91467,301.91467,301.81467,301.81467,301.81467,302.01468,302.01468,301.91467,302.01468,302.1147,302.1147,302.1147,302.1147,302.01468,302.01468,302.01468,302.01468,301.81467,301.91467,301.91467,301.91467,302.01468,302.01468,302.01468,302.01468,302.1147,302.31467,302.41467,302.31467,302.31467,302.51468,302.51468,302.51468,302.71466,295.31467,295.01468,296.71466,297.71466,302.71466,298.51468,302.51468,302.41467,302.31467,302.41467,296.21466,296.21466,297.1147,296.91467,297.41467,296.41467,302.1147,302.51468,302.81467
300.91467,300.81467,301.1147,301.21466,301.31467,301.41467,301.51468,301.51468,301.6147,301.6147,301.51468,301.6147,301.71466,301.81467,301.71466,301.71466,301.81467,301.91467,301.81467,301.81467,301.81467,301.81467,301.81467,301.81467,301.81467,301.81467,301.81467,301.91467,302.1147,302.01468,302.01468,302.01468,302.1147,302.21466,302.21466,302.31467,302.31467,302.41467,302.41467,302.51468,302.6147,302.71466,292.71466,296.31467,297.91467,296.71466,300.21466,302.41467,296.91467,302.1147,301.91467,297.31467,296.81467,297.41467,296.91467,296.81467,296.51468,301.91467,302.31467,294.1147
300.41467,300.6147,300.71466,300.51468,300.41467,300.51468,300.6147,300.71466,300.91467,301.01468,301.01468,301.1147,301.31467,301.41467,301.41467,301.51468,301.6147,301.6147,301.51468,301.71466,301.71466,301.81467,301.81467,301.81467,301.81467,301.81467,301.71466,301.81467,301.81467,301.81467,301.91467,301.91467,302.01468,301.91467,301.91467,302.01468,302.21466,302.31467,302.31467,302.41467,302.41467,302.6147,302.51468,291.81467,295.6147,297.71466,301.41467,302.31467,302.21466,302.01468,301.51468,301.51468,301.41467,301.41467,301.51468,298.01468,301.71466,301.91467,302.21466,302.1147
299.91467,300.51468,300.41467,300.01468,300.01468,300.1147,300.1147,300.1147,300.21466,300.31467,300.51468,300.41467,300.51468,300.91467,301.1147,301.21466,301.21466,301.31467,301.31467,301.51468,301.6147,301.71466,301.71466,301.71466,301.71466,301.71466,301.6147,301.51468,301.6147,301.71466,301.81467,301.81467,301.81467,301.71466,301.71466,301.81467,302.1147,302.01468,302.01468,302.1147,302.21466,302.41467,302.6147,302.51468,292.91467,296.01468,302.31467,302.21466,302.01468,301.81467,301.6147,301.6147,301.6147,301.41467,301.31467,301.41467,301.41467,301.6147,301.91467,301.71466
299.1147,300.1147,300.1147,299.81467,299.6147,299.51468,299.51468,299.6147,299.6147,299.6147,299.81467,299.71466,299.71466,300.31467,300.6147,300.81467,300.91467,301.01468,300.91467,301.01468,301.21466,301.31467,301.41467,301.51468,301.6147,301.51468,301.41467,301.41467,301.51468,301.41467,301.51468,301.6147,301.6147,301.6147,301.6147,301.71466,301.81467,301.81467,301.81467,301.81467,302.01468,302.21466,302.21466,302.21466,302.31467,302.31467,300.71466,301.91467,301.91467,302.01468,301.81467,301.81467,301.91467,301.71466,301.51468,301.31467,301.41467,301.41467,301.1147,300.51468
298.81467,299.51468,299.71466,299.6147,299.41467,299.31467,299.21466,299.01468,299.01468,299.1147,299.41467,299.21466,299.21466,299.81467,300.1147,300.31467,300.51468,300.6147,300.51468,300.6147,300.71466,300.81467,300.91467,301.21466,301.31467,301.21466,301.1147,301.21466,301.31467,301.21466,301.21466,301.41467,301.41467,301.51468,301.6147,301.6147,301.6147,301.6147,301.6147,301.71466,301.81467,301.81467,301.71466,301.81467,302.01468,301.81467,301.21466,294.01468,292.21466,297.1147,295.1147,296.91467,296.81467,295.91467,298.51468,301.51468,301.51468,301.1147,300.6147,300.6147
298.71466,298.91467,299.21466,299.41467,299.1147,298.91467,298.71466,298.41467,298.31467,298.41467,298.81467,298.81467,298.91467,299.41467,299.6147,299.71466,299.71466,299.91467,299.91467,300.01468,300.31467,300.31467,300.31467,300.31467,300.51468,300.51468,300.51468,300.81467,301.01468,301.01468,301.01468,301.01468,301.21466,301.41467,301.6147,301.51468,301.41467,301.41467,301.41467,301.6147,301.6147,301.6147,301.51468,301.51468,301.41467,301.01468,300.71466,300.51468,300.21466,299.91467,299.01468,296.41467,295.01468,290.41467,293.6147,301.41467,301.21466,301.01468,301.1147,301.01468
298.1147,298.41467,298.91467,299.01468,298.81467,298.71466,298.41467,298.31467,298.21466,298.31467,298.51468,298.6147,298.81467,299.01468,299.21466,299.21466,299.1147,299.31467,299.41467,299.6147,299.71466,299.91467,299.81467,299.71466,299.71466,299.71466,299.91467,300.31467,300.6147,300.71466,300.81467,300.81467,301.01468,301.21466,301.41467,301.6147,301.51468,301.21466,301.21466,301.41467,301.51468,301.41467,301.21466,301.1147,300.81467,300.41467,300.31467,300.41467,300.21466,299.81467,299.31467,299.01468,298.91467,298.81467,298.81467,299.1147,299.81467,293.01468,299.31467,299.31467
297.81467,298.21466,298.41467,298.41467,298.21466,298.21466,298.31467,298.41467,298.41467,298.21466,298.41467,298.31467,298.31467,298.51468,298.71466,298.71466,298.71466,298.81467,299.01468,299.01468,299.21466,299.31467,299.21466,299.21466,299.01468,299.01468,299.41467,299.71466,300.01468,300.21466,300.41467,300.51468,300.71466,301.01468,301.41467,301.71466,301.41467,300.91467,300.91467,301.1147,301.1147,301.1147,300.91467,300.6147,300.41467,300.1147,300.21466,300.41467,300.1147,299.81467,299.21466,299.01468,299.01468,299.01468,299.01468,299.1147,299.21466,299.01468,298.91467,298.81467
297.6147,297.71466,298.1147,298.21466,298.21466,298.1147,298.01468,298.21466,298.1147,298.1147,298.01468,297.91467,297.91467,298.1147,298.51468,298.6147,298.51468,298.6147,298.81467,298.71466,298.81467,298.91467,298.81467,298.81467,298.81467,298.91467,299.21466,299.51468,299.6147,299.81467,300.01468,300.21466,300.51468,300.81467,301.21466,301.31467,300.6147,300.21466,300.31467,300.6147,300.6147,300.71466,300.81467,300.6147,300.31467,300.31467,300.21466,300.21466,300.01468,299.81467,299.41467,299.21466,299.21466,299.41467,299.51468,299.51468,299.31467,299.1147,298.91467,298.81467
297.51468,297.71466,297.91467,298.01468,298.1147,298.01468,298.01468,298.21466,298.1147,298.1147,297.91467,297.81467,297.91467,298.21466,298.41467,298.51468,298.51468,298.51468,298.51468,298.31467,298.31467,298.41467,298.41467,298.6147,298.91467,299.01468,299.1147,299.21466,299.31467,299.51468,299.81467,300.01468,300.31467,300.51468,300.41467,300.21466,299.91467,299.41467,300.1147,300.51468,300.51468,300.6147,300.6147,300.41467,300.31467,300.31467,300.21466,300.21466,300.1147,299.91467,299.6147,299.6147,299.71466,299.81467,299.91467,299.91467,299.6147,299.51468,299.51468,299.51468
297.41467,297.41467,297.6147,297.81467,297.91467,297.91467,297.91467,298.01468,297.91467,297.81467,297.71466,297.6147,297.81467,298.01468,298.01468,298.1147,298.31467,298.31467,298.21466,298.01468,298.01468,298.01468,298.1147,298.51468,298.71466,298.91467,298.91467,298.91467,299.01468,299.31467,299.71466,299.91467,300.01468,299.91467,299.71466,299.71466,299.71466,299.91467,300.21466,300.51468,300.6147,300.51468,300.41467,300.31467,300.21466,300.41467,300.31467,300.41467,300.21466,299.91467,299.81467,299.81467,299.91467,299.91467,300.01468,300.1147,299.81467,299.6147,299.71466,299.81467
297.1147,297.1147,297.51468,297.71466,297.81467,297.81467,297.81467,297.71466,297.6147,297.51468,297.31467,297.31467,297.51468,297.6147,297.6147,297.71466,297.81467,297.91467,298.01468,298.01468,298.01468,298.01468,298.1147,298.41467,298.51468,298.41467,298.6147,298.71466,298.6147,299.01468,299.41467,299.6147,299.6147,299.51468,299.31467,299.51468,299.6147,300.1147,300.1147,300.21466,300.31467,300.31467,300.41467,300.41467,300.31467,300.51468,300.6147,300.6147,300.31467,300.01468,299.91467,299.81467,299.81467,299.81467,300.01468,299.91467,299.6147,299.6147,299.71466,299.71466
296.91467,297.01468,297.21466,297.41467,297.6147,297.51468,297.51468,297.41467,297.31467,297.31467,297.21466,297.21466,297.31467,297.31467,297.31467,297.31467,297.21466,297.1147,297.31467,297.51468,297.81467,297.91467,297.91467,298.1147,297.91467,297.81467,298.01468,298.1147,298.21466,298.6147,299.01468,299.21466,299.31467,299.1147,299.01468,299.1147,299.31467,299.6147,299.71466,299.71466,299.71466,299.91467,300.31467,300.21466,300.1147,300.21466,300.31467,300.31467,300.01468,299.81467,299.81467,299.6147,299.41467,299.71466,299.91467,299.71466,299.51468,299.41467,299.31467,299.31467
296.81467,296.91467,296.91467,297.1147,297.21466,297.01468,297.01468,297.1147,297.1147,297.01468,297.01468,297.1147,297.21466,297.1147,296.91467,296.6147,296.41467,296.41467,296.6147,297.01468,297.41467,297.71466,297.51468,297.31467,297.1147,297.1147,297.41467,297.6147,297.81467,298.1147,298.6147,298.81467,298.91467,298.91467,298.6147,298.41467,298.6147,298.71466,298.91467,299.31467,299.51468,299.6147,299.81467,299.51468,299.41467,299.31467,299.51468,299.81467,299.81467,299.6147,299.51468,299.31467,299.1147,299.6147,299.81467,299.51468,299.01468,299.1147,299.21466,299.41467
296.6147,296.81467,296.71466,296.6147,296.6147,296.51468,296.6147,296.81467,296.91467,296.81467,296.81467,297.01468,297.21466,297.1147,296.71466,296.31467,296.21466,296.1147,296.01468,296.51468,297.21466,297.41467,296.91467,296.31467,296.41467,296.71466,296.81467,296.91467,297.31467,297.6147,297.81467,298.01468,298.21466,298.21466,297.91467,297.91467,297.91467,297.91467,298.1147,298.31467,298.6147,298.71466,299.01468,298.71466,298.71466,298.81467,299.01468,299.31467,299.31467,299.1147,299.1147,298.91467,298.71466,298.91467,299.1147,298.81467,298.6147,298.81467,299.1147,299.1147
