json-data/2022072706.json
{"header": {"discipline":0,"disciplineName":"Meteorological products","gribEdition":2,"gribLength":47897,"center":7,"centerName":"US National Weather Service - NCEP(WMC)","subcenter":0,"refTime":"2022-07-27T06:00:00.000Z","significanceOfRT":1,"significanceOfRTName":"Start of forecast","productStatus":0,"productStatusName":"Operational products","productType":1,"productTypeName":"Forecast products","productDefinitionTemplate":0,"productDefinitionTemplateName":"Analysis/forecast at horizontal level/layer at a point in time","parameterCategory":0,"parameterCategoryName":"Temperature","parameterNumber":0,"parameterNumberName":"Temperature","parameterUnit":"K","genProcessType":2,"genProcessTypeName":"Forecast","forecastTime":0,"surface1Type":1,"surface1TypeName":"Ground or water surface","surface1Value":0.0,"surface2Type":255,"surface2TypeName":"Missing","surface2Value":0.0,"gridDefinitionTemplate":0,"gridDefinitionTemplateName":"Latitude_Longitude","numberPoints":65160,"shape":6,"shapeName":"Earth spherical with radius of 6,371,229.0 m","gridUnits":"degrees","resolution":48,"winds":"true","scanMode":0,"nx":360,"ny":181,"basicAngle":0,"lo1":0.0,"la1":90.0,"lo2":359.0,"la2":-90.0,"dx":1.0,"dy":1.0}, "data":
[rows 26 to 51 of 181, columns 120 to 179 of 360]
304.47757,304.57758,307.47757,303.97757,304.67755,305.57758,308.37756,305.77756,307.17755,306.87756,308.17755,305.77756,301.57758,303.17755,302.67755,301.67755,304.07758,300.37756,298.77756,292.17755,289.87756,292.57758,295.97757,291.77756,286.17755,290.77756,292.77756,291.77756,293.57758,294.57758,292.07758,293.17755,292.77756,294.07758,294.37756,292.17755,293.17755,293.27756,285.07758,288.47757,286.87756,288.27756,287.37756,283.47757,279.37756,277.97757,279.27756,282.57758,282.47757,284.27756,286.17755,286.37756,285.67755,283.37756,285.87756,284.67755,280.97757,280.67755,280.47757,281.97757
305.47757,305.27756,308.67755,303.47757,303.37756,306.57758,303.77756,303.87756,304.67755,303.77756,305.67755,304.87756,304.47757,304.17755,303.57758,302.67755,302.67755,304.37756,299.17755,293.67755,292.67755,295.27756,291.37756,297.87756,294.47757,296.77756,297.57758,292.27756,293.27756,291.47757,294.27756,293.77756,293.57758,294.17755,294.27756,292.17755,291.37756,291.27756,292.37756,289.37756,289.47757,290.07758,282.67755,281.97757,278.77756,278.07758,279.77756,280.17755,280.57758,282.77756,283.97757,283.17755,285.97757,285.17755,283.67755,285.07758,276.97757,278.87756,279.27756,281.47757
306.27756,305.47757,304.67755,303.97757,303.87756,302.47757,302.37756,302.37756,301.57758,303.67755,305.57758,304.77756,304.17755,303.77756,302.67755,301.07758,303.37756,297.87756,293.77756,295.47757,297.57758,293.67755,292.57758,291.27756,298.67755,289.17755,285.87756,296.17755,295.47757,294.17755,294.27756,292.07758,291.67755,291.37756,293.57758,293.37756,293.97757,292.57758,291.97757,292.17755,290.57758,292.57758,287.57758,284.67755,284.47757,281.47757,279.37756,280.67755,281.17755,280.27756,282.37756,280.17755,283.97757,285.67755,287.57758,283.37756,282.37756,282.47757,282.37756,282.07758
306.87756,306.17755,304.37756,303.97757,303.57758,302.97757,302.67755,301.67755,302.97757,302.97757,303.57758,302.57758,303.87756,303.17755,301.77756,302.27756,299.87756,297.17755,299.87756,292.57758,298.27756,299.57758,296.67755,298.57758,295.57758,287.87756,287.37756,290.87756,293.57758,287.97757,286.57758,290.67755,288.97757,291.77756,291.47757,292.77756,294.17755,285.07758,284.67755,284.07758,285.17755,290.57758,282.07758,283.67755,283.77756,281.37756,282.57758,284.47757,285.27756,284.47757,282.97757,284.97757,286.27756,283.87756,284.27756,284.47757,284.37756,283.67755,283.27756,282.77756
308.17755,307.47757,304.17755,303.37756,302.77756,301.27756,300.07758,300.27756,301.37756,302.17755,302.77756,301.87756,301.57758,302.47757,302.47757,301.47757,302.27756,300.07758,302.97757,304.07758,304.57758,304.07758,301.07758,301.87756,300.47757,300.67755,299.27756,298.47757,300.87756,300.27756,297.47757,298.17755,290.27756,294.57758,295.37756,284.57758,284.37756,283.47757,282.87756,282.87756,282.67755,282.97757,288.47757,282.77756,286.97757,284.57758,287.37756,287.27756,287.17755,286.37756,285.97757,284.87756,284.87756,284.87756,284.87756,284.87756,284.37756,283.87756,283.47757,283.37756
306.97757,305.07758,306.37756,305.47757,303.27756,302.57758,301.17755,300.77756,300.67755,300.77756,301.77756,302.87756,303.17755,300.37756,301.57758,303.37756,299.97757,298.77756,300.17755,303.87756,303.37756,304.17755,291.77756,287.67755,287.77756,287.67755,286.77756,286.17755,285.87756,285.57758,285.07758,285.47757,295.07758,289.77756,281.67755,281.67755,281.47757,281.07758,281.87756,282.37756,289.07758,286.97757,289.57758,288.57758,291.77756,287.37756,287.47757,287.17755,286.87756,286.37756,285.67755,285.27756,285.07758,284.87756,284.77756,284.67755,284.37756,283.87756,283.67755,283.47757
307.37756,304.47757,305.77756,302.87756,304.07758,301.77756,305.97757,304.47757,305.27756,302.87756,304.37756,301.77756,299.27756,299.77756,302.37756,299.97757,301.47757,300.67755,303.07758,303.67755,302.07758,287.27756,287.97757,288.37756,288.57758,288.47757,287.97757,287.57758,287.17755,286.67755,286.17755,285.47757,284.37756,283.47757,283.07758,282.67755,282.17755,282.07758,284.77756,290.57758,292.27756,291.07758,292.77756,288.87756,289.37756,288.17755,287.67755,287.27756,286.67755,286.27756,285.87756,285.57758,285.47757,285.17755,284.87756,284.57758,284.47757,284.17755,283.77756,283.47757
299.67755,303.57758,301.57758,304.87756,303.47757,303.07758,304.37756,301.97757,297.67755,301.67755,305.67755,307.27756,300.07758,299.67755,299.67755,300.37756,298.87756,298.07758,302.07758,287.27756,287.87756,288.47757,288.67755,288.37756,287.97757,287.87756,287.67755,287.47757,287.37756,287.27756,286.87756,286.37756,285.67755,285.27756,284.67755,284.17755,284.27756,293.77756,293.47757,293.97757,291.27756,292.97757,292.77756,287.67755,287.57758,287.47757,287.27756,286.77756,286.27756,285.97757,285.57758,285.37756,285.07758,284.87756,284.67755,284.37756,284.17755,284.17755,283.77756,283.27756
295.97757,295.77756,299.87756,300.87756,302.57758,305.67755,300.47757,293.77756,295.77756,300.67755,302.17755,305.17755,305.37756,304.17755,302.37756,303.37756,302.77756,296.67755,286.07758,287.37756,288.27756,288.77756,288.77756,287.77756,286.47757,285.67755,285.87756,286.37756,286.57758,286.67755,286.87756,287.07758,286.67755,286.77756,286.87756,286.17755,293.87756,290.87756,289.67755,290.17755,295.07758,294.37756,290.57758,286.17755,286.07758,286.07758,286.17755,286.07758,285.77756,285.57758,285.37756,285.17755,284.97757,284.87756,284.77756,284.67755,284.47757,283.97757,283.67755,283.37756
294.77756,296.57758,296.37756,300.47757,300.17755,299.97757,303.57758,305.57758,304.97757,301.97757,299.87756,297.37756,301.87756,298.57758,297.37756,301.87756,286.47757,294.17755,291.87756,289.57758,289.87756,289.27756,287.87756,287.57758,286.77756,286.07758,285.87756,286.27756,286.77756,286.97757,286.27756,286.07758,286.07758,286.37756,286.77756,286.77756,292.37756,289.07758,292.27756,293.47757,291.37756,284.87756,291.77756,284.87756,284.87756,284.87756,285.37756,285.37756,285.47757,285.47757,285.17755,285.37756,285.67755,285.77756,285.07758,284.87756,284.47757,284.27756,283.77756,283.27756
296.27756,297.77756,295.07758,297.07758,297.57758,298.27756,302.87756,303.07758,300.37756,308.57758,303.07758,301.97757,299.37756,301.97757,297.97757,300.37756,297.77756,285.87756,284.97757,296.77756,291.37756,287.27756,288.17755,287.57758,287.17755,287.57758,287.97757,288.37756,287.67755,288.07758,287.77756,287.47757,287.67755,286.97757,286.97757,286.87756,292.67755,285.67755,288.57758,292.17755,288.57758,285.27756,284.87756,284.77756,284.27756,284.57758,284.47757,284.67755,285.57758,286.07758,285.57758,284.97757,284.77756,284.67755,284.67755,284.47757,284.07758,283.67755,282.97757,282.77756
305.17755,303.07758,297.07758,298.87756,293.67755,295.17755,298.17755,303.07758,305.37756,302.67755,310.37756,304.37756,302.87756,302.47757,297.37756,300.67755,298.67755,299.67755,292.17755,293.97757,294.37756,290.77756,295.17755,296.17755,286.47757,286.77756,287.07758,286.77756,286.77756,286.97757,287.07758,286.87756,286.87756,287.07758,289.67755,287.37756,286.07758,292.97757,290.77756,285.97757,284.77756,284.77756,284.87756,284.77756,284.27756,284.37756,285.07758,285.27756,285.47757,285.17755,285.07758,284.67755,284.67755,286.87756,283.97757,283.67755,283.57758,283.17755,282.77756,282.27756
302.57758,299.57758,302.07758,296.37756,299.57758,292.57758,294.77756,293.27756,299.07758,303.07758,302.37756,301.57758,298.67755,294.57758,294.97757,293.27756,296.77756,294.67755,294.07758,292.57758,296.07758,291.67755,291.87756,290.27756,285.37756,285.87756,285.77756,285.77756,285.67755,285.67755,285.77756,285.97757,285.87756,286.27756,286.17755,285.67755,285.27756,287.07758,294.37756,284.67755,284.57758,284.87756,285.07758,284.87756,284.47757,284.97757,285.27756,284.87756,284.67755,284.37756,284.17755,284.07758,283.87756,283.67755,283.27756,283.07758,282.67755,282.57758,282.37756,281.67755
303.77756,299.77756,296.17755,299.07758,299.87756,297.27756,296.77756,294.37756,293.57758,304.47757,301.37756,298.07758,298.17755,301.37756,294.37756,295.97757,297.87756,299.37756,297.17755,290.97757,293.67755,288.17755,287.87756,290.07758,283.97757,284.17755,284.67755,284.67755,284.67755,284.57758,284.67755,284.67755,284.67755,284.67755,286.07758,284.77756,283.47757,283.17755,283.67755,284.17755,284.37756,284.87756,285.27756,284.47757,284.67755,284.57758,284.67755,285.07758,284.77756,284.37756,283.77756,283.47757,283.47757,283.47757,283.27756,283.17755,283.07758,282.97757,282.77756,282.47757
301.97757,301.27756,295.77756,300.37756,301.97757,302.67755,298.77756,296.97757,297.17755,294.97757,300.07758,302.37756,303.37756,301.67755,295.97757,293.87756,296.97757,297.57758,296.47757,292.27756,288.37756,287.47757,288.07758,294.47757,283.57758,282.97757,283.67755,284.57758,284.07758,283.87756,283.67755,283.37756,283.07758,282.67755,282.67755,283.37756,283.47757,283.97757,284.27756,284.77756,285.77756,285.07758,284.57758,284.37756,284.07758,283.67755,284.17755,284.37756,284.47757,284.07758,283.67755,283.37756,283.37756,283.47757,283.57758,283.77756,283.57758,283.57758,283.37756,283.37756
306.87756,303.27756,296.77756,301.27756,300.47757,302.87756,305.77756,304.07758,305.87756,307.37756,301.67755,305.77756,300.67755,302.17755,298.47757,295.07758,298.97757,297.57758,296.67755,291.67755,289.97757,288.07758,289.07758,286.97757,285.67755,283.87756,284.17755,284.57758,284.37756,283.77756,283.27756,282.57758,282.07758,281.57758,281.57758,282.17755,284.17755,284.77756,284.57758,286.87756,284.27756,284.47757,284.17755,283.67755,283.67755,283.77756,283.87756,283.87756,283.87756,283.67755,283.57758,283.57758,283.57758,283.77756,284.17755,284.47757,284.17755,283.87756,283.87756,283.77756
301.87756,301.47757,300.27756,302.57758,306.57758,304.37756,306.27756,307.37756,306.47757,307.67755,299.87756,303.37756,303.17755,304.57758,302.07758,298.17755,297.27756,295.27756,296.77756,291.17755,289.27756,288.77756,288.87756,287.97757,286.87756,285.97757,285.67755,284.77756,284.37756,283.87756,283.07758,281.97757,281.07758,280.47757,280.47757,281.97757,283.97757,284.37756,283.87756,283.77756,283.47757,283.57758,283.67755,283.67755,283.97757,284.07758,284.17755,284.17755,284.07758,284.07758,283.97757,283.97757,283.87756,284.07758,285.17755,284.97757,284.77756,284.37756,284.37756,284.27756
299.77756,300.57758,300.77756,304.37756,306.47757,307.67755,308.27756,309.07758,310.67755,306.07758,303.27756,306.37756,307.37756,306.87756,302.17755,299.67755,299.47757,298.27756,291.47757,291.27756,291.27756,290.87756,293.87756,293.07758,289.07758,287.67755,286.67755,285.37756,284.27756,283.47757,282.67755,281.37756,280.67755,281.07758,282.07758,282.47757,283.07758,283.57758,283.97757,284.27756,284.27756,284.27756,284.17755,284.27756,284.57758,284.77756,284.77756,284.77756,284.67755,284.67755,284.67755,284.67755,284.77756,284.97757,284.97757,285.37756,285.47757,285.47757,284.87756,284.77756
299.47757,297.97757,302.67755,304.27756,306.27756,307.07758,307.97757,309.37756,306.57758,306.77756,304.07758,305.97757,303.37756,303.97757,303.27756,304.27756,300.67755,298.57758,290.97757,291.47757,293.07758,293.17755,295.07758,290.77756,289.67755,289.37756,287.97757,286.17755,285.37756,283.67755,293.07758,282.07758,282.57758,283.07758,283.47757,283.77756,284.77756,285.67755,284.97757,284.97757,285.17755,285.17755,285.17755,284.97757,285.37756,285.67755,285.67755,285.17755,284.77756,284.67755,285.07758,285.27756,285.37756,285.47757,285.47757,285.57758,285.87756,285.77756,285.67755,285.57758
299.37756,298.27756,307.17755,306.97757,306.07758,306.77756,304.87756,305.77756,306.27756,305.57758,303.77756,303.47757,300.57758,302.37756,304.07758,302.67755,300.37756,291.47757,292.07758,294.67755,295.07758,294.97757,299.07758,291.47757,291.27756,290.97757,288.77756,287.07758,293.77756,283.67755,283.37756,283.87756,284.37756,284.77756,285.47757,285.87756,286.07758,285.97757,285.97757,285.97757,285.87756,285.77756,285.87756,285.87756,285.97757,286.37756,286.17755,285.57758,284.97757,284.97757,285.27756,285.47757,285.77756,286.07758,286.57758,287.27756,287.47757,287.07758,286.57758,286.47757
298.97757,309.27756,308.57758,307.37756,304.47757,304.37756,304.17755,306.17755,303.07758,304.07758,306.47757,302.97757,303.87756,304.17755,302.87756,300.17755,292.57758,295.87756,295.67755,295.97757,295.77756,295.97757,299.67755,295.17755,298.67755,297.77756,289.07758,287.07758,286.47757,286.57758,286.97757,286.27756,286.37756,286.97757,287.47757,288.17755,288.57758,287.57758,287.47757,287.37756,286.97757,286.67755,286.67755,286.47757,286.17755,286.07758,285.77756,285.37756,285.27756,285.37756,285.77756,286.27756,286.87756,287.07758,288.07758,288.77756,288.77756,288.37756,287.57758,287.17755
311.57758,308.47757,307.47757,305.07758,303.37756,304.27756,303.37756,304.07758,305.57758,304.37756,304.07758,301.77756,294.57758,302.97757,299.87756,296.27756,295.17755,295.57758,296.37756,297.07758,297.27756,297.07758,297.57758,299.67755,296.77756,293.87756,289.67755,288.87756,288.37756,288.27756,288.57758,288.17755,288.47757,289.07758,290.17755,290.37756,290.17755,289.47757,289.07758,288.57758,287.87756,287.57758,287.37756,286.87756,286.77756,286.37756,286.17755,285.97757,286.07758,286.47757,286.97757,287.57758,287.97757,288.27756,288.67755,288.87756,288.67755,288.27756,288.07758,288.17755
300.07758,303.97757,301.47757,303.57758,303.37756,306.27756,304.17755,304.47757,293.87756,303.77756,299.57758,294.87756,295.37756,295.07758,295.67755,296.27756,296.17755,296.07758,297.27756,297.77756,296.37756,295.97757,295.27756,293.37756,295.77756,295.07758,294.17755,292.57758,291.27756,290.47757,290.47757,290.87756,290.97757,291.67755,292.07758,291.87756,291.27756,290.37756,289.87756,289.57758,289.17755,288.97757,288.87756,288.47757,288.07758,288.07758,287.87756,287.97757,288.37756,288.37756,288.57758,288.57758,288.77756,288.77756,289.07758,289.37756,289.17755,289.37756,289.37756,289.37756
303.77756,305.07758,305.37756,304.17755,301.47757,303.77756,307.37756,294.47757,301.07758,300.77756,294.17755,296.27756,296.87756,296.97757,297.27756,297.27756,297.17755,297.37756,297.67755,298.27756,297.67755,297.97757,294.47757,295.47757,296.57758,295.57758,295.27756,293.77756,292.57758,292.47757,292.67755,293.07758,292.97757,292.87756,293.27756,293.07758,292.07758,291.17755,290.87756,290.77756,290.87756,290.77756,290.47757,290.17755,289.97757,289.87756,289.97757,290.27756,290.07758,289.77756,289.57758,289.37756,289.77756,290.07758,290.17755,290.27756,290.77756,291.07758,290.87756,290.97757
298.87756,299.97757,304.27756,301.77756,302.97757,305.77756,306.17755,301.57758,299.87756,296.47757,297.07758,297.57758,298.07758,298.17755,297.97757,297.77756,297.07758,297.07758,301.07758,301.67755,299.47757,299.87756,296.37756,296.57758,297.77756,297.37756,295.57758,295.57758,295.57758,295.57758,294.97757,294.07758,293.17755,292.97757,293.07758,293.57758,293.27756,292.57758,292.17755,292.17755,292.27756,292.37756,292.47757,291.97757,291.87756,291.37756,291.67755,291.57758,291.37756,290.87756,290.57758,290.47757,290.97757,291.37756,291.57758,291.97757,292.57758,292.47757,292.47757,292.07758
298.87756,297.77756,297.97757,298.67755,298.77756,300.37756,306.47757,302.77756,297.77756,298.37756,298.67755,298.67755,298.57758,298.67755,298.57758,297.97757,297.97757,298.47757,299.77756,300.27756,301.17755,299.67755,297.47757,298.57758,296.87756,296.17755,295.97757,296.97757,297.57758,297.17755,295.97757,294.87756,294.27756,293.77756,293.77756,293.77756,293.87756,294.37756,294.27756,294.47757,294.27756,294.27756,293.87756,293.27756,293.07758,292.77756,292.77756,292.97757,292.67755,292.57758,292.67755,292.77756,292.67755,292.57758,292.77756,293.27756,293.77756,293.77756,293.47757,293.17755
