json-data/2022072218.json
{"header": {"discipline":0,"disciplineName":"Meteorological products","gribEdition":2,"gribLength":47854,"center":7,"centerName":"US National Weather Service - NCEP(WMC)","subcenter":0,"refTime":"2022-07-22T18:00:00.000Z","significanceOfRT":1,"significanceOfRTName":"Start of forecast","productStatus":0,"productStatusName":"Operational products","productType":1,"productTypeName":"Forecast products","productDefinitionTemplate":0,"productDefinitionTemplateName":"Analysis/forecast at horizontal level/layer at a point in time","parameterCategory":0,"parameterCategoryName":"Temperature","parameterNumber":0,"parameterNumberName":"Temperature","parameterUnit":"K","genProcessType":2,"genProcessTypeName":"Forecast","forecastTime":0,"surface1Type":1,"surface1TypeName":"Ground or water surface","surface1Value":0.0,"surface2Type":255,"surface2TypeName":"Missing","surface2Value":0.0,"gridDefinitionTemplate":0,"gridDefinitionTemplateName":"Latitude_Longitude","numberPoints":65160,"shape":6,"shapeName":"Earth spherical with radius of 6,371,229.0 m","gridUnits":"degrees","resolution":48,"winds":"true","scanMode":0,"nx":360,"ny":181,"basicAngle":0,"lo1":0.0,"la1":90.0,"lo2":359.0,"la2":-90.0,"dx":1.0,"dy":1.0}, "data":
[rows 135 to 161 of 181, columns 122 to 182 of 360]
282.7683,282.6683,282.36832,282.5683,283.0683,283.1683,282.86832,282.2683,281.7683,281.7683,282.1683,282.46832,282.5683,282.6683,282.86832,282.96832,283.46832,284.0683,284.2683,284.0683,284.2683,284.6683,284.5683,284.2683,284.5683,285.0683,285.5683,285.96832,285.5683,284.6683,284.46832,284.46832,284.36832,284.1683,283.86832,283.86832,284.2683,283.86832,283.2683,283.36832,283.6683,284.1683,284.46832,284.7683,284.96832,285.5683,269.2683,260.1683,265.5683,277.86832,282.0683,280.96832,280.7683,280.86832,280.96832,281.36832,281.86832,282.36832,282.46832,282.7683,283.1683
282.5683,282.46832,282.2683,282.1683,282.2683,282.36832,282.2683,282.0683,281.96832,282.0683,282.2683,282.36832,282.36832,282.46832,282.7683,283.2683,283.7683,284.2683,284.2683,283.96832,284.0683,284.6683,284.46832,283.96832,283.96832,284.2683,284.7683,285.46832,285.7683,285.0683,284.2683,283.36832,282.7683,282.5683,282.86832,283.1683,283.6683,283.2683,282.96832,283.36832,283.7683,284.2683,284.46832,284.6683,285.1683,271.2683,272.86832,271.1683,273.86832,281.7683,280.36832,280.5683,280.6683,280.7683,281.0683,281.5683,281.86832,282.2683,282.7683,283.2683,283.6683
281.6683,281.96832,282.1683,282.1683,282.0683,281.96832,281.96832,281.96832,281.96832,282.0683,282.1683,282.1683,282.0683,282.1683,282.46832,282.96832,283.1683,283.46832,283.36832,283.1683,283.2683,283.36832,283.1683,282.86832,282.86832,282.86832,282.7683,283.6683,285.2683,285.36832,284.36832,283.36832,282.86832,282.86832,282.6683,282.5683,282.7683,282.5683,282.5683,282.96832,283.36832,283.96832,284.0683,284.5683,284.5683,284.46832,274.46832,282.96832,281.46832,280.2683,280.2683,280.1683,280.0683,280.2683,280.5683,280.96832,281.2683,281.36832,281.96832,282.2683,282.96832
280.1683,280.2683,281.36832,281.86832,282.0683,282.0683,281.96832,281.6683,281.5683,281.5683,281.86832,281.96832,282.1683,282.36832,282.6683,283.0683,282.96832,282.6683,282.36832,282.0683,282.0683,282.2683,282.0683,282.1683,282.1683,282.36832,282.1683,282.0683,282.86832,283.2683,282.7683,282.5683,282.5683,282.6683,282.0683,281.46832,281.2683,281.5683,281.86832,282.36832,282.7683,283.1683,283.5683,283.7683,283.7683,283.46832,282.7683,281.6683,280.5683,280.2683,279.86832,279.86832,279.6683,279.5683,279.7683,279.86832,280.2683,280.6683,280.7683,280.46832,280.86832
279.0683,279.0683,279.6683,280.46832,281.36832,281.86832,281.6683,281.2683,281.0683,281.1683,281.36832,281.1683,281.1683,281.2683,281.86832,282.0683,282.1683,281.96832,281.86832,281.96832,281.7683,281.5683,281.46832,281.46832,281.86832,282.5683,282.7683,282.36832,281.96832,281.6683,281.46832,281.7683,281.6683,281.5683,281.1683,281.0683,280.96832,281.1683,281.5683,282.0683,282.36832,282.6683,282.96832,282.6683,282.46832,281.96832,280.96832,280.5683,280.5683,280.36832,280.1683,279.96832,279.7683,279.6683,279.5683,279.46832,279.5683,279.96832,280.0683,279.96832,280.36832
278.6683,278.6683,279.1683,279.86832,280.46832,280.86832,280.6683,280.0683,279.96832,279.86832,279.86832,279.86832,279.6683,279.86832,279.96832,280.1683,280.2683,280.2683,280.6683,281.36832,281.7683,281.2683,280.7683,280.6683,281.2683,282.0683,282.2683,281.5683,280.7683,280.46832,280.5683,281.1683,281.1683,281.1683,281.1683,281.1683,281.0683,280.96832,281.2683,281.6683,281.96832,281.7683,281.46832,281.5683,281.1683,280.6683,280.2683,280.2683,280.1683,280.1683,280.1683,279.96832,279.86832,279.96832,279.86832,279.6683,279.2683,279.2683,279.36832,279.5683,279.96832
278.46832,278.7683,279.1683,279.46832,279.6683,279.6683,279.2683,278.96832,278.86832,278.7683,278.86832,278.96832,278.96832,279.0683,279.1683,279.0683,279.0683,278.86832,279.2683,279.86832,280.0683,280.1683,279.86832,279.7683,280.0683,280.7683,281.0683,280.86832,280.2683,279.7683,279.96832,280.5683,280.7683,280.7683,280.86832,280.86832,280.7683,280.6683,280.7683,280.6683,280.36832,280.5683,280.86832,281.0683,280.86832,280.5683,280.36832,279.96832,279.86832,279.86832,279.96832,279.96832,280.0683,280.1683,279.6683,279.2683,279.1683,279.2683,279.36832,279.46832,279.7683
277.96832,278.36832,278.46832,278.2683,278.1683,278.1683,277.86832,277.86832,278.0683,278.0683,277.96832,278.2683,278.36832,278.5683,278.46832,278.0683,277.6683,277.46832,277.36832,277.6683,278.0683,278.36832,278.36832,278.46832,278.96832,279.86832,280.46832,280.36832,279.86832,279.1683,279.2683,279.6683,279.86832,280.0683,280.1683,280.0683,280.1683,280.1683,280.1683,279.86832,279.86832,280.2683,280.6683,280.7683,280.6683,280.46832,280.36832,279.96832,279.7683,279.7683,279.86832,279.96832,280.1683,279.86832,279.0683,279.2683,279.1683,279.2683,279.36832,279.5683,279.6683
276.7683,277.0683,277.0683,276.7683,276.7683,276.7683,276.86832,277.1683,277.46832,277.46832,277.2683,277.0683,277.46832,277.46832,277.36832,277.2683,276.86832,276.5683,275.96832,275.6683,276.1683,276.6683,276.5683,276.7683,277.2683,278.36832,279.46832,279.6683,279.2683,278.6683,278.2683,278.5683,278.96832,278.96832,278.96832,278.96832,278.96832,279.1683,279.6683,279.86832,280.2683,280.46832,280.5683,280.5683,280.36832,280.2683,280.2683,280.0683,279.96832,279.86832,279.86832,280.0683,279.86832,279.0683,278.46832,278.5683,278.5683,279.0683,279.2683,279.46832,279.6683
275.96832,275.96832,276.0683,276.0683,276.1683,276.46832,276.5683,276.6683,276.7683,276.5683,276.36832,276.6683,276.96832,276.96832,276.6683,276.46832,276.36832,275.96832,275.36832,274.6683,274.6683,274.86832,274.96832,275.0683,275.46832,276.2683,277.1683,277.96832,278.2683,277.86832,277.7683,278.0683,278.36832,278.36832,278.1683,278.0683,277.7683,277.5683,277.86832,278.5683,279.46832,280.1683,280.46832,280.36832,280.36832,280.2683,280.2683,280.36832,280.36832,280.2683,280.2683,280.0683,279.36832,278.7683,278.36832,278.1683,278.36832,278.7683,279.0683,279.36832,279.6683
275.46832,275.6683,275.6683,275.7683,275.6683,275.7683,275.7683,275.86832,276.1683,275.96832,275.86832,275.7683,275.7683,275.6683,275.6683,275.6683,275.5683,275.2683,274.96832,274.36832,274.1683,274.1683,274.0683,274.0683,273.7683,274.0683,275.1683,276.36832,276.7683,276.86832,276.6683,276.86832,277.5683,277.5683,277.5683,277.2683,277.0683,277.0683,276.5683,276.46832,277.2683,278.1683,279.5683,280.2683,280.46832,280.5683,280.5683,280.46832,280.1683,279.86832,279.7683,279.6683,279.2683,278.7683,278.2683,277.96832,278.1683,278.6683,279.0683,279.2683,279.1683
275.2683,275.36832,275.36832,275.36832,275.36832,275.46832,275.36832,275.0683,275.1683,275.2683,275.2683,274.96832,274.86832,274.86832,275.0683,275.1683,275.36832,275.36832,275.1683,274.6683,274.36832,274.0683,273.96832,273.86832,273.5683,273.46832,273.96832,275.0683,275.86832,275.86832,275.46832,275.46832,275.7683,276.0683,276.36832,276.2683,276.2683,275.7683,275.46832,275.7683,275.96832,276.5683,277.46832,278.86832,279.5683,279.86832,280.1683,280.0683,279.86832,279.7683,279.6683,279.46832,279.2683,278.86832,278.36832,277.96832,278.0683,278.5683,278.96832,279.0683,278.86832
274.7683,274.7683,274.6683,274.6683,274.86832,275.1683,275.0683,274.5683,274.36832,274.1683,274.46832,274.46832,274.5683,274.5683,274.7683,274.96832,275.2683,275.46832,275.36832,274.86832,274.46832,274.0683,273.86832,273.6683,273.46832,273.1683,273.1683,273.96832,275.0683,275.0683,274.6683,274.7683,274.96832,275.0683,275.0683,274.96832,275.36832,275.36832,274.86832,274.6683,274.86832,275.46832,276.36832,277.36832,278.2683,278.7683,279.36832,279.6683,279.7683,279.5683,279.2683,278.96832,278.7683,278.6683,278.36832,277.96832,277.6683,277.6683,278.0683,278.36832,278.2683
273.86832,273.86832,273.96832,274.1683,274.2683,274.36832,274.36832,274.0683,273.86832,273.96832,274.0683,274.0683,274.1683,274.1683,274.2683,274.5683,274.86832,274.86832,274.7683,274.6683,274.46832,274.0683,273.7683,273.5683,273.36832,273.0683,272.86832,272.86832,274.0683,274.36832,274.0683,274.1683,274.6683,274.6683,274.2683,274.36832,275.0683,275.36832,274.96832,274.5683,274.7683,275.2683,276.2683,276.86832,277.2683,277.7683,278.36832,278.86832,278.96832,278.7683,278.46832,278.0683,278.0683,278.0683,277.6683,277.36832,277.1683,277.2683,277.46832,277.2683,277.1683
273.1683,273.36832,273.5683,273.6683,273.7683,273.7683,273.5683,273.5683,273.6683,273.7683,273.7683,273.6683,273.46832,273.46832,273.5683,273.6683,273.86832,273.86832,273.86832,273.96832,273.86832,273.6683,273.36832,273.2683,273.0683,272.96832,272.7683,272.46832,272.5683,273.2683,273.36832,273.36832,273.86832,274.0683,273.86832,273.96832,274.36832,274.7683,274.6683,274.36832,274.86832,275.2683,275.7683,275.96832,276.5683,276.7683,276.96832,277.46832,277.6683,277.5683,277.2683,277.2683,277.1683,276.5683,276.36832,276.2683,276.2683,276.46832,276.5683,276.0683,275.6683
272.86832,273.1683,273.36832,273.46832,273.46832,273.2683,273.0683,272.96832,273.1683,273.2683,273.2683,273.1683,273.0683,272.96832,272.96832,272.96832,272.86832,272.86832,272.7683,272.7683,272.86832,273.0683,273.1683,273.0683,272.96832,272.96832,272.6683,272.36832,272.1683,272.46832,272.86832,272.96832,273.2683,273.46832,273.36832,273.36832,273.36832,273.46832,273.46832,273.36832,273.96832,274.5683,274.86832,274.86832,274.86832,275.0683,275.36832,275.6683,275.86832,276.0683,276.1683,276.2683,275.86832,275.46832,275.2683,274.86832,274.86832,274.86832,274.96832,274.5683,274.2683
272.1683,272.46832,272.7683,272.86832,272.96832,272.7683,272.5683,272.46832,272.46832,272.36832,272.5683,272.5683,272.46832,272.46832,272.2683,272.1683,272.0683,272.0683,272.0683,272.1683,272.1683,272.2683,272.46832,272.46832,272.2683,272.46832,272.2683,272.0683,271.86832,271.6683,271.86832,272.0683,272.1683,272.5683,272.7683,272.5683,272.5683,272.6683,272.6683,272.6683,272.86832,273.0683,273.46832,273.46832,273.1683,273.1683,273.7683,274.1683,274.5683,274.96832,275.1683,275.0683,274.86832,274.6683,274.46832,273.96832,273.86832,273.7683,273.6683,273.46832,273.2683
271.46832,270.86832,271.1683,271.86832,271.7683,271.6683,271.5683,271.6683,271.7683,271.86832,271.86832,271.6683,271.46832,271.5683,271.46832,271.36832,271.36832,271.0683,271.46832,271.5683,271.6683,271.6683,271.6683,271.7683,271.6683,271.7683,271.7683,271.6683,271.5683,271.7683,272.0683,271.46832,271.5683,272.0683,271.6683,271.6683,272.2683,272.2683,272.5683,272.6683,272.46832,272.0683,272.1683,271.86832,271.86832,272.0683,271.96832,271.86832,272.96832,273.46832,273.5683,274.0683,274.2683,274.2683,273.96832,273.5683,273.46832,273.46832,273.36832,273.1683,273.0683
270.96832,270.5683,270.0683,268.7683,268.46832,267.7683,270.5683,265.86832,266.7683,271.46832,271.46832,271.36832,271.36832,271.1683,271.1683,271.1683,270.6683,269.7683,270.86832,271.86832,271.7683,272.1683,272.5683,272.6683,272.46832,272.5683,272.36832,272.46832,272.86832,272.86832,272.6683,272.96832,272.6683,272.7683,272.7683,272.6683,272.5683,272.86832,272.46832,272.96832,272.7683,272.96832,272.5683,272.7683,272.86832,273.0683,273.0683,272.5683,272.5683,272.6683,272.7683,272.6683,272.46832,271.6683,271.5683,272.46832,272.7683,272.5683,272.46832,272.2683,272.0683
270.86832,269.86832,267.96832,266.36832,261.86832,255.56831,255.76831,254.9683,255.86832,259.96832,262.0683,263.46832,258.6683,262.2683,263.7683,259.7683,262.5683,266.36832,267.7683,272.1683,272.46832,272.86832,272.96832,273.0683,272.96832,272.96832,273.0683,273.0683,273.0683,273.0683,273.0683,272.96832,273.0683,272.96832,272.86832,272.5683,272.1683,272.7683,272.7683,272.6683,272.5683,272.6683,272.96832,273.0683,273.0683,273.0683,272.96832,272.96832,272.96832,272.96832,272.86832,272.7683,272.5683,272.2683,272.1683,271.7683,271.2683,271.2683,270.5683,270.0683,269.36832
263.0683,261.6683,260.0683,257.96832,256.2683,258.5683,259.5683,252.76831,250.36832,253.26831,253.6683,254.56831,255.4683,257.7683,259.5683,261.96832,261.96832,262.2683,261.86832,266.5683,272.96832,273.0683,273.0683,272.96832,272.86832,273.0683,273.0683,272.86832,272.5683,272.5683,272.7683,272.5683,272.6683,272.6683,272.36832,272.7683,272.46832,272.6683,272.7683,272.86832,272.96832,272.86832,272.96832,272.96832,273.0683,272.96832,272.86832,272.7683,272.6683,272.5683,271.96832,271.6683,271.5683,271.46832,271.46832,269.5683,269.7683,268.6683,268.2683,267.2683,266.36832
254.86832,254.1683,259.7683,259.46832,250.86832,251.1683,255.06831,261.86832,254.06831,253.26831,253.06831,256.5683,262.6683,259.6683,263.0683,263.46832,263.1683,262.7683,261.96832,261.46832,261.0683,261.5683,260.46832,261.2683,261.96832,262.1683,263.46832,264.46832,265.2683,266.46832,268.36832,270.46832,271.46832,271.1683,270.6683,271.1683,271.96832,271.2683,272.2683,271.5683,272.5683,271.6683,272.1683,271.96832,271.1683,270.46832,271.0683,269.96832,267.46832,266.86832,267.1683,265.36832,265.1683,263.6683,264.1683,266.7683,267.5683,267.1683,265.5683,265.86832,264.7683
258.46832,257.0683,254.36832,251.1683,250.86832,254.56831,252.1683,250.6683,252.4683,245.6683,248.6683,250.36832,252.76831,253.26831,254.6683,256.36832,256.46832,256.46832,257.6683,257.6683,259.2683,260.2683,260.96832,260.46832,259.96832,260.6683,260.1683,260.0683,259.5683,260.36832,260.2683,260.36832,260.46832,259.6683,255.36832,253.26831,255.56831,257.0683,257.1683,258.96832,259.1683,262.6683,255.1683,256.1683,256.0683,256.2683,255.9683,256.46832,258.7683,259.36832,260.2683,261.1683,260.86832,262.1683,263.46832,264.5683,264.6683,264.5683,261.46832,260.2683,253.86832
248.4683,246.76831,245.36832,244.4683,243.6683,245.26831,245.9683,245.76831,247.36832,246.1683,244.9683,245.36832,245.9683,247.26831,250.56831,250.9683,250.56831,250.1683,250.56831,251.36832,252.36832,255.4683,258.7683,256.96832,255.1683,260.0683,259.96832,261.1683,260.5683,260.0683,263.0683,259.96832,257.0683,251.1683,250.9683,253.36832,254.1683,250.4683,249.26831,249.06831,253.36832,254.26831,252.26831,250.36832,251.86832,253.36832,252.76831,251.36832,250.9683,250.6683,249.6683,249.76831,250.76831,249.76831,249.9683,248.1683,246.1683,245.9683,245.26831,246.86832,247.6683
244.6683,242.86832,239.6683,237.1683,237.9683,237.56831,235.1683,236.36832,234.86832,233.1683,231.1683,232.36832,238.9683,241.26831,243.26831,246.86832,246.6683,246.4683,246.56831,246.56831,247.36832,248.56831,249.26831,250.1683,252.56831,253.4683,253.36832,252.56831,253.4683,255.06831,256.2683,256.2683,255.6683,250.36832,247.76831,246.86832,245.56831,241.1683,243.1683,246.1683,242.9683,252.1683,242.76831,239.1683,241.76831,244.26831,243.76831,242.4683,240.86832,239.56831,239.06831,239.9683,241.86832,244.76831,242.76831,247.9683,241.86832,241.26831,242.1683,242.9683,243.1683
237.36832,236.26831,235.4683,235.9683,236.56831,237.36832,237.9683,236.9683,234.76831,227.4683,225.56831,231.9683,232.56831,237.36832,237.76831,242.9683,243.1683,242.4683,241.9683,242.4683,243.26831,244.06831,244.56831,246.1683,246.6683,246.1683,245.4683,246.76831,248.36832,248.86832,248.1683,247.56831,246.4683,246.9683,246.76831,246.76831,245.86832,247.86832,245.86832,241.36832,243.76831,242.6683,242.06831,237.86832,236.36832,237.4683,238.6683,239.9683,237.36832,237.6683,237.9683,237.86832,237.9683,238.56831,238.86832,239.56831,239.26831,238.9683,238.76831,237.1683,237.26831
236.4683,235.26831,234.76831,234.6683,235.36832,234.86832,234.1683,234.06831,234.1683,233.6683,232.6683,231.76831,233.56831,234.36832,235.4683,235.6683,238.26831,238.76831,239.6683,240.1683,240.4683,241.06831,241.76831,241.36832,240.6683,240.86832,240.36832,240.56831,238.6683,240.4683,239.6683,240.06831,243.76831,243.1683,241.6683,238.76831,238.6683,241.56831,246.26831,243.56831,247.86832,242.1683,238.1683,242.86832,238.06831,239.56831,236.76831,235.4683,241.1683,244.26831,239.36832,237.1683,236.06831,235.6683,235.6683,235.36832,234.6683,234.1683,234.1683,234.26831,235.1683
