json-data/2022072006.json
{"header": {"discipline":0,"disciplineName":"Meteorological products","gribEdition":2,"gribLength":47713,"center":7,"centerName":"US National Weather Service - NCEP(WMC)","subcenter":0,"refTime":"2022-07-20T06:00:00.000Z","significanceOfRT":1,"significanceOfRTName":"Start of forecast","productStatus":0,"productStatusName":"Operational products","productType":1,"productTypeName":"Forecast products","productDefinitionTemplate":0,"productDefinitionTemplateName":"Analysis/forecast at horizontal level/layer at a point in time","parameterCategory":0,"parameterCategoryName":"Temperature","parameterNumber":0,"parameterNumberName":"Temperature","parameterUnit":"K","genProcessType":2,"genProcessTypeName":"Forecast","forecastTime":0,"surface1Type":1,"surface1TypeName":"Ground or water surface","surface1Value":0.0,"surface2Type":255,"surface2TypeName":"Missing","surface2Value":0.0,"gridDefinitionTemplate":0,"gridDefinitionTemplateName":"Latitude_Longitude","numberPoints":65160,"shape":6,"shapeName":"Earth spherical with radius of 6,371,229.0 m","gridUnits":"degrees","resolution":48,"winds":"true","scanMode":0,"nx":360,"ny":181,"basicAngle":0,"lo1":0.0,"la1":90.0,"lo2":359.0,"la2":-90.0,"dx":1.0,"dy":1.0}, "data":
[rows 0 to 26 of 181, columns 122 to 182 of 360]
272.90887,272.90887,272.90887,272.90887,272.90887,272.90887,272.90887,272.90887,272.90887,272.90887,272.90887,272.90887,272.90887,272.90887,272.90887,272.90887,272.90887,272.90887,272.90887,272.90887,272.90887,272.90887,272.90887,272.90887,272.90887,272.90887,272.90887,272.90887,272.90887,272.90887,272.90887,272.90887,272.90887,272.90887,272.90887,272.90887,272.90887,272.90887,272.90887,272.90887,272.90887,272.90887,272.90887,272.90887,272.90887,272.90887,272.90887,272.90887,272.90887,272.90887,272.90887,272.90887,272.90887,272.90887,272.90887,272.90887,272.90887,272.90887,272.90887,272.90887,272.90887
273.1089,273.1089,273.1089,273.00888,273.1089,273.1089,273.1089,273.1089,273.1089,273.1089,273.1089,273.1089,273.1089,273.1089,273.1089,273.1089,273.1089,273.1089,273.1089,273.1089,273.1089,273.1089,273.1089,273.1089,273.1089,273.1089,273.1089,273.1089,273.1089,273.1089,273.1089,273.1089,273.1089,273.1089,272.90887,272.90887,272.90887,272.90887,272.90887,272.90887,272.8089,273.1089,273.1089,273.1089,273.1089,273.1089,273.1089,273.1089,273.1089,273.1089,273.1089,273.1089,273.1089,273.1089,273.1089,273.1089,273.1089,273.1089,273.1089,273.1089,273.1089
273.1089,273.1089,273.00888,273.00888,273.00888,273.00888,273.00888,272.8089,272.8089,272.8089,272.8089,272.90887,272.8089,272.8089,272.8089,272.8089,272.8089,272.8089,272.8089,272.90887,272.90887,272.90887,272.90887,272.90887,272.90887,273.00888,273.1089,273.1089,273.1089,273.00888,272.90887,272.90887,272.90887,272.90887,272.90887,272.90887,272.90887,272.90887,272.90887,272.90887,272.90887,273.00888,273.00888,273.00888,273.00888,272.90887,272.8089,272.8089,272.90887,273.00888,273.00888,273.00888,273.1089,273.1089,273.1089,273.1089,273.1089,273.1089,273.1089,273.00888,273.00888
273.00888,272.8089,272.6089,272.6089,272.6089,272.6089,272.6089,272.6089,273.00888,272.6089,272.6089,272.8089,272.8089,272.90887,272.90887,273.00888,273.00888,273.1089,272.90887,272.90887,272.8089,272.8089,272.8089,272.90887,272.90887,272.90887,272.7089,272.7089,272.90887,273.00888,273.1089,273.00888,273.00888,273.00888,273.00888,273.00888,273.00888,273.00888,273.00888,273.1089,273.1089,272.90887,272.90887,272.90887,272.8089,272.8089,273.00888,273.00888,272.90887,272.8089,272.8089,273.1089,273.1089,273.00888,273.00888,273.00888,272.7089,272.6089,273.00888,273.00888,273.00888
272.8089,272.8089,272.90887,272.90887,272.8089,272.8089,272.90887,272.90887,272.8089,272.8089,272.90887,272.90887,273.1089,273.1089,272.90887,272.8089,272.8089,272.7089,272.6089,272.7089,272.7089,273.00888,273.00888,272.90887,273.00888,273.00888,273.00888,273.00888,273.00888,272.90887,272.90887,273.00888,273.1089,273.1089,273.1089,273.2089,273.1089,273.00888,273.2089,273.1089,273.1089,272.90887,272.90887,273.1089,273.2089,273.1089,273.2089,273.1089,272.90887,272.90887,273.2089,273.2089,273.1089,273.1089,273.2089,273.2089,273.00888,273.1089,273.2089,273.00888,272.90887
273.00888,273.1089,273.00888,273.1089,272.7089,272.90887,272.90887,273.00888,273.00888,273.00888,273.00888,273.00888,273.00888,273.00888,272.90887,272.90887,272.90887,272.6089,272.6089,272.90887,272.90887,272.90887,272.90887,272.90887,273.00888,273.00888,273.00888,272.90887,272.90887,273.1089,273.00888,273.00888,272.90887,273.00888,273.00888,273.1089,273.00888,272.6089,273.00888,273.00888,272.8089,272.8089,272.90887,273.1089,272.90887,272.90887,273.1089,273.1089,273.00888,273.00888,273.1089,273.1089,273.1089,273.1089,273.1089,273.1089,273.1089,273.1089,273.1089,273.1089,273.1089
273.00888,273.00888,272.90887,273.00888,273.1089,273.1089,273.1089,273.00888,273.00888,272.90887,273.00888,273.00888,273.00888,272.90887,273.00888,273.00888,273.00888,273.00888,273.00888,272.90887,273.00888,273.00888,273.00888,273.00888,272.8089,272.8089,272.90887,273.00888,272.8089,272.8089,272.90887,272.90887,272.7089,272.6089,272.6089,272.90887,272.8089,273.00888,273.00888,273.00888,273.1089,273.1089,273.1089,273.1089,273.1089,273.1089,273.1089,272.90887,273.00888,273.00888,273.00888,273.1089,273.1089,273.1089,273.1089,272.90887,273.1089,272.90887,273.00888,273.1089,273.00888
272.7089,272.90887,272.7089,272.7089,273.00888,272.7089,272.6089,272.90887,272.8089,272.8089,272.50888,272.40887,272.40887,272.50888,272.6089,273.00888,273.00888,273.00888,273.00888,273.00888,273.00888,273.00888,272.90887,273.00888,273.00888,273.00888,273.00888,272.90887,272.7089,272.8089,272.90887,272.7089,273.00888,273.1089,273.1089,273.00888,273.00888,273.00888,273.1089,273.1089,273.1089,273.1089,273.1089,273.1089,273.1089,273.00888,273.1089,273.1089,273.1089,273.1089,273.1089,273.1089,273.1089,273.1089,273.1089,273.2089,273.00888,273.1089,273.1089,273.1089,273.00888
273.00888,273.00888,273.00888,272.90887,273.00888,273.00888,273.00888,273.1089,273.00888,273.00888,273.00888,272.8089,272.7089,272.90887,273.00888,272.90887,272.7089,272.40887,272.2089,272.2089,272.40887,272.40887,272.50888,272.50888,272.7089,272.7089,272.8089,272.90887,273.00888,272.90887,272.90887,272.90887,273.00888,273.00888,273.00888,273.00888,273.00888,273.00888,273.00888,273.1089,273.00888,272.90887,273.00888,273.1089,273.00888,273.1089,273.00888,273.1089,273.1089,273.00888,273.1089,273.00888,273.00888,273.1089,273.00888,273.00888,273.00888,273.1089,273.1089,273.1089,273.1089
273.1089,273.1089,273.1089,273.1089,273.1089,272.90887,273.1089,273.00888,272.90887,272.90887,273.1089,273.00888,273.00888,272.8089,272.8089,272.6089,272.6089,272.8089,272.8089,272.7089,272.8089,272.7089,272.8089,273.00888,273.00888,272.90887,272.90887,273.1089,273.1089,273.00888,273.00888,273.00888,273.00888,273.00888,273.00888,273.00888,273.00888,273.00888,273.00888,273.00888,273.00888,273.1089,273.00888,273.1089,273.1089,273.1089,273.00888,273.00888,273.1089,273.1089,273.00888,273.1089,273.00888,273.1089,273.1089,273.1089,273.1089,273.1089,273.1089,273.1089,273.1089
273.1089,273.1089,273.1089,273.1089,273.1089,273.1089,273.1089,273.1089,273.1089,273.1089,273.1089,273.1089,272.90887,273.1089,273.1089,273.00888,273.00888,272.90887,272.90887,272.6089,272.7089,272.6089,272.90887,272.90887,273.00888,273.00888,273.00888,273.00888,273.00888,273.1089,273.1089,273.1089,273.1089,273.00888,272.90887,273.00888,273.00888,273.1089,273.1089,273.1089,273.1089,273.1089,273.1089,273.1089,273.1089,273.1089,273.1089,273.1089,273.00888,273.00888,273.00888,273.00888,273.00888,273.00888,273.00888,273.00888,273.1089,273.1089,273.1089,273.1089,273.1089
273.1089,273.1089,273.1089,273.1089,272.90887,273.1089,273.1089,273.1089,273.1089,273.1089,273.1089,273.1089,273.1089,273.1089,273.1089,273.1089,273.1089,273.00888,273.00888,272.90887,272.8089,272.50888,272.00888,272.1089,271.7089,271.6089,272.00888,271.7089,272.1089,272.1089,272.2089,272.2089,271.6089,272.3089,273.1089,273.1089,273.00888,273.1089,273.1089,273.1089,273.1089,273.1089,273.00888,273.1089,273.1089,273.1089,273.1089,273.1089,273.00888,273.1089,273.1089,273.1089,273.1089,273.1089,273.1089,273.1089,273.1089,273.00888,273.1089,273.1089,273.00888
273.1089,273.1089,273.1089,273.1089,273.1089,273.1089,273.1089,273.1089,273.1089,273.1089,272.90887,273.00888,273.00888,273.00888,273.00888,273.00888,273.1089,273.00888,273.00888,273.00888,272.90887,272.7089,272.40887,271.6089,271.7089,272.1089,272.1089,272.1089,272.1089,272.2089,272.2089,272.3089,272.7089,272.40887,273.00888,273.00888,273.1089,273.1089,273.1089,273.1089,273.1089,273.1089,273.00888,273.00888,273.00888,273.1089,273.1089,273.1089,273.1089,273.1089,273.1089,273.00888,273.00888,273.00888,273.1089,273.1089,273.1089,273.1089,273.00888,273.1089,273.1089
273.00888,273.00888,273.00888,273.3089,272.7089,272.7089,273.1089,272.8089,271.7089,272.3089,273.3089,272.2089,272.50888,272.6089,272.3089,273.6089,273.6089,273.2089,273.00888,273.00888,273.00888,272.1089,272.7089,272.50888,272.6089,272.40887,272.50888,272.6089,272.3089,272.3089,272.3089,272.3089,272.3089,272.3089,272.90887,273.1089,273.1089,273.00888,273.00888,273.1089,273.1089,273.00888,273.1089,273.1089,273.1089,273.1089,273.1089,273.1089,273.1089,273.1089,273.1089,273.1089,273.1089,273.1089,273.1089,273.1089,273.1089,273.1089,273.1089,273.1089,273.1089
274.90887,274.90887,275.2089,275.00888,275.1089,275.2089,274.8089,275.1089,275.1089,274.8089,274.6089,274.50888,274.40887,274.2089,274.1089,273.8089,285.8089,284.3089,275.90887,272.1089,282.3089,273.40887,273.50888,273.40887,273.40887,273.40887,273.3089,273.1089,273.2089,273.2089,273.2089,271.6089,271.6089,272.3089,272.90887,273.1089,273.1089,273.1089,273.1089,273.1089,273.1089,273.1089,273.1089,273.1089,273.1089,273.1089,273.1089,273.1089,273.1089,273.1089,273.1089,273.1089,273.00888,273.1089,273.1089,273.1089,273.1089,273.1089,273.2089,273.1089,273.1089
276.2089,276.50888,276.7089,276.7089,276.8089,276.6089,276.50888,276.2089,275.90887,275.2089,274.8089,274.3089,274.1089,274.1089,274.00888,271.8089,290.8089,286.2089,281.8089,273.1089,273.1089,285.00888,273.7089,271.8089,272.3089,276.8089,287.1089,286.3089,286.00888,273.40887,273.50888,273.3089,273.3089,273.2089,273.2089,273.1089,271.90887,273.1089,273.1089,273.1089,273.1089,273.00888,273.00888,273.1089,273.00888,273.00888,273.00888,273.00888,273.00888,273.1089,273.1089,273.1089,273.1089,273.1089,273.1089,273.00888,273.2089,273.1089,273.1089,273.2089,273.2089
275.50888,276.00888,276.2089,275.6089,276.7089,277.00888,276.6089,276.00888,275.40887,274.8089,274.50888,274.50888,274.40887,274.2089,274.00888,272.40887,272.50888,272.1089,271.8089,284.50888,272.1089,273.6089,273.50888,272.6089,272.7089,272.6089,272.50888,272.6089,272.6089,272.2089,271.90887,271.50888,273.3089,273.3089,272.90887,271.90887,273.00888,273.1089,273.00888,273.00888,273.1089,273.1089,273.1089,273.1089,273.1089,273.1089,273.00888,272.90887,272.90887,272.90887,273.00888,273.00888,273.00888,273.1089,273.00888,272.90887,273.00888,272.90887,272.90887,273.00888,272.8089
277.40887,274.3089,284.90887,285.00888,282.7089,273.2089,282.2089,280.7089,275.3089,274.90887,274.8089,272.2089,271.50888,272.1089,272.40887,272.6089,272.1089,271.90887,272.3089,272.50888,272.1089,272.50888,272.50888,273.1089,273.8089,273.6089,271.6089,273.1089,272.3089,272.6089,272.7089,272.90887,272.90887,273.1089,273.00888,273.1089,273.00888,273.1089,273.1089,272.90887,273.00888,273.1089,273.1089,273.1089,273.1089,273.1089,273.1089,273.1089,273.1089,273.1089,273.00888,272.90887,273.00888,272.90887,273.00888,273.1089,273.1089,273.00888,272.90887,273.00888,272.8089
282.8089,282.7089,283.1089,282.40887,281.7089,283.1089,278.3089,275.3089,275.1089,274.90887,274.7089,274.40887,274.00888,274.2089,273.6089,273.6089,274.3089,274.3089,283.40887,283.2089,282.8089,281.8089,280.2089,280.2089,273.00888,285.2089,283.50888,278.7089,274.3089,274.3089,271.6089,272.00888,272.7089,272.8089,272.90887,272.90887,272.90887,273.00888,273.00888,273.00888,273.00888,273.1089,273.1089,273.1089,273.1089,273.00888,273.1089,273.1089,273.1089,273.1089,273.1089,273.1089,273.00888,273.00888,273.00888,273.1089,273.00888,272.90887,272.90887,272.6089,272.50888
288.50888,286.7089,285.40887,286.50888,284.3089,279.40887,276.8089,276.00888,279.00888,272.1089,284.40887,284.1089,284.50888,287.00888,288.2089,288.6089,289.90887,287.90887,286.7089,285.00888,285.2089,285.90887,286.7089,286.7089,285.2089,282.3089,282.6089,283.90887,285.40887,284.2089,275.90887,273.6089,274.00888,275.90887,278.8089,275.6089,275.1089,272.40887,272.00888,272.3089,272.50888,272.90887,273.1089,273.1089,273.1089,273.1089,273.00888,273.1089,273.00888,272.90887,273.00888,272.90887,273.1089,272.8089,272.6089,272.7089,272.6089,276.50888,274.6089,275.50888,275.1089
289.1089,289.7089,288.00888,287.90887,290.6089,289.90887,289.6089,279.1089,276.7089,279.40887,284.7089,286.2089,285.90887,281.8089,287.2089,289.00888,287.6089,285.3089,285.3089,286.6089,288.7089,286.8089,286.50888,288.2089,290.00888,290.7089,289.00888,286.90887,286.6089,285.3089,283.00888,281.40887,280.00888,279.50888,279.2089,279.1089,279.2089,281.8089,274.1089,273.90887,274.3089,274.1089,273.1089,272.1089,272.50888,272.6089,273.1089,272.40887,272.90887,274.2089,274.00888,273.1089,273.00888,273.1089,273.1089,273.2089,273.00888,272.2089,272.40887,272.3089,272.00888
290.6089,288.90887,293.8089,297.8089,299.6089,296.6089,294.3089,275.90887,275.6089,278.1089,279.00888,281.1089,283.3089,284.8089,282.2089,281.1089,277.7089,277.40887,274.8089,277.2089,277.2089,278.7089,279.3089,281.40887,285.2089,291.3089,291.50888,293.8089,294.2089,294.40887,293.40887,292.7089,290.40887,288.6089,288.1089,284.7089,284.1089,282.8089,279.40887,283.40887,285.7089,282.3089,283.7089,278.40887,277.50888,275.8089,275.3089,274.90887,273.3089,273.7089,280.00888,275.40887,274.00888,273.50888,272.1089,273.7089,273.40887,274.1089,273.3089,272.3089,272.1089
290.7089,292.00888,296.6089,297.2089,302.8089,300.2089,294.8089,277.7089,278.00888,277.40887,280.40887,281.8089,286.3089,284.50888,286.3089,280.1089,281.2089,277.7089,276.7089,280.90887,277.7089,279.00888,280.50888,280.40887,280.2089,281.6089,280.7089,281.50888,287.50888,293.40887,290.8089,291.50888,292.00888,282.40887,290.6089,289.3089,288.40887,288.00888,286.6089,287.7089,287.2089,288.2089,287.8089,287.2089,286.90887,285.1089,280.40887,276.40887,279.8089,275.6089,273.50888,272.50888,274.8089,276.1089,277.7089,279.00888,278.2089,276.7089,277.7089,274.40887,273.40887
296.2089,295.7089,298.2089,299.7089,301.50888,289.40887,283.8089,277.90887,278.3089,277.7089,281.3089,282.00888,284.1089,284.50888,285.3089,289.6089,287.7089,287.3089,281.7089,279.1089,278.90887,281.3089,278.2089,277.40887,278.8089,279.50888,281.1089,284.3089,284.00888,283.3089,285.00888,288.8089,292.40887,292.3089,292.1089,289.3089,288.90887,290.1089,290.7089,289.8089,288.6089,288.40887,287.7089,288.6089,286.3089,285.2089,284.40887,284.50888,284.7089,279.50888,276.7089,274.40887,277.3089,284.1089,284.50888,285.90887,285.6089,280.50888,278.00888,276.7089,274.6089
296.3089,297.1089,276.90887,300.2089,303.2089,299.40887,301.00888,298.8089,284.40887,282.00888,283.1089,285.3089,291.8089,293.3089,292.3089,296.1089,297.1089,299.40887,300.50888,290.3089,285.90887,288.6089,291.3089,288.1089,285.40887,278.3089,277.3089,279.7089,282.00888,282.6089,281.7089,282.40887,281.00888,280.3089,284.6089,289.7089,290.90887,289.90887,287.8089,287.8089,286.8089,284.90887,284.00888,283.7089,284.2089,285.50888,287.00888,287.7089,287.00888,285.1089,284.7089,281.00888,279.40887,279.6089,285.8089,286.6089,285.90887,287.6089,286.2089,278.8089,283.2089
292.50888,295.8089,295.50888,285.40887,298.7089,304.3089,304.40887,298.6089,296.6089,290.90887,293.40887,293.2089,293.3089,297.40887,299.40887,299.2089,298.8089,301.7089,301.90887,300.2089,298.8089,299.90887,299.1089,296.6089,292.8089,294.1089,289.8089,284.8089,282.50888,283.40887,283.00888,281.50888,280.00888,281.50888,282.6089,282.6089,284.1089,288.90887,288.00888,289.7089,287.1089,285.50888,282.1089,284.8089,285.40887,288.8089,286.00888,288.40887,289.90887,290.40887,288.00888,284.50888,280.8089,286.7089,282.8089,285.40887,282.50888,285.6089,282.50888,281.00888,281.00888
298.50888,295.3089,296.8089,298.8089,301.8089,303.50888,304.2089,300.40887,303.1089,303.00888,299.6089,301.1089,300.8089,300.50888,302.7089,305.40887,303.00888,304.40887,303.1089,299.6089,304.40887,306.8089,304.7089,302.7089,299.6089,291.7089,298.00888,288.1089,288.1089,282.8089,282.6089,284.1089,287.40887,288.1089,284.2089,282.6089,283.1089,283.00888,289.7089,290.50888,289.2089,290.50888,290.8089,289.6089,291.40887,290.00888,288.90887,288.40887,289.7089,289.3089,287.50888,282.8089,281.2089,280.6089,282.90887,282.6089,281.7089,281.8089,281.6089,281.3089,281.00888
