json-data/2022072512.json
{"header": {"discipline":0,"disciplineName":"Meteorological products","gribEdition":2,"gribLength":79687,"center":7,"centerName":"US National Weather Service - NCEP(WMC)","subcenter":0,"refTime":"2022-07-25T12:00:00.000Z","significanceOfRT":1,"significanceOfRTName":"Start of forecast","productStatus":0,"productStatusName":"Operational products","productType":1,"productTypeName":"Forecast products","productDefinitionTemplate":0,"productDefinitionTemplateName":"Analysis/forecast at horizontal level/layer at a point in time","parameterCategory":2,"parameterCategoryName":"Momentum","parameterNumber":3,"parameterNumberName":"V-component_of_wind","parameterUnit":"m.s-1","genProcessType":2,"genProcessTypeName":"Forecast","forecastTime":0,"surface1Type":103,"surface1TypeName":"Specified height level above ground","surface1Value":10.0,"surface2Type":255,"surface2TypeName":"Missing","surface2Value":0.0,"gridDefinitionTemplate":0,"gridDefinitionTemplateName":"Latitude_Longitude","numberPoints":65160,"shape":6,"shapeName":"Earth spherical with radius of 6,371,229.0 m","gridUnits":"degrees","resolution":48,"winds":"true","scanMode":0,"nx":360,"ny":181,"basicAngle":0,"lo1":0.0,"la1":90.0,"lo2":359.0,"la2":-90.0,"dx":1.0,"dy":1.0}, "data":
[rows 54 to 80 of 181, columns 300 to 359 of 360]
-0.36158204,-0.561582,-1.041582,-1.021582,-1.411582,-1.611582,-1.971582,-3.291582,-3.961582,-3.891582,-4.111582,-4.041582,-0.961582,-2.341582,-1.661582,-1.881582,-2.241582,-2.641582,-2.941582,1.838418,1.6684179,6.568418,5.818418,4.528418,3.128418,1.9084179,1.248418,0.56841797,2.718418,2.578418,3.078418,3.268418,2.288418,1.4084179,0.598418,-0.26158202,-1.221582,-1.7115821,-1.931582,-2.101582,-2.341582,-1.931582,-2.2515821,-3.061582,-4.031582,-4.981582,-5.761582,-6.951582,-8.741582,-9.171582,-9.151582,-8.221582,-4.851582,-6.681582,-0.09158203,2.318418,0.77841794,0.34841797,1.1684179,-0.40158203
0.18841797,0.05841797,-1.4415821,-1.631582,-1.981582,-2.111582,-3.741582,-4.241582,-4.111582,-4.261582,-4.1315823,-3.5215821,-2.781582,-3.671582,-1.791582,-1.131582,-2.351582,-1.781582,-0.23158203,0.95841795,6.448418,6.188418,4.318418,2.608418,0.05841797,1.338418,3.2484179,2.338418,3.118418,2.308418,1.868418,1.5584179,1.108418,-0.10158203,-1.241582,-2.0215821,-2.291582,-2.401582,-2.661582,-2.551582,-2.7515821,-2.541582,-3.0015821,-3.981582,-4.671582,-5.771582,-6.911582,-7.1315823,-8.071582,-8.981582,-9.511582,-8.931582,-8.501582,-7.041582,-3.331582,-0.98158205,-3.741582,-2.351582,-3.901582,-3.341582
1.148418,0.14841796,-0.68158203,-2.2515821,-3.061582,-2.661582,-2.181582,-3.071582,-3.561582,-4.051582,-4.071582,-4.031582,-4.081582,-4.811582,-3.071582,-1.541582,-1.011582,-0.23158203,0.008417969,4.898418,5.288418,3.788418,2.158418,-0.13158204,-1.391582,-0.751582,2.808418,2.028418,1.828418,1.338418,0.848418,0.618418,-0.17158203,-0.80158204,-1.3315821,-1.791582,-2.561582,-2.691582,-2.741582,-2.131582,-3.161582,-3.651582,-4.001582,-5.181582,-6.021582,-6.601582,-7.071582,-7.831582,-8.721582,-8.521582,-8.371582,-4.931582,-5.281582,-4.121582,-3.701582,-3.311582,-2.5015821,-2.611582,-1.751582,-4.371582
0.50841796,0.57841796,-1.2115821,-1.011582,-1.671582,-1.791582,-2.711582,-3.161582,-3.941582,-4.371582,-3.951582,-4.481582,-5.111582,-3.961582,-1.8115821,-1.041582,-0.691582,-0.44158202,4.3684177,3.9884179,2.928418,1.4184179,-0.15158203,-1.301582,-2.541582,1.318418,0.82841796,1.9084179,0.62841797,0.668418,-0.03158203,-0.29158202,-0.45158204,-0.941582,-1.661582,-1.601582,-2.901582,-3.451582,-4.071582,-4.3815823,-4.121582,-5.251582,-6.971582,-2.471582,-6.841582,-7.541582,-7.351582,-8.161582,-8.741582,-8.921582,-8.831582,-7.311582,-6.351582,-3.311582,-0.99158204,1.698418,-1.3415821,-3.231582,-4.061582,-4.811582
0.62841797,0.29841796,-0.15158203,-0.60158205,-1.3415821,-2.611582,-3.061582,-3.591582,-4.4015822,-4.511582,-4.581582,-4.751582,-4.231582,-4.171582,-2.411582,-1.0815821,2.048418,2.718418,2.368418,1.508418,0.42841798,-0.87158203,-0.651582,-0.13158204,-0.811582,-0.30158204,1.148418,-0.20158203,0.20841797,-0.03158203,-0.41158202,-0.48158205,-0.041582033,-0.511582,-1.911582,-2.931582,-4.201582,-4.261582,-3.811582,-5.041582,-5.661582,-5.621582,-4.921582,-7.201582,-7.861582,-7.021582,-7.691582,-7.821582,-8.971582,-9.561582,-9.831582,-4.6515822,-2.841582,-4.711582,-2.2715821,1.628418,0.25841796,-0.47158203,-3.091582,-1.851582
-0.62158203,-0.39158204,-0.62158203,-1.271582,-1.901582,-2.061582,-3.211582,-3.851582,-4.101582,-4.611582,-5.171582,-5.1315823,-5.491582,-2.321582,-0.13158204,0.95841795,1.228418,1.0484179,0.07841797,-1.511582,-0.22158203,-0.87158203,-0.701582,-1.3415821,-1.761582,-0.761582,0.13841797,0.65841794,-0.74158204,-0.33158204,-0.38158202,-0.30158204,-1.421582,-1.651582,-2.031582,-2.221582,-2.041582,-2.741582,-4.551582,-5.941582,-7.531582,-5.731582,-5.191582,-7.051582,-7.001582,-6.361582,-6.481582,-7.1515822,-7.491582,-6.361582,-3.161582,-4.091582,-2.931582,1.258418,2.848418,-0.901582,0.728418,0.25841796,1.138418,-0.61158204
-0.53158206,-0.711582,0.33841798,0.76841795,-0.10158203,-0.55158204,-1.131582,-1.8215821,-2.2715821,-3.0115821,-3.311582,-3.171582,-2.311582,-1.681582,0.28841797,-0.17158203,-0.61158204,0.36841798,-0.47158203,-1.601582,-1.651582,-0.79158205,-1.151582,-2.201582,-2.571582,-1.661582,-1.151582,0.688418,0.02841797,-0.05158203,-0.20158203,-1.351582,-2.191582,-2.291582,-2.861582,-4.821582,-5.541582,-6.791582,-7.311582,-6.931582,-7.021582,-6.921582,-6.391582,-6.591582,-5.851582,-6.431582,-6.051582,-6.311582,-5.811582,-5.841582,-1.761582,-4.081582,3.588418,2.708418,2.2384179,-0.701582,1.598418,1.5584179,2.378418,1.8084179
-0.771582,-0.99158204,0.36841798,-0.18158203,0.17841797,0.28841797,-1.101582,-1.891582,-2.321582,-2.7715821,-2.351582,-2.301582,-1.921582,-0.17158203,-0.901582,-1.0915821,-1.021582,-0.74158204,-1.381582,-2.681582,-0.98158205,-1.901582,-1.4515821,-2.851582,-0.74158204,-0.751582,-1.031582,-0.811582,-1.531582,-0.22158203,-1.9415821,-2.5015821,-3.221582,-1.7115821,-3.191582,-3.971582,-4.641582,-7.691582,-7.261582,-7.241582,-7.611582,-7.701582,-5.541582,-4.9015822,-4.9015822,-4.851582,-6.591582,-6.421582,-4.361582,-2.471582,5.508418,4.888418,1.208418,0.90841794,-0.40158203,1.848418,1.818418,3.328418,3.138418,0.848418
0.668418,-0.23158203,-0.831582,-1.2015821,-1.771582,-1.3215821,-1.481582,-1.141582,-1.041582,-1.6915821,-2.581582,-1.781582,-0.62158203,-1.471582,-2.401582,-2.581582,-2.341582,-0.59158206,-2.111582,-2.081582,-2.391582,-1.8315821,-3.331582,-1.3415821,-1.511582,-2.7515821,-1.661582,-1.271582,-0.41158202,-2.821582,-3.231582,-3.351582,-2.481582,-2.881582,-3.091582,-5.061582,-6.701582,-6.561582,-8.011582,-7.461582,-7.361582,-6.691582,-8.1415825,-7.121582,-10.871582,-6.461582,-3.781582,-4.461582,-4.661582,4.628418,4.538418,5.088418,3.2484179,1.9184179,0.788418,-0.32158202,-0.631582,1.838418,1.138418,-1.601582
-0.811582,-2.411582,-2.541582,-0.501582,-3.731582,-1.5915821,-2.831582,-1.0815821,-1.641582,-0.72158206,-1.7015821,-0.60158205,-0.87158203,-2.5115821,-2.301582,-2.241582,-0.72158206,-1.011582,-1.6915821,-2.151582,-1.401582,-2.2515821,-2.281582,-3.671582,-3.051582,-2.441582,-1.651582,-1.261582,-2.561582,-3.191582,-4.491582,-3.481582,-3.701582,-2.911582,-3.111582,-2.241582,-6.001582,-7.811582,-7.991582,-8.561582,-6.411582,-5.341582,-5.4015822,-6.931582,-1.791582,-6.411582,-6.581582,1.148418,4.008418,3.028418,3.838418,4.208418,3.848418,1.708418,0.23841797,0.09841797,-0.39158204,2.208418,-0.011582031,-2.981582
0.82841796,0.88841796,-0.13158204,-0.99158204,-0.62158203,-2.411582,-2.601582,-2.881582,-1.921582,-0.84158206,-1.041582,-1.381582,-1.5915821,-4.221582,-2.0115821,-1.151582,-1.021582,-1.621582,-1.5815821,-1.631582,-3.2515821,-2.691582,-2.951582,-1.4615821,-1.271582,-1.281582,-3.111582,-2.571582,-3.0115821,-3.891582,-4.291582,-2.651582,-3.141582,-3.071582,-3.231582,-5.9015822,-6.201582,-7.041582,-7.891582,-7.421582,-6.571582,-6.211582,-4.791582,-3.961582,-7.301582,-7.391582,-3.351582,2.2484179,2.698418,4.438418,3.7284179,4.978418,4.518418,4.168418,3.908418,3.108418,1.768418,0.82841796,-2.141582,-5.291582
-0.881582,-0.05158203,-1.531582,-2.831582,-0.26158202,-0.44158202,-0.85158205,-0.761582,-1.721582,-2.181582,-1.431582,-1.221582,-1.021582,-2.151582,-1.661582,-1.8415821,-3.741582,-3.2615821,-3.561582,-2.431582,-4.021582,-3.451582,-3.571582,-0.68158203,-1.8215821,-2.191582,-3.181582,-3.5115821,-4.311582,-4.711582,-3.971582,-3.361582,-4.011582,-3.661582,-4.481582,-6.481582,-7.441582,-6.461582,-6.731582,-6.531582,-7.201582,-6.641582,-6.271582,-6.541582,-8.491582,-8.831582,-0.48158205,4.708418,2.368418,2.628418,2.608418,3.408418,1.9184179,2.168418,3.938418,2.418418,0.51841795,-3.241582,-3.121582,-7.411582
-0.24158204,-1.791582,-2.621582,-3.631582,-2.921582,-2.381582,-2.311582,-1.5915821,-0.761582,-2.2515821,-0.811582,-2.281582,-1.8115821,-3.681582,-3.581582,-3.931582,-3.491582,-2.321582,-3.631582,-4.561582,-3.321582,-2.621582,-2.461582,-2.7615821,-3.531582,-4.431582,-3.081582,-3.841582,-4.961582,-5.391582,-3.131582,-2.0015821,-3.341582,-3.881582,-5.061582,-6.481582,-6.551582,-7.051582,-7.351582,-7.031582,-6.581582,-7.711582,-6.781582,-7.591582,-7.191582,-4.1315823,0.71841794,3.198418,3.608418,2.898418,5.238418,4.5984178,3.588418,-0.061582033,-0.41158202,2.168418,-0.41158202,-2.191582,-4.451582,-8.081582
-0.561582,-0.561582,-0.11158203,0.40841797,-1.3215821,-1.501582,-1.981582,-1.751582,-1.9515821,-1.781582,-2.421582,-3.081582,-3.191582,-3.611582,-4.011582,-3.411582,-3.5215821,-3.041582,-3.201582,-5.081582,-3.661582,-2.921582,-3.741582,-4.661582,-4.301582,-4.031582,-4.301582,-4.261582,-4.441582,-4.931582,-2.931582,-2.861582,-3.901582,-4.171582,-5.391582,-6.011582,-6.321582,-6.731582,-6.8815823,-6.511582,-7.431582,-7.301582,-7.471582,-9.001582,-7.231582,-1.891582,2.468418,2.688418,5.018418,5.638418,4.898418,4.398418,3.098418,2.938418,1.268418,1.698418,2.208418,-4.291582,-6.961582,-8.711582
0.01841797,-1.9415821,-1.0615821,-1.391582,-1.521582,-1.881582,-0.87158203,-1.931582,-3.311582,-2.391582,-3.5015821,-2.991582,-3.131582,-3.291582,-3.141582,-3.741582,-4.1515822,-3.221582,-4.941582,-3.531582,-2.401582,-3.361582,-4.791582,-4.471582,-4.621582,-3.2715821,-4.961582,-4.861582,-4.761582,-3.571582,-3.341582,-2.2615821,-3.531582,-3.581582,-3.891582,-4.871582,-5.311582,-5.661582,-6.341582,-6.751582,-7.261582,-7.281582,-7.741582,-6.071582,-4.801582,-1.641582,0.43841797,2.688418,5.0984178,5.388418,5.3484178,3.438418,3.138418,0.83841795,1.368418,-0.92158204,-0.631582,-5.561582,-7.101582,-7.441582
-0.39158204,-1.761582,-1.881582,-1.8415821,-1.2115821,-2.481582,-3.371582,-2.7715821,-2.401582,-1.2015821,-1.431582,-2.631582,-2.361582,-2.541582,-3.851582,-4.471582,-4.191582,-5.461582,-3.161582,-2.461582,-3.7515821,-4.761582,-5.211582,-3.0015821,-4.051582,-4.541582,-5.6515822,-5.531582,-5.371582,-4.6315823,-3.2515821,-3.331582,-2.7615821,-3.081582,-3.191582,-3.851582,-3.871582,-4.741582,-5.441582,-6.031582,-6.961582,-6.941582,-7.101582,-7.681582,-5.3815823,-0.80158204,2.098418,3.288418,7.008418,5.728418,6.288418,5.3484178,3.858418,3.4784179,2.468418,0.32841796,-1.4615821,-2.211582,-3.241582,-3.791582
-0.771582,-0.36158204,-1.281582,-0.61158204,-1.801582,-3.371582,-1.0615821,-2.031582,-2.451582,-2.391582,-2.901582,-3.211582,-2.211582,-3.201582,-4.051582,-5.441582,-4.021582,-2.671582,-2.801582,-4.101582,-5.031582,-4.601582,-2.141582,-3.041582,-5.371582,-5.561582,-5.001582,-5.4015822,-4.931582,-4.331582,-4.141582,-2.7715821,-2.731582,-2.331582,-2.611582,-1.741582,-2.191582,-3.301582,-4.341582,-5.241582,-4.971582,-5.291582,-8.571582,-8.731582,-5.571582,-1.731582,3.188418,5.988418,5.388418,5.898418,6.338418,5.998418,4.378418,3.418418,3.378418,2.888418,-0.33158204,-0.771582,-2.331582,-3.631582
-1.661582,-0.651582,-1.0815821,-2.291582,-1.741582,-1.501582,-1.601582,-2.941582,-2.401582,-3.0115821,-2.881582,-2.301582,-2.351582,-2.7615821,-1.661582,-2.5015821,-2.0115821,-3.161582,-4.671582,-5.391582,-4.191582,-2.5215821,-4.461582,-5.421582,-5.761582,-6.281582,-5.461582,-5.4015822,-4.461582,-3.611582,-2.891582,-2.0115821,-1.391582,-0.80158204,-0.60158205,0.21841797,-0.97158206,-2.491582,-3.291582,-4.341582,-5.011582,-5.111582,-5.201582,-8.511582,-7.831582,-3.0215821,1.228418,4.948418,7.408418,5.608418,6.318418,5.568418,4.728418,4.238418,3.558418,4.018418,2.958418,0.94841796,-0.18158203,-2.831582
-1.761582,-0.49158204,-1.871582,-1.741582,-2.5015821,-2.491582,-2.141582,-1.9615821,-2.351582,-3.601582,-3.7715821,-3.621582,-1.421582,-2.421582,-3.141582,-2.791582,-5.791582,-5.4015822,-4.391582,-2.801582,-2.161582,-4.031582,-5.6515822,-6.071582,-6.031582,-5.751582,-5.191582,-3.281582,-2.441582,-2.951582,-2.161582,-1.541582,-0.78158206,0.25841796,0.38841796,0.20841797,-1.411582,-1.891582,-1.151582,-2.441582,-3.591582,-4.111582,-4.601582,-3.401582,-5.111582,-3.201582,0.13841797,6.308418,8.898418,3.938418,2.208418,4.438418,5.218418,3.7284179,4.048418,3.468418,3.648418,3.218418,1.098418,-0.581582
-1.921582,-2.161582,-2.411582,-2.821582,-2.451582,-3.5015821,-3.231582,-2.471582,-2.981582,-2.731582,-2.651582,-1.851582,-2.601582,-3.091582,-5.211582,-4.991582,-5.801582,-3.051582,-1.551582,-1.551582,-5.171582,-5.891582,-5.8815823,-5.431582,-4.501582,-4.591582,-3.571582,-2.181582,-2.321582,-2.401582,-2.131582,-1.411582,0.14841796,0.14841796,-0.80158204,-1.641582,-0.79158205,-1.241582,-0.98158205,-0.60158205,-2.731582,-3.951582,-2.581582,-3.451582,-3.861582,-0.62158203,2.308418,2.898418,0.47841796,3.418418,1.948418,3.568418,3.278418,3.958418,3.858418,3.878418,4.198418,2.708418,1.478418,0.08841797
0.108417965,-1.291582,-0.761582,-1.881582,-2.371582,-2.221582,-3.401582,-3.481582,-3.041582,-3.281582,-4.341582,-4.591582,-5.111582,-4.291582,-5.171582,-4.1515822,-1.241582,-1.291582,-3.041582,-4.481582,-4.431582,-6.021582,-4.831582,-4.731582,-4.711582,-4.601582,-3.171582,-2.871582,-1.751582,-1.8315821,-2.2715821,-1.261582,0.36841798,-0.14158203,-0.30158204,-1.381582,-1.381582,0.548418,0.01841797,-0.651582,-2.811582,-2.581582,-2.941582,-1.721582,-1.661582,0.21841797,1.638418,2.868418,1.618418,0.06841797,-0.13158204,1.4384179,2.938418,4.808418,4.168418,4.248418,3.518418,2.548418,1.778418,0.668418
0.05841797,-0.39158204,-1.301582,-3.421582,-3.281582,-3.221582,-3.0115821,-3.0115821,-3.381582,-4.181582,-4.351582,-3.951582,-4.281582,-3.5115821,-2.601582,-1.5715821,-2.0015821,-3.421582,-5.211582,-5.511582,-5.951582,-5.831582,-5.281582,-4.281582,-5.051582,-4.641582,-4.611582,-1.901582,-1.171582,-1.391582,-0.26158202,0.30841798,1.4384179,2.788418,1.368418,1.6784179,3.908418,1.218418,-1.101582,-2.231582,-3.141582,-2.7515821,-3.111582,-2.701582,-1.5915821,0.42841798,0.808418,0.16841798,0.20841797,-0.021582032,-0.48158205,1.068418,3.358418,3.298418,4.308418,4.458418,4.608418,4.018418,2.918418,1.258418
0.44841796,-0.54158205,-1.6915821,-0.98158205,-0.87158203,-2.551582,-3.121582,-2.191582,-3.101582,-2.5115821,-2.571582,-2.171582,-2.551582,-2.811582,-2.0215821,-2.221582,-4.001582,-4.611582,-5.061582,-6.041582,-5.501582,-4.551582,-4.1315823,-4.041582,-4.911582,-5.511582,-4.571582,-0.28158203,0.28841797,1.388418,2.078418,2.2384179,3.798418,6.668418,6.918418,1.948418,1.4384179,0.57841796,-1.781582,-3.2615821,-4.931582,-3.921582,-2.481582,-0.651582,-1.261582,0.19841796,-0.021582032,-2.701582,-3.631582,-1.161582,0.30841798,0.598418,2.098418,4.028418,4.298418,4.278418,4.008418,4.138418,3.4784179,2.778418
0.83841795,-0.08158203,-1.4415821,-1.8215821,-1.501582,-1.051582,-1.251582,-2.2715821,-2.791582,-2.581582,-2.2515821,-2.661582,-2.901582,-3.391582,-4.3815823,-4.041582,-4.411582,-4.701582,-5.361582,-5.431582,-5.041582,-4.821582,-4.441582,-4.271582,-4.101582,-5.031582,-3.451582,-0.09158203,0.678418,2.628418,3.188418,1.818418,4.838418,5.708418,1.488418,1.348418,1.198418,0.83841795,-1.4615821,-1.421582,-0.74158204,-3.5015821,-2.441582,-1.7015821,-0.15158203,-0.36158204,-0.66158205,-1.3215821,-1.5915821,-1.021582,-0.29158202,0.848418,3.698418,3.858418,3.218418,4.038418,3.208418,3.788418,3.088418,1.6784179
0.58841795,-0.821582,-0.36158204,-0.37158203,-0.87158203,-1.261582,-1.641582,-1.771582,-2.391582,-3.2615821,-4.141582,-4.431582,-3.681582,-3.5215821,-4.491582,-4.171582,-5.241582,-4.481582,-5.661582,-5.071582,-5.751582,-5.141582,-4.611582,-3.931582,-4.001582,-2.471582,0.598418,0.96841794,1.898418,1.988418,3.158418,4.218418,5.8684177,5.958418,3.178418,0.88841796,0.82841796,-0.21158203,-1.111582,-1.181582,0.43841797,-1.101582,-0.55158204,-0.821582,-0.62158203,0.25841796,1.4084179,0.43841797,-0.501582,-0.811582,0.978418,2.508418,2.378418,2.568418,2.428418,2.968418,2.928418,3.168418,2.4884179,1.108418
-0.651582,-0.87158203,0.04841797,-0.751582,-1.171582,-1.601582,-1.171582,-1.241582,-1.631582,-0.87158203,-2.331582,-3.571582,-3.391582,-3.0015821,-3.391582,-3.491582,-4.361582,-4.291582,-4.281582,-4.911582,-5.061582,-4.751582,-4.861582,-3.211582,-2.241582,-1.111582,-0.16158204,0.07841797,6.438418,5.518418,5.778418,5.528418,5.268418,3.788418,2.778418,0.928418,-0.85158205,-1.151582,0.90841794,0.31841797,2.518418,0.87841797,2.4884179,4.6184177,3.338418,2.018418,1.478418,0.90841794,0.63841796,0.738418,1.608418,1.868418,1.628418,2.038418,2.678418,3.268418,2.908418,2.178418,2.088418,2.2384179
0.26841795,0.52841794,0.37841797,0.03841797,0.26841795,-0.84158206,-1.5715821,-0.40158203,-0.42158204,-0.48158205,-0.27158204,-1.301582,-2.121582,-2.581582,-3.0015821,-3.871582,-2.681582,-3.361582,-3.7615821,-3.571582,-1.891582,-0.571582,-0.73158205,-0.10158203,-0.901582,0.29841796,2.158418,3.618418,7.168418,6.428418,5.688418,5.608418,6.058418,4.358418,3.2484179,2.338418,0.87841797,0.03841797,-0.36158204,0.728418,3.628418,3.828418,4.308418,4.178418,5.518418,4.908418,2.368418,1.708418,1.7984179,2.4984179,1.968418,1.5584179,1.138418,1.2984179,2.358418,1.958418,1.7884179,2.188418,1.128418,1.758418
