json-data/2022072018.json
{"header": {"discipline":0,"disciplineName":"Meteorological products","gribEdition":2,"gribLength":79432,"center":7,"centerName":"US National Weather Service - NCEP(WMC)","subcenter":0,"refTime":"2022-07-20T18:00:00.000Z","significanceOfRT":1,"significanceOfRTName":"Start of forecast","productStatus":0,"productStatusName":"Operational products","productType":1,"productTypeName":"Forecast products","productDefinitionTemplate":0,"productDefinitionTemplateName":"Analysis/forecast at horizontal level/layer at a point in time","parameterCategory":2,"parameterCategoryName":"Momentum","parameterNumber":2,"parameterNumberName":"U-component_of_wind","parameterUnit":"m.s-1","genProcessType":2,"genProcessTypeName":"Forecast","forecastTime":0,"surface1Type":103,"surface1TypeName":"Specified height level above ground","surface1Value":10.0,"surface2Type":255,"surface2TypeName":"Missing","surface2Value":0.0,"gridDefinitionTemplate":0,"gridDefinitionTemplateName":"Latitude_Longitude","numberPoints":65160,"shape":6,"shapeName":"Earth spherical with radius of 6,371,229.0 m","gridUnits":"degrees","resolution":48,"winds":"true","scanMode":0,"nx":360,"ny":181,"basicAngle":0,"lo1":0.0,"la1":90.0,"lo2":359.0,"la2":-90.0,"dx":1.0,"dy":1.0}, "data":
[rows 104 to 129 of 181, columns 236 to 294 of 360]
-5.370072,-6.950072,-8.390072,-6.970072,-5.880072,-6.530072,-6.580072,-7.310072,-8.570072,-8.070072,-7.900072,-9.620072,-9.440072,-9.490072,-9.580072,-9.330072,-10.0000725,-9.0000725,-9.850072,-9.890072,-8.990072,-9.660072,-9.050072,-8.540072,-9.900072,-8.280072,-9.080072,-7.850072,-8.050072,-6.870072,-7.100072,-7.420072,-7.180072,-7.270072,-7.170072,-6.970072,-6.030072,-6.340072,-6.320072,-5.180072,-5.170072,-3.840072,-4.060072,-3.930072,-3.210072,-1.860072,-1.510072,-1.210072,3.759928,1.019928,-2.560072,2.099928,-0.560072,-0.18007202,-2.180072,-1.110072,-1.280072,-1.120072,-1.990072
-6.840072,-7.300072,-7.320072,-6.790072,-7.140072,-6.780072,-7.710072,-8.320072,-8.960072,-9.380072,-9.360072,-10.180072,-9.790072,-10.090072,-9.420072,-9.970072,-9.900072,-9.760072,-9.610072,-9.540072,-9.520072,-9.090072,-9.360072,-8.540072,-8.900072,-8.890072,-8.140072,-9.120072,-7.570072,-7.750072,-7.730072,-7.470072,-6.900072,-6.080072,-6.500072,-7.520072,-6.450072,-6.190072,-5.2400723,-5.530072,-4.840072,-3.950072,-3.320072,-3.330072,-3.230072,-1.860072,-2.190072,-1.880072,-1.740072,1.469928,4.189928,-0.44007203,0.96992797,0.649928,0.72992796,-3.470072,-1.520072,-0.560072,-0.980072
-5.910072,-7.790072,-8.180072,-7.650072,-7.590072,-7.670072,-8.280072,-9.040072,-8.450072,-9.420072,-9.240072,-10.700072,-9.850072,-9.180072,-10.480072,-9.470072,-9.900072,-10.070072,-9.390072,-9.740072,-8.950072,-9.420072,-9.270072,-8.900072,-8.660072,-8.680072,-7.4900723,-8.560072,-7.800072,-7.470072,-6.830072,-7.2400723,-8.060072,-7.230072,-7.070072,-6.850072,-6.710072,-5.9900723,-4.930072,-5.140072,-4.220072,-3.850072,-2.760072,-2.940072,-2.740072,-2.430072,-1.660072,-1.880072,-1.620072,-2.410072,0.069927976,0.679928,0.809928,-0.71007204,-1.9200721,1.759928,-2.210072,-0.270072,-7.202148E-5
-5.780072,-6.980072,-6.930072,-7.850072,-7.780072,-8.130072,-9.220072,-9.770072,-9.690072,-9.390072,-9.870072,-8.970072,-9.020072,-10.190072,-9.720072,-9.880072,-8.170072,-9.280072,-8.520072,-9.180072,-8.790072,-9.100072,-8.530072,-9.610072,-7.790072,-8.900072,-7.190072,-7.220072,-8.270072,-7.010072,-7.410072,-7.720072,-8.240072,-7.420072,-7.680072,-7.310072,-6.930072,-6.230072,-5.970072,-5.310072,-4.030072,-3.310072,-3.040072,-2.060072,-1.5500721,-2.570072,-1.500072,-1.790072,-1.280072,-1.5600721,-1.480072,-0.870072,-0.02007202,1.249928,-1.540072,-0.20007202,-2.970072,0.07992798,-2.650072
-6.460072,-6.220072,-7.230072,-7.340072,-8.620072,-8.560072,-9.270072,-9.630072,-8.900072,-9.780072,-9.510072,-9.040072,-9.470072,-9.410072,-9.360072,-9.240072,-9.510072,-8.760072,-7.710072,-8.430072,-8.810072,-8.990072,-8.910072,-8.830072,-8.840072,-7.660072,-8.330072,-6.910072,-6.900072,-7.170072,-6.790072,-6.960072,-7.820072,-6.960072,-7.400072,-7.360072,-6.790072,-6.2400723,-5.600072,-4.660072,-4.430072,-3.190072,-2.340072,-2.720072,-1.3000721,-1.090072,-2.350072,-1.510072,-1.120072,-0.33007202,-0.65007204,-0.510072,0.11992798,1.5599279,2.749928,0.77992797,-0.70007205,2.659928,-1.260072
-6.880072,-5.590072,-6.880072,-8.150072,-7.180072,-8.070072,-7.980072,-8.200072,-9.480072,-8.330072,-8.940072,-9.620072,-9.360072,-8.600072,-8.640072,-8.990072,-9.200072,-7.500072,-8.5000725,-7.850072,-9.370072,-8.460072,-8.060072,-8.530072,-7.580072,-6.770072,-7.2400723,-7.090072,-6.540072,-6.480072,-6.600072,-7.450072,-7.020072,-6.770072,-6.650072,-6.650072,-5.9900723,-5.870072,-5.830072,-3.760072,-4.750072,-3.460072,-3.530072,-2.390072,-1.490072,-0.270072,-1.860072,-1.250072,-0.65007204,-0.44007203,-0.110072024,0.17992797,1.109928,0.959928,4.919928,2.8899279,-0.38007203,-0.690072,1.3299279
-6.450072,-6.620072,-7.010072,-6.960072,-8.200072,-7.560072,-8.070072,-7.960072,-6.890072,-6.850072,-8.850072,-8.190072,-7.510072,-7.350072,-8.950072,-8.320072,-8.380072,-8.060072,-8.240072,-8.190072,-8.150072,-7.020072,-7.650072,-7.730072,-7.650072,-6.550072,-7.760072,-6.730072,-5.380072,-5.700072,-5.730072,-6.610072,-6.790072,-6.290072,-6.810072,-6.290072,-6.200072,-5.920072,-5.410072,-2.910072,-3.520072,-3.230072,-2.830072,-2.730072,-1.6900721,-1.570072,-1.220072,-1.470072,-0.84007204,-0.23007202,0.53992796,0.13992798,1.649928,1.049928,3.099928,4.689928,-0.990072,3.479928,1.239928
-4.2400723,-5.620072,-5.320072,-6.470072,-6.2400723,-6.880072,-6.510072,-5.200072,-7.710072,-6.520072,-5.610072,-7.880072,-7.530072,-6.760072,-8.290072,-8.0000725,-8.150072,-7.610072,-7.2400723,-7.310072,-7.140072,-6.960072,-7.110072,-6.400072,-7.030072,-6.790072,-6.710072,-5.430072,-5.300072,-4.7400723,-5.960072,-4.570072,-5.290072,-6.090072,-6.9900723,-6.210072,-4.540072,-5.270072,-3.760072,-2.990072,-2.280072,-1.910072,-2.930072,-2.840072,-1.910072,-0.90007204,-0.65007204,-0.25007203,-0.24007203,-0.870072,0.21992798,0.46992797,0.869928,0.71992797,3.159928,3.799928,-0.31007203,2.159928,3.899928
-2.780072,-3.230072,-4.390072,-5.450072,-4.510072,-5.380072,-6.360072,-4.690072,-6.040072,-5.660072,-5.610072,-5.770072,-5.370072,-8.070072,-7.570072,-6.610072,-7.580072,-5.7400723,-5.890072,-6.470072,-6.230072,-4.840072,-5.890072,-5.190072,-4.330072,-4.570072,-4.100072,-2.420072,-3.650072,-2.980072,-3.970072,-3.150072,-4.9900723,-5.560072,-5.400072,-5.050072,-4.860072,-5.020072,-4.180072,-3.550072,-2.160072,-1.830072,-3.670072,-3.210072,-1.4400721,-0.32007203,-1.1700721,-0.15007202,0.059927978,-0.430072,0.579928,0.53992796,0.14992797,0.46992797,1.109928,4.969928,3.599928,4.329928,4.809928
-3.670072,-3.330072,-3.6100721,-2.830072,-3.310072,-4.750072,-4.850072,-4.090072,-3.720072,-3.930072,-5.200072,-5.460072,-5.850072,-4.690072,-5.930072,-5.860072,-5.370072,-4.310072,-5.690072,-5.330072,-3.470072,-3.850072,-3.330072,-2.020072,0.35992798,-0.36007202,-0.58007205,-0.58007205,-0.750072,-1.360072,-1.000072,-2.000072,-4.250072,-4.610072,-5.2400723,-4.270072,-3.740072,-3.640072,-3.940072,-2.990072,-2.570072,-3.200072,-3.020072,-2.800072,-1.650072,-0.31007203,-1.400072,-1.0500721,-0.24007203,-0.10007202,0.16992798,-0.690072,0.97992796,2.399928,3.559928,6.5099277,1.929928,5.659928,0.59992796
-1.750072,-2.030072,-2.320072,-1.850072,-1.580072,-2.490072,-3.660072,-2.850072,-3.140072,-3.700072,-3.980072,-2.960072,-4.550072,-4.830072,-4.530072,-4.580072,-4.830072,-3.710072,-3.750072,-3.1200721,-2.420072,-1.280072,0.22992797,1.3099279,2.849928,3.459928,0.20992798,-3.010072,0.899928,2.519928,1.509928,-1.3000721,-2.630072,-3.770072,-4.080072,-3.6100721,-3.750072,-2.960072,-3.030072,-3.410072,-3.130072,-3.230072,-3.060072,-2.470072,-1.9300721,-1.730072,0.059927978,-0.670072,-0.95007205,-0.10007202,0.26992798,1.249928,0.829928,1.8199279,2.519928,4.769928,3.399928,1.889928,2.829928
-0.460072,-0.810072,-0.72007203,-1.1900721,-1.6800721,-2.790072,-4.500072,-3.170072,-2.340072,-2.330072,-2.160072,-0.77007204,-1.450072,-1.710072,-3.570072,-2.510072,-2.140072,-1.490072,-1.000072,0.08992798,0.96992797,0.999928,2.329928,3.119928,4.829928,-2.090072,-2.700072,-3.250072,-1.640072,-0.70007205,-2.020072,1.739928,-1.4400721,-3.080072,-3.130072,-3.040072,-3.190072,-2.750072,-2.6200721,-4.450072,-4.140072,-2.630072,-1.780072,-2.950072,-2.630072,-2.330072,-0.52007204,-0.36007202,-1.240072,-0.16007203,0.04992798,1.289928,1.769928,2.239928,-0.32007203,-1.290072,2.079928,2.089928,1.839928
1.5799279,1.359928,1.5699279,0.72992796,-0.58007205,-0.620072,-2.210072,-1.640072,-1.070072,-2.3700721,-0.48007202,-0.570072,0.10992798,-3.390072,-1.1900721,-0.44007203,0.97992796,1.9499279,2.009928,2.3899279,3.6399279,3.869928,4.029928,2.689928,1.899928,-4.2400723,-2.6200721,-2.580072,-2.160072,-2.280072,-1.340072,-0.02007202,-0.750072,-1.460072,-1.660072,-2.350072,-2.230072,-1.8000721,-3.040072,-3.230072,-3.690072,-3.1100721,-3.060072,-3.100072,-3.440072,-2.990072,-2.100072,-1.600072,-2.080072,-0.38007203,0.449928,0.27992797,-0.030072022,1.369928,3.349928,-0.540072,3.999928,4.149928,-1.720072
3.219928,3.149928,2.099928,2.969928,1.4499279,0.96992797,0.43992797,-0.430072,0.23992798,0.23992798,1.5599279,1.139928,1.3099279,0.449928,1.429928,1.909928,2.429928,3.819928,4.329928,4.5099277,-0.510072,0.14992797,-2.340072,-1.110072,-5.130072,-3.900072,-4.540072,-2.8700721,-2.840072,-2.570072,-1.760072,-0.42007202,-0.820072,0.52992797,-0.660072,-1.160072,-0.870072,-1.840072,-2.470072,-3.100072,-2.280072,-3.910072,-3.840072,-3.000072,-2.240072,-3.8600721,-2.670072,-2.570072,-1.890072,-1.880072,-0.270072,0.07992798,1.019928,0.959928,-0.06007202,-1.150072,3.449928,6.339928,3.589928
4.519928,3.929928,3.929928,3.029928,2.259928,1.6899279,1.729928,2.109928,2.549928,3.579928,2.159928,2.669928,1.5599279,2.619928,3.479928,3.569928,5.269928,-0.16007203,0.959928,0.289928,0.30992797,-1.450072,-2.270072,-4.000072,-3.740072,-3.970072,-3.230072,-3.150072,-2.490072,-0.18007202,-3.240072,-2.940072,-0.820072,-1.260072,0.069927976,-0.680072,0.349928,-1.210072,-1.280072,-2.210072,-2.670072,-3.170072,-3.160072,-1.980072,-1.950072,-4.220072,-2.900072,-2.940072,-2.900072,-2.3600721,-1.6700721,-0.52007204,-0.44007203,0.71992797,1.719928,4.629928,6.429928,-1.570072,1.279928
7.309928,5.309928,5.019928,5.2599277,4.629928,3.489928,3.199928,3.8799279,2.799928,3.299928,4.649928,4.059928,4.039928,4.719928,4.749928,3.729928,0.629928,0.259928,0.29992798,0.12992798,-0.500072,-0.33007202,-0.880072,-3.160072,-2.160072,-4.140072,-2.840072,-2.570072,-1.4300721,-0.570072,-1.760072,-2.850072,-3.050072,-3.170072,0.629928,-0.13007203,0.22992797,1.779928,1.0599279,-0.540072,-0.15007202,-0.600072,-0.48007202,-0.31007203,-0.22007202,-3.030072,-3.430072,-3.400072,-3.140072,-2.200072,-1.610072,-0.810072,0.66992795,0.689928,2.3899279,7.839928,9.849928,-1.820072,-0.270072
-3.380072,-1.000072,7.939928,5.969928,6.579928,5.459928,4.119928,4.299928,4.749928,4.209928,4.849928,5.089928,5.299928,5.669928,6.0099277,4.979928,2.669928,1.8199279,1.669928,2.149928,1.759928,1.4499279,-1.030072,-0.90007204,-1.020072,-1.770072,-1.340072,-1.6700721,-0.84007204,-0.030072022,-0.540072,-0.660072,-0.96007204,-1.590072,-0.630072,2.399928,1.459928,3.119928,3.779928,2.899928,2.249928,1.8099279,1.989928,1.4399279,0.45992798,-1.1800721,-1.4400721,-2.940072,-2.570072,-2.030072,-1.960072,-0.09007202,1.3199279,2.6299279,-0.13007203,4.289928,0.23992798,-3.1200721,-1.740072
-0.24007203,-0.510072,-0.980072,3.089928,7.199928,6.169928,5.939928,5.399928,5.539928,4.939928,6.769928,6.169928,6.269928,6.0099277,6.329928,3.269928,3.009928,3.119928,2.779928,2.089928,2.599928,2.289928,2.599928,1.019928,1.709928,0.26992798,-0.030072022,-0.02007202,1.399928,0.72992796,1.279928,0.679928,0.78992796,0.30992797,0.10992798,0.349928,4.089928,5.5099277,5.349928,4.869928,4.529928,4.179928,2.979928,1.839928,1.259928,1.279928,0.749928,-1.110072,-0.750072,-0.880072,-0.670072,-0.78007203,0.379928,1.6999279,2.919928,4.889928,0.90992796,-0.90007204,-2.590072
2.429928,2.509928,1.669928,3.299928,0.839928,6.229928,7.449928,6.909928,6.659928,6.799928,6.419928,8.129928,6.879928,6.959928,6.629928,3.3899279,2.659928,3.299928,4.169928,3.909928,4.419928,4.479928,3.709928,3.519928,1.659928,4.199928,3.519928,2.669928,2.779928,2.419928,3.239928,3.319928,2.989928,2.699928,2.779928,2.939928,3.229928,3.459928,4.709928,6.169928,6.059928,5.649928,4.919928,3.799928,3.369928,2.499928,2.289928,1.629928,1.1999279,0.699928,0.53992796,0.24992798,0.84992796,1.609928,6.779928,2.729928,-2.310072,-2.590072,-2.060072
5.829928,4.459928,5.139928,5.519928,4.849928,3.469928,2.419928,10.389928,8.129928,7.499928,7.869928,8.369928,8.559928,8.169928,7.639928,5.829928,5.609928,4.559928,5.139928,5.5099277,5.239928,5.569928,4.7599277,4.389928,4.439928,4.879928,4.929928,4.289928,4.309928,5.289928,5.729928,5.599928,4.689928,4.419928,4.589928,5.059928,4.579928,5.349928,5.189928,4.639928,5.999928,7.599928,7.059928,6.619928,5.329928,4.049928,3.559928,3.3799279,2.909928,2.479928,2.149928,1.5699279,2.289928,1.679928,4.449928,-1.580072,0.19992799,-1.750072,0.20992798
7.559928,7.149928,7.359928,4.869928,6.499928,8.369928,6.179928,3.349928,1.289928,8.489928,8.599928,8.849928,8.719928,8.289928,7.419928,7.029928,6.449928,6.059928,5.859928,5.859928,5.789928,5.349928,5.439928,5.349928,4.779928,5.079928,5.079928,5.149928,5.549928,5.579928,6.099928,6.299928,5.869928,5.559928,4.929928,4.959928,4.669928,5.219928,5.439928,4.919928,4.229928,5.2599277,6.589928,7.5099277,6.019928,6.429928,6.299928,5.799928,4.319928,3.429928,2.829928,2.099928,3.3799279,1.549928,2.239928,0.91992795,0.96992797,4.019928,7.739928
10.609928,8.979928,9.219928,8.529928,7.269928,7.249928,8.7499275,5.939928,2.679928,2.419928,2.609928,10.429928,9.559928,9.059928,9.049928,8.829928,8.689928,7.799928,6.999928,6.909928,6.279928,5.869928,5.829928,5.789928,6.089928,5.859928,5.709928,5.479928,5.769928,6.049928,6.789928,6.459928,6.019928,6.249928,5.539928,5.219928,5.7599277,5.769928,5.599928,4.819928,4.239928,4.699928,5.429928,6.499928,6.929928,7.159928,7.279928,6.439928,6.269928,5.039928,2.589928,1.6899279,-0.04007202,1.879928,6.049928,2.499928,0.38992798,2.969928,4.889928
11.119928,11.079928,9.489928,9.849928,7.679928,8.189928,8.739928,7.179928,6.689928,2.709928,3.859928,0.679928,4.689928,10.719928,10.2499275,9.779928,10.019928,10.079928,8.589928,8.179928,7.749928,7.2599277,6.459928,6.849928,7.0099277,6.769928,6.309928,6.629928,6.419928,6.159928,7.029928,6.959928,6.609928,6.219928,6.159928,6.129928,6.279928,6.249928,5.799928,5.869928,6.0099277,6.299928,6.199928,6.559928,6.949928,6.7599277,7.039928,7.159928,7.159928,5.969928,5.059928,2.079928,-0.19007201,1.3299279,6.889928,5.889928,-1.1800721,2.749928,3.019928
11.389928,11.259928,11.379928,10.139928,9.439928,8.769928,7.5099277,7.059928,5.269928,4.069928,5.839928,4.179928,-0.78007203,-2.840072,4.089928,11.2499275,10.429928,11.209928,9.959928,9.439928,8.459928,8.389928,7.939928,6.719928,7.159928,7.779928,6.769928,7.519928,7.419928,6.7599277,6.839928,6.989928,6.389928,5.969928,5.929928,6.179928,6.179928,6.619928,5.669928,5.999928,6.299928,6.679928,7.269928,7.339928,7.479928,7.789928,7.699928,7.329928,7.029928,6.299928,4.889928,1.539928,2.959928,3.999928,12.389928,3.059928,-1.510072,-0.14007202,2.729928
12.759928,12.069928,11.319928,10.839928,10.599928,9.179928,8.819928,6.619928,8.369928,5.819928,6.549928,1.139928,1.409928,2.079928,-0.52007204,0.91992795,3.049928,11.169928,10.759928,10.129928,9.789928,9.269928,9.349928,8.479928,8.349928,10.689928,8.169928,7.669928,7.799928,7.269928,7.439928,6.589928,5.549928,5.349928,5.539928,5.369928,5.719928,4.709928,1.619928,1.979928,-0.270072,1.349928,1.919928,0.11992798,0.14992797,6.869928,8.579928,8.719928,8.449928,7.719928,6.149928,0.97992796,0.53992796,7.699928,10.839928,9.279928,5.529928,1.3299279,3.189928
13.299928,13.169928,12.439928,11.819928,10.709928,9.779928,8.549928,7.559928,7.249928,6.799928,5.2599277,4.279928,4.149928,6.169928,4.569928,2.099928,-4.980072,-2.210072,8.899928,10.819928,11.009928,9.269928,8.439928,7.369928,7.019928,8.779928,9.869928,8.739928,8.049928,5.939928,4.019928,4.149928,-1.880072,-6.7400723,-6.900072,-5.130072,-3.500072,-1.860072,0.09992798,2.119928,2.579928,2.729928,3.799928,3.759928,3.729928,5.139928,6.419928,6.149928,3.019928,9.859928,10.419928,3.589928,2.499928,8.229928,19.519928,12.279928,12.299928,12.299928,10.619928
