json-data/2022072800.json
{"header": {"discipline":0,"disciplineName":"Meteorological products","gribEdition":2,"gribLength":79514,"center":7,"centerName":"US National Weather Service - NCEP(WMC)","subcenter":0,"refTime":"2022-07-28T00:00:00.000Z","significanceOfRT":1,"significanceOfRTName":"Start of forecast","productStatus":0,"productStatusName":"Operational products","productType":1,"productTypeName":"Forecast products","productDefinitionTemplate":0,"productDefinitionTemplateName":"Analysis/forecast at horizontal level/layer at a point in time","parameterCategory":2,"parameterCategoryName":"Momentum","parameterNumber":3,"parameterNumberName":"V-component_of_wind","parameterUnit":"m.s-1","genProcessType":2,"genProcessTypeName":"Forecast","forecastTime":0,"surface1Type":103,"surface1TypeName":"Specified height level above ground","surface1Value":10.0,"surface2Type":255,"surface2TypeName":"Missing","surface2Value":0.0,"gridDefinitionTemplate":0,"gridDefinitionTemplateName":"Latitude_Longitude","numberPoints":65160,"shape":6,"shapeName":"Earth spherical with radius of 6,371,229.0 m","gridUnits":"degrees","resolution":48,"winds":"true","scanMode":0,"nx":360,"ny":181,"basicAngle":0,"lo1":0.0,"la1":90.0,"lo2":359.0,"la2":-90.0,"dx":1.0,"dy":1.0}, "data":
[rows 0 to 26 of 181, columns 248 to 309 of 360]
-0.4938501,-0.5838501,-0.6838501,-0.7738501,-0.8638501,-0.9638501,-1.05385,-1.1438501,-1.2338501,-1.3338501,-1.42385,-1.5138501,-1.6038501,-1.69385,-1.7838501,-1.8738501,-1.9538502,-2.0438502,-2.13385,-2.22385,-2.3038502,-2.39385,-2.47385,-2.5538502,-2.64385,-2.72385,-2.8038502,-2.88385,-2.96385,-3.0438502,-3.12385,-3.19385,-3.2738502,-3.3438501,-3.42385,-3.49385,-3.5638502,-3.63385,-3.70385,-3.7738502,-3.8338501,-3.90385,-3.96385,-4.03385,-4.09385,-4.15385,-4.21385,-4.27385,-4.33385,-4.38385,-4.44385,-4.49385,-4.54385,-4.59385,-4.6438503,-4.69385,-4.74385,-4.78385,-4.82385,-4.86385,-4.9138503,-4.94385
0.2861499,0.1761499,0.066149905,-0.043850098,-0.1438501,-0.2538501,-0.3638501,-0.4738501,-0.5838501,-0.7038501,-0.8038501,-0.9238501,-1.0338501,-1.1438501,-1.2638501,-1.3738501,-1.4838501,-1.6038501,-1.7238501,-1.8338501,-1.94385,-2.0638502,-2.17385,-2.2938502,-2.40385,-2.5238502,-2.64385,-2.7638502,-2.87385,-2.98385,-3.1038501,-3.21385,-3.3238502,-3.43385,-3.5338502,-3.63385,-3.72385,-3.8238502,-3.91385,-3.99385,-4.05385,-4.12385,-4.19385,-4.25385,-4.30385,-4.35385,-4.40385,-4.4338503,-4.46385,-4.49385,-4.52385,-4.55385,-4.57385,-4.60385,-4.63385,-4.6638503,-4.69385,-4.71385,-4.73385,-4.74385,-4.76385,-4.78385
0.4061499,0.3061499,0.2061499,0.106149904,0.016149903,-0.0838501,-0.1738501,-0.2838501,-0.4138501,-0.5338501,-0.66385007,-0.8238501,-0.9738501,-1.1238501,-1.2838501,-1.4138501,-1.55385,-1.68385,-1.8338501,-1.9938501,-2.15385,-2.3138502,-2.42385,-2.50385,-2.5738502,-2.62385,-2.63385,-2.62385,-2.62385,-2.65385,-2.73385,-2.8238502,-2.92385,-3.0338502,-3.13385,-3.24385,-3.3538501,-3.45385,-3.5538502,-3.65385,-3.73385,-3.8138502,-3.88385,-3.95385,-4.02385,-4.08385,-4.13385,-4.1838503,-4.24385,-4.30385,-4.35385,-4.40385,-4.44385,-4.48385,-4.52385,-4.56385,-4.59385,-4.62385,-4.6438503,-4.6638503,-4.67385,-4.67385
-2.5438502,-2.64385,-2.7638502,-2.87385,-2.89385,-2.90385,-2.94385,-3.1038501,-3.25385,-3.44385,-3.62385,-3.7838502,-3.8438501,-3.89385,-3.95385,-4.00385,-4.05385,-4.1438503,-4.23385,-4.30385,-4.37385,-4.4338503,-4.4338503,-4.44385,-4.53385,-4.63385,-4.73385,-4.81385,-4.8938503,-4.86385,-4.80385,-4.77385,-4.71385,-4.61385,-4.53385,-4.4338503,-4.34385,-4.33385,-4.34385,-4.34385,-4.34385,-4.33385,-4.32385,-4.32385,-4.30385,-4.29385,-4.26385,-4.23385,-4.2238503,-4.21385,-4.2038503,-4.2038503,-4.2038503,-4.2038503,-4.19385,-4.1838503,-4.19385,-4.21385,-4.21385,-4.2238503,-4.24385,-4.25385
-2.17385,-2.25385,-2.2838502,-2.24385,-2.22385,-2.2638502,-2.2738502,-2.2938502,-2.41385,-2.5838501,-3.0838501,-3.68385,-3.7838502,-3.8038502,-3.45385,-3.16385,-3.11385,-3.0738502,-3.0338502,-2.99385,-2.97385,-2.97385,-3.0138502,-3.0638502,-3.13385,-3.18385,-3.24385,-3.3038502,-3.36385,-3.38385,-3.41385,-3.45385,-3.47385,-3.44385,-3.40385,-3.36385,-3.3438501,-3.3538501,-3.37385,-3.40385,-3.40385,-3.3538501,-3.3238502,-3.36385,-3.42385,-3.46385,-3.46385,-3.45385,-3.47385,-3.48385,-3.48385,-3.48385,-3.45385,-3.44385,-3.44385,-3.43385,-3.41385,-3.40385,-3.44385,-3.50385,-3.5138502,-3.49385
-3.5638502,-3.69385,-3.74385,-3.8038502,-3.8438501,-3.92385,-3.96385,-3.92385,-3.71385,-3.61385,-3.5738502,-3.70385,-3.73385,-3.73385,-3.7638502,-3.8138502,-3.86385,-3.8538501,-3.73385,-3.5938501,-3.45385,-3.38385,-3.3238502,-3.3238502,-3.3238502,-3.3238502,-3.2938502,-3.2638502,-3.21385,-3.18385,-3.15385,-3.11385,-3.0838501,-3.0738502,-3.0738502,-3.0538502,-3.0338502,-3.00385,-2.95385,-2.88385,-2.8338501,-2.7838502,-2.74385,-2.68385,-2.63385,-2.6038501,-2.5838501,-2.5838501,-2.62385,-2.74385,-2.8238502,-2.91385,-3.0238502,-3.0538502,-3.0338502,-2.98385,-3.0138502,-3.11385,-3.13385,-3.11385,-3.0838501,-3.0738502
-3.2738502,-3.16385,-2.93385,-2.65385,-2.40385,-2.23385,-2.19385,-2.3338501,-2.5238502,-2.71385,-2.92385,-3.17385,-3.38385,-3.5438502,-3.68385,-3.7738502,-3.8538501,-3.99385,-4.12385,-4.23385,-4.35385,-4.3938503,-4.36385,-4.31385,-4.24385,-4.1638503,-4.02385,-3.93385,-3.86385,-3.7938502,-3.72385,-3.5938501,-3.43385,-3.24385,-3.0938501,-3.00385,-2.91385,-2.8138502,-2.74385,-2.5938501,-2.47385,-2.42385,-2.3238502,-2.20385,-2.15385,-2.15385,-2.21385,-2.24385,-2.22385,-2.25385,-2.3238502,-2.42385,-2.5438502,-2.63385,-2.69385,-2.71385,-2.75385,-2.73385,-2.65385,-2.48385,-2.2738502,-2.0938501
-3.0538502,-3.17385,-3.3538501,-3.38385,-3.13385,-3.3538501,-3.5838501,-3.7838502,-4.1838503,-4.65385,-5.03385,-5.23385,-5.28385,-5.34385,-5.4338503,-5.53385,-5.59385,-5.63385,-5.74385,-5.85385,-5.92385,-6.10385,-6.23385,-6.29385,-6.30385,-6.21385,-5.98385,-5.82385,-5.79385,-5.85385,-6.05385,-5.75385,-4.6838503,-3.65385,-2.97385,-2.0638502,-1.44385,-1.6438501,-2.18385,-2.2838502,-1.6338501,-1.2138501,-1.0438501,-0.8738501,-0.5138501,-0.9938501,-0.8138501,-0.8138501,-1.06385,-1.4038501,-1.7938501,-1.94385,-1.9938501,-2.0338502,-2.0538502,-2.0838501,-2.0538502,-1.9738501,-1.8738501,-1.7938501,-1.7438501,-1.7238501
-4.07385,-4.32385,-4.60385,-4.94385,-5.29385,-5.6438503,-5.90385,-5.86385,-6.01385,-6.2238503,-6.3938503,-6.46385,-6.50385,-6.58385,-6.61385,-6.65385,-6.7238503,-6.78385,-6.71385,-6.42385,-6.00385,-5.83385,-5.61385,-4.08385,-2.0238502,-0.9638501,-0.6038501,-0.4538501,-0.5238501,-0.2638501,0.1661499,0.4861499,0.6561499,0.2861499,-0.3738501,-0.6338501,-0.5638501,-0.8238501,-1.8638501,-2.8438501,-2.73385,-1.9738501,-1.42385,0.58614993,-0.2638501,0.6561499,-0.2838501,-1.8638501,-2.99385,-4.38385,-5.11385,-5.00385,-4.19385,-3.22385,-2.93385,-2.61385,-0.9738501,-0.1038501,-1.69385,-2.3438501,-0.8938501,0.4061499
-2.8438501,-3.3238502,-3.71385,-3.94385,-4.15385,-4.38385,-4.56385,-4.67385,-5.23385,-5.57385,-5.58385,-5.50385,-5.9138503,-6.46385,-6.67385,-6.34385,-5.73385,-4.23385,-1.7438501,-0.5338501,-1.4738501,-3.18385,-3.15385,-0.5038501,-0.8538501,-0.8438501,0.4261499,0.7061499,-0.8638501,-2.0638502,-2.0838501,-2.3038502,-3.3138502,-2.12385,0.1661499,-1.4938501,-1.44385,0.9061499,1.68615,0.1961499,-1.3738501,0.016149903,0.83614993,-0.7238501,-2.8338501,-4.38385,-6.17385,-5.84385,-2.42385,-1.5938501,-3.2938502,-3.5838501,-1.0838501,-1.4038501,-0.7338501,0.4561499,1.1061499,1.5061499,1.4861499,1.5061499,1.7261499,1.7461499
-2.5738502,-2.73385,-2.92385,-3.20385,-3.50385,-3.64385,-3.89385,-3.8538501,-4.26385,-4.63385,-4.86385,-4.99385,-5.02385,-5.05385,-4.60385,-3.97385,-2.14385,-0.66385007,0.2161499,0.15614991,1.2761499,0.9961499,0.2461499,-1.6638501,-3.36385,-4.08385,-1.1138501,-2.91385,-3.8338501,-1.6238501,-0.9838501,0.4261499,0.0861499,-0.7738501,-1.2538501,-2.23385,-2.15385,-3.0938501,-2.0938501,-1.69385,-0.1938501,-1.3338501,-5.1438503,-8.653851,-5.6438503,-0.5838501,0.0961499,-0.023850098,0.3461499,-0.4838501,-0.7438501,0.3161499,2.1461499,2.88615,3.12615,3.6761498,3.9461498,3.6661499,3.27615,3.4261498,3.57615,3.79615
-2.24385,-2.2838502,-2.37385,-2.65385,-3.0338502,-3.68385,-3.7938502,-2.7638502,-3.3438501,-2.43385,-2.22385,-1.9938501,-1.8238502,-2.2738502,-2.5738502,-2.50385,-1.8838501,-0.9038501,-0.8038501,-1.4838501,-1.7238501,-1.4938501,-1.2338501,-1.3538501,1.0361499,0.2261499,-0.0538501,-0.4438501,0.3161499,1.0861499,1.2661499,0.3761499,1.0161499,1.0461498,0.8661499,1.1061499,1.31615,2.00615,-0.6938501,-2.95385,-3.44385,-2.21385,-0.4638501,0.2061499,-0.9038501,-1.8838501,1.7861499,2.77615,2.59615,2.4861498,2.51615,3.4661498,4.21615,4.38615,4.2961497,4.25615,4.26615,4.26615,4.2761497,4.26615,4.23615,4.20615
0.6461499,1.06615,-0.043850098,-0.5438501,-0.0638501,0.016149903,-0.2138501,-0.2838501,-0.3938501,-0.6738501,-0.30385008,1.2361499,1.7661499,0.8561499,-0.8738501,-1.8338501,-1.8938501,-0.5838501,-0.7538501,-1.3438501,-0.8138501,0.7261499,0.9361499,1.6761498,1.4161499,-0.0938501,0.2461499,-0.013850098,1.2661499,4.86615,0.8261499,0.4261499,-0.3538501,-0.7338501,-2.40385,-3.17385,-2.37385,-3.11385,-2.25385,-0.9638501,0.3461499,-1.9638501,-2.00385,-2.1038501,-1.7938501,-2.0338502,-1.3838501,0.3161499,1.7961498,2.51615,3.1761498,3.56615,3.79615,3.9061499,3.82615,3.62615,3.54615,3.54615,3.49615,3.56615,3.6461499,3.6661499
-0.9038501,-0.4638501,0.1361499,0.5161499,0.5061499,0.8261499,0.7961499,0.1361499,-0.9638501,-1.3738501,-1.5838501,-1.2038502,-0.6738501,0.15614991,-0.073850095,-1.31385,-0.66385007,-0.5238501,-0.9838501,-0.2138501,-0.30385008,-0.2538501,-0.5538501,0.4961499,0.1961499,1.0261499,1.8761499,-1.1338501,1.0261499,-0.9238501,-1.42385,1.2761499,1.9261498,1.32615,-0.2638501,-2.64385,-0.9438501,-0.0938501,-1.42385,-0.9238501,0.2461499,0.3461499,-1.1638501,-0.2938501,1.1561499,-0.043850098,-1.4038501,2.36615,2.9261498,2.32615,1.4261498,0.6461499,0.066149905,0.2861499,0.5361499,0.6661499,1.0461498,1.4261498,1.69615,2.09615,2.4661498,2.58615
0.44614992,-1.2538501,-0.3638501,0.066149905,-0.3338501,0.6761499,2.56615,1.3661499,1.31615,1.2561499,-0.66385007,0.3761499,1.6561499,2.6461499,1.82615,1.07615,0.9661499,-0.5138501,-1.7338501,-0.6838501,-0.9538501,-0.033850096,-0.6738501,-0.27385008,-0.5938501,-0.1238501,-1.2738501,-2.46385,-1.7938501,-0.5038501,2.86615,2.36615,1.1061499,-1.7438501,-2.44385,-2.93385,-0.9238501,-0.1538501,0.3061499,0.8161499,0.9561499,1.1761498,1.2161499,0.9161499,-1.55385,-2.21385,-1.7538501,-2.1038501,-1.2138501,-0.5338501,-0.043850098,-0.8038501,-0.4138501,-0.5538501,-0.113850094,-0.2838501,-0.033850096,0.3661499,1.2861499,1.6461499,1.9061499,2.1561499
1.1261499,2.30615,1.44615,2.2361498,1.56615,0.12614991,0.0961499,1.2461499,0.1661499,0.016149903,0.44614992,0.7361499,2.55615,2.60615,-0.6438501,-2.0738502,-0.5438501,-0.6938501,-0.8538501,-2.71385,-0.9238501,-1.55385,-1.5738502,-1.2738501,-1.80385,-0.9938501,-1.7138501,-1.8338501,-1.7338501,-1.3438501,-2.0938501,-0.5138501,-0.7438501,-3.86385,-4.32385,-3.2838502,-2.74385,-2.3138502,-2.0738502,-1.9738501,-2.0438502,-1.9838501,-2.0138502,-1.55385,1.1261499,2.99615,2.76615,2.81615,2.9361498,2.3961499,1.9161499,1.82615,1.56615,1.93615,0.4961499,-0.5738501,0.2161499,0.106149904,0.4661499,0.8961499,1.3561499,2.62615
-4.57385,-3.86385,-3.0438502,-2.62385,-1.8338501,-1.6438501,-1.1438501,-0.6138501,-2.0238502,-1.5938501,-1.55385,-1.8238502,-1.6138501,0.2661499,0.2461499,-0.2638501,-1.7238501,0.1961499,0.3761499,-0.3738501,-0.1738501,-1.4538502,-1.7538501,-1.93385,-2.47385,-2.7938502,0.4061499,-0.013850098,-0.8638501,0.5161499,-0.8238501,-2.99385,-2.66385,-2.47385,-1.94385,-1.2638501,-0.4638501,0.106149904,-0.5238501,-0.5138501,-0.023850098,0.3261499,1.2361499,1.5461498,1.8861499,2.27615,2.9361498,2.9361498,2.50615,2.12615,1.8461499,1.7761499,1.43615,1.8361499,2.2361498,1.2161499,0.1761499,2.27615,0.9661499,0.7061499,0.6361499,1.4261498
-3.0638502,-2.96385,-1.42385,-1.5738502,1.8361499,2.07615,2.59615,0.4061499,0.036149904,-1.2038502,2.37615,-0.3738501,0.1761499,-0.6038501,-2.0438502,-1.2238501,-2.24385,0.2061499,-0.0038500978,1.1761498,-3.67385,-5.96385,-7.28385,-4.76385,-4.25385,-3.89385,-8.903851,-1.1638501,-1.3538501,-1.5338501,-2.7638502,-0.2238501,-4.63385,0.4261499,-4.34385,-2.99385,-0.6938501,0.4661499,-0.8038501,-1.4738501,-1.4838501,-0.4638501,0.1361499,0.47614992,1.0461498,1.68615,1.7161499,1.7461499,1.7061499,2.60615,2.57615,2.7361498,2.50615,1.57615,1.19615,0.9661499,0.3961499,-0.8038501,-0.3338501,0.1761499,0.5261499,0.4961499
1.05615,0.2961499,-0.9538501,-0.8538501,2.4861498,5.22615,3.77615,2.1461499,1.3961499,2.08615,3.4861498,3.7161498,5.0461497,4.90615,3.75615,1.56615,-1.5838501,-0.1438501,-1.9938501,-0.9438501,-1.7738501,-1.7038502,-1.7438501,-1.8838501,-2.0538502,-1.7238501,-4.62385,-2.0738502,-0.7238501,-0.3438501,-1.17385,-2.5538502,-2.36385,-4.12385,-3.64385,-2.0138502,-1.0938501,-1.1038501,-1.7038502,-1.5938501,-1.1538501,-1.17385,-1.2738501,0.106149904,1.81615,3.1961498,2.4161499,2.24615,2.9661498,2.6961498,3.4361498,3.33615,3.08615,1.8661499,0.7061499,-0.0838501,-0.7138501,0.4861499,0.2361499,-0.6438501,0.2961499,-2.96385
-3.8538501,-2.89385,-2.5738502,-2.2938502,1.7161499,1.80615,1.5461498,1.6361499,3.77615,3.56615,2.29615,1.8461499,1.7661499,0.9961499,-0.0638501,-0.66385007,2.9061499,1.0461498,-1.1438501,1.9161499,1.6761498,-0.7538501,-1.06385,-0.9738501,-1.31385,-1.30385,-0.5938501,-1.0838501,-1.8338501,-1.4738501,-1.4838501,-0.2838501,-2.19385,-3.5138502,-1.4538502,2.9761498,1.5161499,-2.0538502,-3.6038501,-1.0938501,-0.9838501,-1.7438501,-2.13385,-0.1838501,2.9061499,3.58615,4.7761497,3.50615,3.1861498,3.11615,3.6861498,4.22615,3.59615,2.9561498,2.09615,0.3861499,0.47614992,1.0161499,0.3761499,-1.2038502,0.58614993,0.7861499
-3.17385,-4.07385,-5.06385,-4.2238503,-3.11385,-2.20385,-1.5838501,-0.4838501,-1.6438501,-1.6338501,4.40615,6.45615,3.50615,2.7261498,1.2961498,4.11615,6.66615,5.0861497,3.4561498,2.84615,0.5961499,1.2761499,2.1661499,1.44615,-0.2538501,-0.7138501,-0.2138501,2.8961499,-1.3838501,0.47614992,-0.0538501,0.9361499,1.55615,2.4861498,5.25615,2.86615,2.4461498,1.2861499,0.5761499,0.2861499,0.9561499,2.37615,3.07615,1.0861499,3.11615,4.75615,2.61615,3.3961499,3.24615,2.9161499,3.00615,4.05615,4.0261497,2.87615,1.2661499,-0.4838501,-1.81385,-2.17385,1.4161499,1.31615,-1.1238501,-0.2238501
-3.95385,-3.91385,-1.81385,-2.41385,-2.20385,-0.2538501,1.9061499,-0.3338501,0.15614991,0.036149904,3.02615,3.24615,2.52615,3.28615,1.1361499,3.11615,6.18615,5.5461497,4.55615,3.4161499,1.7861499,0.3561499,3.00615,-2.0438502,2.10615,1.8961499,1.8661499,0.9961499,-1.7238501,-3.75385,-2.8138502,-2.99385,-2.0838501,-0.113850094,2.7361498,-0.2138501,-1.80385,-0.113850094,-0.5538501,0.1861499,0.6561499,-1.7838501,-3.20385,-1.0938501,-0.7738501,0.6861499,1.4861499,1.3861499,1.8961499,2.1761498,2.7261498,2.4061499,2.6961498,2.58615,1.7061499,-0.3338501,-1.5738502,-2.7738502,-2.44385,-1.6238501,-2.41385,-1.1338501
-0.30385008,2.08615,0.5961499,0.3061499,1.1461499,-0.5638501,-2.5338502,-2.41385,-2.16385,-0.6338501,0.83614993,0.2361499,-1.18385,-0.6338501,-1.0238501,0.8561499,-1.0738502,-0.023850098,2.7361498,3.2261498,-1.2038502,-2.8338501,-2.13385,-3.00385,-0.3138501,-1.5838501,-1.9738501,-4.32385,-5.40385,-6.27385,-5.38385,-1.1338501,0.1861499,1.9161499,3.83615,1.68615,0.1161499,-0.6238501,0.15614991,3.36615,3.7161498,1.69615,0.1861499,0.2561499,-1.18385,3.05615,3.60615,0.8561499,2.24615,1.7361499,2.38615,2.4861498,3.28615,3.49615,1.6561499,-0.1938501,-2.8438501,-2.74385,-3.67385,-1.5738502,-1.2638501,0.9961499
-2.5538502,-3.90385,-5.75385,-6.03385,-5.37385,-6.23385,-5.6838503,-5.29385,-3.8338501,-4.17385,-3.8538501,-4.36385,-6.73385,-6.1438503,0.2161499,4.0661497,2.36615,2.62615,4.51615,0.9461499,-1.0838501,-3.0138502,-3.70385,-4.42385,-5.42385,-4.08385,-4.31385,-5.33385,-4.54385,-4.77385,-3.86385,3.53615,3.2261498,4.16615,3.53615,0.8161499,1.2361499,2.31615,2.05615,2.24615,0.44614992,-1.2238501,-1.7538501,-2.3438501,-2.15385,0.83614993,0.9661499,1.6561499,-0.3438501,0.7661499,1.07615,6.32615,3.2361498,2.6961498,1.5361499,-1.0838501,-2.72385,-4.4338503,-5.46385,0.2861499,-1.3538501,0.1361499
-2.7638502,-2.22385,-1.7238501,-2.86385,-3.5238502,-3.66385,-2.64385,-5.05385,-6.7238503,-8.05385,-7.00385,-6.9538503,1.1261499,2.3961499,3.4361498,1.4961499,3.1761498,2.1561499,0.4161499,-1.7138501,-2.5738502,-4.4338503,-4.96385,-5.27385,-5.06385,1.2461499,6.34615,0.3461499,2.7161498,3.53615,3.54615,3.84615,3.81615,3.2261498,3.33615,3.1861498,3.31615,1.82615,0.1461499,-2.0938501,-3.0438502,-3.93385,-3.98385,-3.49385,-3.41385,2.2261498,1.9061499,1.1461499,0.3761499,1.2761499,2.4561498,3.27615,3.27615,1.81615,0.7061499,-1.4738501,-3.5438502,-4.79385,-6.57385,-0.27385008,-2.2838502,-2.7938502
-3.12385,-2.63385,-3.3438501,-3.6038501,-3.90385,-2.42385,-3.64385,-6.2238503,-5.32385,-7.51385,0.106149904,3.6961498,3.29615,1.82615,-0.4438501,0.4261499,1.0861499,-1.4038501,-3.69385,-3.74385,-5.3938503,-4.29385,-4.6638503,-3.61385,-3.95385,4.84615,0.9461499,0.2861499,-1.6438501,0.9261499,2.51615,2.9461498,3.24615,4.03615,3.85615,1.2961498,-3.97385,1.05615,2.2261498,3.88615,1.9861499,-0.4338501,0.2361499,-1.56385,-3.63385,-1.0838501,0.9661499,1.7961498,1.7961498,1.94615,1.8361499,2.04615,1.7961498,0.8661499,-0.3238501,-1.6438501,-2.99385,-4.40385,-6.49385,-7.1838503,-1.6538501,-3.46385
-4.63385,-3.3338501,-3.3338501,-3.69385,-4.42385,-3.8538501,0.1161499,-1.2438501,0.2561499,0.44614992,3.25615,0.0761499,-0.0938501,1.3661499,1.5161499,-0.7638501,-1.9738501,-0.5538501,-1.5238501,-1.8638501,-1.7038502,-1.8238502,7.21615,4.5661497,2.9061499,1.7461499,-0.3938501,3.13615,3.87615,3.49615,2.34615,2.36615,5.41615,2.1961498,0.8661499,0.47614992,2.33615,2.03615,0.9461499,0.066149905,-0.7238501,-2.70385,-4.51385,-1.30385,-2.97385,-3.13385,-2.0838501,0.5661499,0.9861499,1.07615,0.8261499,0.3261499,0.066149905,0.1961499,0.026149902,-0.8038501,-2.62385,-4.1638503,-6.1838503,-8.08385,-9.04385,-1.4038501
