json-data/2022072006.json
{"header": {"discipline":0,"disciplineName":"Meteorological products","gribEdition":2,"gribLength":79249,"center":7,"centerName":"US National Weather Service - NCEP(WMC)","subcenter":0,"refTime":"2022-07-20T06:00:00.000Z","significanceOfRT":1,"significanceOfRTName":"Start of forecast","productStatus":0,"productStatusName":"Operational products","productType":1,"productTypeName":"Forecast products","productDefinitionTemplate":0,"productDefinitionTemplateName":"Analysis/forecast at horizontal level/layer at a point in time","parameterCategory":2,"parameterCategoryName":"Momentum","parameterNumber":2,"parameterNumberName":"U-component_of_wind","parameterUnit":"m.s-1","genProcessType":2,"genProcessTypeName":"Forecast","forecastTime":0,"surface1Type":103,"surface1TypeName":"Specified height level above ground","surface1Value":10.0,"surface2Type":255,"surface2TypeName":"Missing","surface2Value":0.0,"gridDefinitionTemplate":0,"gridDefinitionTemplateName":"Latitude_Longitude","numberPoints":65160,"shape":6,"shapeName":"Earth spherical with radius of 6,371,229.0 m","gridUnits":"degrees","resolution":48,"winds":"true","scanMode":0,"nx":360,"ny":181,"basicAngle":0,"lo1":0.0,"la1":90.0,"lo2":359.0,"la2":-90.0,"dx":1.0,"dy":1.0}, "data":
[rows 0 to 24 of 181, columns 0 to 56 of 360]
-2.8320777,-2.7620776,-2.7020776,-2.6320777,-2.5620775,-2.4920776,-2.4220777,-2.3520777,-2.2820776,-2.2120776,-2.1420777,-2.0620775,-1.9920776,-1.9120777,-1.8420776,-1.7620777,-1.6920776,-1.6120776,-1.5320777,-1.4520776,-1.3820777,-1.3020777,-1.2220776,-1.1420777,-1.0620776,-0.98207766,-0.9020776,-0.82207763,-0.74207765,-0.66207767,-0.57207763,-0.49207765,-0.41207764,-0.33207762,-0.25207764,-0.16207764,-0.08207764,-0.0020776368,0.07792237,0.15792236,0.24792236,0.32792237,0.40792236,0.48792237,0.56792235,0.64792234,0.7379224,0.81792235,0.89792234,0.9779224,1.0579224,1.1379224,1.2179223,1.2979224,1.3679223,1.4479223,1.5279224
-4.4220777,-4.3520775,-4.3720775,-4.4020777,-4.4320774,-4.452078,-4.4820776,-4.5020776,-4.532078,-4.4820776,-4.3720775,-4.262078,-4.1320777,-4.0020776,-3.8820777,-3.7620776,-3.6420777,-3.5820777,-3.5420775,-3.5120776,-3.4820776,-3.4720776,-3.4620776,-3.4520776,-3.4520776,-3.4520776,-3.4620776,-3.4520776,-3.4520776,-3.4420776,-3.4320776,-3.4120777,-3.3920777,-3.3620777,-3.3320777,-3.2920775,-3.2420776,-3.1820776,-3.1120777,-3.0420775,-2.9720776,-2.8920777,-2.8120775,-2.7220776,-2.6320777,-2.5420775,-2.4220777,-2.3020775,-2.1820776,-2.0620775,-1.9320776,-1.8120776,-1.6820776,-1.5620776,-1.4320776,-1.3120776,-1.1920776
-5.2920775,-5.282078,-5.282078,-5.2720776,-5.2320776,-5.1920776,-5.1420774,-5.1120777,-5.0820775,-5.0620775,-5.0420775,-5.032078,-5.0220776,-5.012078,-5.0020776,-4.992078,-4.992078,-4.992078,-4.992078,-4.992078,-4.992078,-5.0020776,-5.0020776,-5.0020776,-4.9820776,-4.9620776,-4.9220777,-4.8820777,-4.8320775,-4.782078,-4.702078,-4.6220775,-4.5220776,-4.4220777,-4.3120775,-4.202078,-4.0820775,-3.9620776,-3.8420777,-3.7120776,-3.5820777,-3.4620776,-3.3420777,-3.2120776,-3.0820777,-2.9420776,-2.8020775,-2.6520777,-2.5020776,-2.3520777,-2.1820776,-2.0220776,-1.8620776,-1.7120776,-1.5520777,-1.3920777,-1.2420776
-5.9820776,-6.0220776,-6.032078,-6.012078,-5.972078,-5.8520775,-5.722078,-5.6120777,-5.512078,-5.4320774,-5.4320774,-5.4420776,-5.452078,-5.4620776,-5.472078,-5.472078,-5.452078,-5.4320774,-5.3620777,-5.302078,-5.242078,-5.202078,-5.1420774,-5.1020775,-5.0620775,-5.032078,-4.992078,-4.952078,-4.8920774,-4.8220778,-4.762078,-4.6820774,-4.5920777,-4.5020776,-4.4020777,-4.3220778,-4.2520776,-4.202078,-4.1620774,-4.1520777,-4.1320777,-4.1120777,-4.0620775,-3.9920776,-3.9220777,-3.8320777,-3.7020776,-3.5720778,-3.4020777,-3.2020776,-3.0120776,-2.8020775,-2.5720778,-2.3420777,-2.1720777,-1.9920776,-1.8320776
-5.6220775,-5.6320777,-5.6020775,-5.512078,-5.4220777,-5.4020777,-5.3920774,-5.3920774,-5.3820777,-5.302078,-5.2120776,-5.0720778,-4.9220777,-4.8120775,-4.722078,-4.6620774,-4.6520777,-4.6520777,-4.6620774,-4.6720777,-4.6420774,-4.5920777,-4.5220776,-4.4620776,-4.4620776,-4.512078,-4.6220775,-4.6720777,-4.6620774,-4.6220775,-4.5820775,-4.5420775,-4.5220776,-4.5020776,-4.472078,-4.4120774,-4.262078,-4.1320777,-4.0020776,-3.9020777,-3.8020775,-3.6820776,-3.5720778,-3.4720776,-3.3920777,-3.2920775,-3.1920776,-3.0920777,-2.9720776,-2.8020775,-2.5920777,-2.3720777,-2.1720777,-2.0120776,-1.9120777,-1.9320776,-2.0220776
-3.7320776,-3.7320776,-3.8220778,-3.9120777,-4.0020776,-4.0620775,-4.1020775,-4.1520777,-4.1520777,-4.1620774,-4.1420774,-4.1520777,-4.1620774,-4.2120776,-4.262078,-4.2920775,-4.262078,-4.222078,-4.222078,-4.262078,-4.302078,-4.3420777,-4.3820777,-4.3620777,-4.302078,-4.2320776,-4.1820774,-4.1820774,-4.1520777,-4.1420774,-4.1620774,-4.2120776,-4.282078,-4.3320775,-4.3620777,-4.4220777,-4.472078,-4.4320774,-4.262078,-4.0720778,-3.8220778,-3.5820777,-3.2920775,-3.1420777,-3.1320777,-3.1920776,-3.3320777,-3.5120776,-3.6720777,-3.5920777,-3.3920777,-2.9720776,-2.5820777,-2.2320776,-1.9920776,-1.8820777,-1.9620776
-2.4520776,-2.2720776,-2.0420775,-1.9620776,-2.0720778,-2.1520777,-2.1920776,-2.2720776,-2.4720776,-2.6220777,-2.6920776,-2.7120776,-2.8320777,-2.9220777,-3.0020776,-3.1020777,-3.1420777,-3.1820776,-3.1920776,-3.1620777,-3.0920777,-3.0920777,-3.1320777,-3.2320776,-3.3520777,-3.5020776,-3.7320776,-3.9720776,-4.0720778,-4.0020776,-3.8720777,-3.8120775,-3.7820776,-3.7320776,-3.6720777,-3.6220777,-3.5320776,-3.4720776,-3.5820777,-3.7220776,-3.7320776,-3.6320777,-3.4820776,-3.3920777,-3.4120777,-3.5020776,-3.4920776,-3.3120775,-3.0720778,-2.9720776,-3.0420775,-3.1320777,-3.0820777,-3.0420775,-2.9320776,-2.5720778,-2.2120776
-1.1520777,-1.3720776,-1.5720776,-1.7220776,-1.7620777,-1.7020776,-1.6820776,-1.6720777,-1.6620777,-1.6820776,-1.7420776,-1.9320776,-1.9820776,-2.0820777,-2.1520777,-2.2520776,-2.4520776,-2.5820777,-2.7020776,-2.7820776,-2.7420776,-2.6420777,-2.6320777,-2.6820776,-2.8820777,-3.1020777,-3.2420776,-3.1920776,-2.9920776,-2.7720776,-2.6220777,-2.5820777,-2.6920776,-2.7920775,-2.8620777,-2.7920775,-2.6720777,-2.3720777,-2.1220777,-1.9620776,-1.9920776,-2.1020777,-2.3020775,-2.3720777,-2.3320777,-2.2620776,-2.2020776,-2.4620776,-2.5720778,-2.6720777,-2.4720776,-2.0720778,-1.9220777,-1.9620776,-2.8020775,-3.2520776,-3.2220776
2.3979223,2.3379223,2.0479224,2.0379224,2.2779224,2.3079224,2.2679224,2.2379224,1.9979224,1.6379224,1.3379223,0.93792236,0.69792235,0.8579224,0.64792234,0.45792237,0.24792236,-0.32207763,-1.0520777,-1.2720777,-0.9520776,-0.5920776,-0.62207764,-1.0220777,-1.5220777,-1.9420776,-2.3320777,-1.8320776,-1.1120776,-0.9620776,-1.2820777,-1.5220777,-1.6620777,-1.6820776,-1.6020776,-1.5520777,-1.6720777,-1.9920776,-2.2220776,-2.3720777,-2.1220777,-1.6320777,-0.99207765,-0.98207766,-1.3520776,-1.6920776,-1.9920776,-1.7820777,-1.5920776,-1.8520776,-1.6820776,-1.1520777,-1.4120777,-1.8520776,-1.2620777,-1.4020777,-2.3820777
0.09792236,0.56792235,1.0479224,1.3979224,1.7479224,2.0879223,2.0379224,1.4979224,1.4979224,2.0179224,3.1379223,3.6879225,3.5579224,3.2079225,2.4879224,2.0279224,1.7879224,2.4279222,3.1179223,4.0579224,4.8779225,5.277922,4.8779225,4.0179224,3.4179223,3.4779224,3.1679223,2.6079223,2.0979223,1.9079224,1.6979223,1.0879223,0.20792237,0.5279224,0.6679224,0.28792235,-0.04207764,-0.56207764,-0.99207765,-1.4320776,-2.0420775,-2.2220776,-1.6820776,-1.2820777,-0.5820776,-0.6520776,-2.3220778,-2.8720777,-1.3220776,-1.7220776,-4.3620777,-4.5720778,-3.5520775,-1.3220776,-0.80207765,-3.0120776,-2.8920777
-0.04207764,0.19792236,0.5479224,0.9879224,1.1779224,1.4379224,1.7379223,1.9479223,2.0879223,2.0179224,2.0579224,2.4179223,2.7279224,0.58792233,-0.85207766,-2.1620777,-2.5320776,-2.5520775,-3.1320777,-1.8920777,-1.4020777,0.80792236,1.2779224,0.37792236,0.76792234,1.9579223,3.0879223,2.7479224,2.4879224,2.8679223,2.3579223,1.9679223,1.7079223,1.9379224,2.2079225,2.0379224,1.3579223,0.30792236,-0.31207764,-1.0820776,-1.8320776,-2.3820777,-3.9220777,-5.2520776,-6.1320777,-6.9020777,-8.002078,-8.512077,-7.8120775,-7.1020775,-7.7920775,-8.902078,-9.902078,-10.3120775,-9.642077,-10.482078,-10.092077
0.31792235,0.41792238,0.86792237,1.1579224,1.0879223,1.0479224,1.1279224,1.3279223,1.1579224,0.7279224,-0.43207765,-1.3420776,-2.0520775,-1.4820776,0.027922364,0.5279224,-0.17207764,-0.99207765,1.0779223,1.0379224,0.44792235,-1.4820776,-2.9320776,-2.4420776,-2.1920776,-1.5520777,-0.93207765,-0.44207764,-0.32207763,0.027922364,0.58792233,0.7779224,0.87792236,0.92792237,0.92792237,0.6079224,0.24792236,0.27792236,0.69792235,0.15792236,-1.2420776,-1.6820776,-1.7820777,-1.8820777,-1.8920777,-3.0520775,-4.3920774,-4.9320774,-5.6620774,-5.8620777,-5.472078,-5.7520776,-5.9320774,-5.952078,-6.4420776,-7.2120776,-7.6120777
0.43792236,0.32792237,0.20792237,0.40792236,0.62792236,0.64792234,0.35792238,0.21792236,0.49792236,0.58792233,0.56792235,0.9779224,1.3879224,1.0979223,0.8579224,0.55792236,-0.66207767,-1.1020776,-1.0420777,-1.6520777,-0.9620776,-0.20207764,-0.7220776,-0.38207763,-1.9520776,-2.4220777,-2.8720777,-2.9320776,-3.1520777,-2.7320776,-2.0320776,-1.5120777,-1.0020776,-0.6520776,-0.74207765,-1.0420777,-1.2520776,-0.98207766,-0.41207764,0.0079223635,-0.40207765,-0.6520776,-0.15207763,0.76792234,-0.5220776,-1.1320777,-0.6520776,-0.9620776,-1.2420776,-1.8720776,-2.9420776,-3.8220778,-4.4320774,-4.992078,-5.4020777,-5.5920777,-6.1520777
-1.0120777,-0.67207766,-0.9020776,-0.6520776,-0.052077636,0.06792236,-0.062077638,-0.31207764,-0.79207766,-0.80207765,-0.61207765,0.087922364,0.67792237,0.67792237,-0.19207764,-1.3720776,-0.7620776,-0.98207766,-2.0720778,-2.3220778,-1.7320776,-1.6420777,-1.5120777,-1.7220776,-1.1420777,-0.57207763,-1.2320776,-2.4020777,-3.3320777,-3.5420775,-3.2120776,-2.5020776,-2.0120776,-2.2420776,-2.3620777,-2.9020777,-3.0220776,-2.6920776,-2.5620775,-2.0420775,-1.6420777,-1.5520777,-1.6320777,-1.1120776,-0.44207764,0.18792236,-0.5120776,-0.5120776,-0.7120776,-0.35207763,0.30792236,0.7979224,0.07792237,-1.9020777,-2.7320776,-3.1020777,-3.4720776
-2.4220777,-2.9220777,-2.6920776,-2.6520777,-2.5620775,-1.9720776,-1.6120776,-1.3920777,-1.0120777,-0.22207764,-0.44207764,-1.7420776,-2.5820777,-3.4420776,-3.5520775,-2.5520775,-1.8620776,-1.2520776,-0.87207764,-0.31207764,0.037922364,-0.57207763,-0.85207766,-1.1020776,-1.4720776,-1.3520776,-1.7220776,-2.8320777,-3.1820776,-3.4620776,-3.8520777,-3.9520776,-3.3720777,-3.0420775,-3.2620776,-3.2520776,-3.2620776,-3.2520776,-3.5020776,-3.5920777,-3.6820776,-3.6420777,-3.2020776,-2.5320776,-1.9520776,-1.3520776,-0.98207766,-0.82207763,-0.82207763,-0.43207765,-0.28207764,-0.25207764,-0.07207764,-0.17207764,-0.69207764,-0.82207763,-1.0220777
-3.0020776,-3.2720776,-3.5620775,-3.9820776,-3.9220777,-3.7520776,-3.9020777,-3.8620777,-3.6520777,-3.4420776,-2.7520776,-1.6220776,-0.88207763,-0.5320776,-0.10207763,0.04792236,-0.032077637,-0.24207763,-0.93207765,-0.7620776,-0.62207764,-1.6020776,-0.7820776,-0.56207764,-0.57207763,-1.0920776,-1.7720777,-2.0420775,-2.7120776,-2.6620777,-2.9220777,-2.9820776,-2.6720777,-2.5820777,-2.8420777,-3.2020776,-3.4220777,-2.8920777,-2.2020776,-1.7820777,-1.9920776,-2.7620776,-3.1820776,-3.6720777,-3.4120777,-2.8920777,-2.6220777,-2.8020775,-2.6020777,-2.5320776,-2.2620776,-1.8420776,-1.9820776,-2.0620775,-2.0520775,-1.1420777,1.1279224
-4.2120776,-4.4120774,-4.2720776,-4.2720776,-4.1620774,-4.302078,-4.3720775,-4.2520776,-4.1820774,-3.7120776,-3.3520777,-3.4520776,-3.1520777,-2.5320776,-1.8920777,-1.5420777,-0.86207765,-0.91207767,-0.7720776,-0.6520776,-0.092077635,0.27792236,0.57792234,1.2379223,1.2879224,-0.10207763,-1.3220776,-2.0520775,-2.2520776,-2.6220777,-3.1220777,-3.1620777,-2.9720776,-3.0320776,-3.1920776,-3.0720778,-3.0720778,-2.7920775,-2.1720777,-1.6020776,-1.9920776,-2.1620777,-2.8220778,-3.2920775,-2.3020775,-2.3020775,-2.2020776,-2.0420775,-2.0120776,-1.8620776,-2.0020776,-2.1720777,-1.6520777,-1.2420776,-1.7120776,-1.9720776,-1.9820776
-4.6320777,-4.802078,-4.7720776,-4.952078,-5.052078,-4.8920774,-4.1220775,-5.3920774,-6.1920776,-5.6720777,-5.3320775,-5.4120774,-5.1520777,-4.2920775,-3.4520776,-2.5020776,-1.7320776,-1.7220776,-1.5020776,-0.81207764,-0.5120776,-0.42207763,-0.87207764,-0.48207763,0.42792237,-0.18207763,-1.6320777,-1.9820776,-1.7920777,-1.3420776,-1.8420776,-2.2520776,-3.6620777,-3.7720776,-3.5420775,-3.4420776,-3.5620775,-3.3920777,-3.6820776,-3.5920777,-3.8720777,-3.2620776,-3.1220777,-3.1520777,-2.4420776,-2.1820776,-2.2420776,-1.5620776,-1.5920776,-1.8020777,-2.2320776,-1.5220777,-0.7720776,0.42792237,-1.3320776,-1.7120776,-2.9720776
-4.5420775,-4.6220775,-4.6620774,-4.8520775,-5.0620775,-4.7720776,-4.4220777,-4.1320777,-4.5020776,-5.3920774,-5.3620777,-5.0220776,-5.3920774,-5.0720778,-4.2920775,-3.2620776,-2.8020775,-2.8720777,-2.5520775,-1.7720777,-1.5720776,-1.7320776,-1.5920776,-1.5120777,-1.0720776,-2.1720777,-3.6320777,-3.1220777,-2.8020775,-2.2320776,-0.93207765,-2.9520776,-3.9420776,-4.6820774,-4.6620774,-5.052078,-5.6320777,-5.8220778,-5.6120777,-5.6420774,-6.2120776,-5.6220775,-5.6020775,-5.6420774,-4.6120777,-3.5220776,-2.5920777,-2.9420776,-2.6120777,-2.1420777,-0.68207765,0.45792237,-2.6820776,-5.972078,-7.8920774,-5.7720776,-2.6920776
-5.0820775,-4.7920775,-4.5220776,-4.3220778,-4.8620777,-5.1420774,-5.3420777,-5.3920774,-5.4220777,-5.1620774,-4.8620777,-5.0620775,-5.2920775,-5.2720776,-5.4620776,-5.6520777,-5.1920776,-4.4820776,-4.4820776,-4.0020776,-3.3520777,-3.5820777,-4.0020776,-3.8720777,-2.4520776,-2.1620777,-1.3420776,-0.28207764,-1.8420776,-1.4820776,-1.0020776,-2.1620777,-3.8720777,-4.8820777,-6.202078,-6.0620775,-7.012078,-7.5020776,-8.292078,-8.202078,-7.782078,-7.6720777,-7.5420775,-7.302078,-7.1120777,-7.1820774,-7.5820775,-7.9820776,-8.322078,-8.592077,-8.6020775,-8.3120775,-8.382077,-7.722078,-9.182077,-7.6320777,-4.7320776
-5.8320775,-6.6520777,-5.9620776,-4.9220777,-4.4320774,-4.8320775,-6.492078,-6.532078,-5.722078,-5.222078,-5.9020777,-6.3120775,-6.742078,-6.952078,-7.302078,-7.952078,-7.762078,-7.0420775,-5.0820775,-3.5020776,-2.4120777,-2.1120777,-1.4920776,-0.19207764,-1.1220776,-0.032077637,-1.1320777,0.087922364,0.39792237,1.9079224,-2.0120776,-3.0820777,-3.1520777,-5.8920774,-7.5720778,-8.5620775,-7.4820776,-8.022078,-8.872078,-8.372078,-8.552077,-9.632077,-9.152078,-9.832078,-9.662078,-10.262077,-10.142077,-9.8520775,-9.882077,-9.472077,-9.142077,-8.892077,-8.882077,-9.042078,-9.332078,-8.662078,-7.762078
-7.452078,-7.012078,-7.6920776,-7.1620774,-6.9020777,-5.9220777,-5.3820777,-5.5720778,-6.0820775,-6.202078,-5.9620776,-5.6620774,-5.4120774,-5.952078,-6.5020776,-5.282078,-4.4020777,-3.6820776,-2.3320777,-1.9420776,-2.4520776,-1.0720776,-3.6620777,-4.8420777,-5.1620774,-4.7520776,-3.1720777,-1.6420777,-1.7820777,-0.5820776,-2.0320776,-5.7520776,-5.8220778,-2.6320777,-4.6820774,-5.972078,-6.1420774,-6.2520776,-6.0620775,-5.762078,-8.862078,-8.3120775,-8.232078,-8.262077,-7.9420776,-9.472077,-8.522078,-8.082078,-9.622078,-9.542078,-9.452078,-10.232078,-9.952078,-8.8120775,-7.9120774,-7.1320777,-5.9420776
-10.342077,-10.122078,-10.322078,-10.3520775,-9.572078,-9.532078,-9.162078,-8.832078,-8.412078,-7.8720775,-7.3920774,-7.802078,-8.752078,-9.762077,-8.912078,-6.1920776,-2.4220777,-2.5620775,-2.1020777,-1.6320777,-1.6220776,-3.7320776,-3.9320776,-2.8120775,-2.7520776,-2.2920775,-2.2820776,-1.9220777,-2.0820777,-0.33207762,1.0279224,0.61792237,-1.6320777,-0.14207764,-2.4720776,-2.0820777,-4.0220776,-7.4020777,-6.3320775,-4.702078,0.12792236,-4.3520775,-6.0820775,-6.3220778,-8.332078,-10.342077,-9.342077,-10.232078,-10.252078,-8.242078,-8.182077,-8.412078,-8.002078,-7.5620775,-7.032078,-7.6720777,-6.8220778
-6.8220778,-7.5820775,-8.382077,-9.002078,-9.412078,-10.132077,-10.182077,-9.8520775,-9.402078,-8.802077,-9.822078,-7.4120774,-5.0920777,-3.3620777,-2.4720776,-2.7320776,-4.4220777,-3.3420777,-1.2520776,-1.2320776,-0.07207764,-0.8320776,-0.10207763,-0.34207764,-0.61207765,-1.2220776,-1.6420777,-0.36207762,-0.50207764,0.28792235,0.35792238,0.57792234,-0.25207764,-0.7220776,-1.6820776,-3.3420777,-4.4620776,-6.6820774,-8.362078,-9.3120775,-7.6620774,-4.6720777,-5.9020777,-8.092077,-8.652078,-8.162078,-6.262078,-5.222078,-11.6020775,-9.782078,-8.902078,-9.322078,-8.272078,-9.322078,-9.202078,-7.2520776,-7.762078
2.5779223,1.6679224,1.6579224,2.6079223,-4.1520777,-5.7320776,-6.8220778,-8.382077,-9.242078,-10.242078,-9.172077,-7.8220778,-7.9420776,-5.0220776,-2.6620777,-2.3520777,-2.7320776,-2.0320776,-0.8920776,-0.35207763,0.41792238,1.0879223,1.5179224,0.6679224,1.1879224,0.95792234,0.94792235,0.7779224,0.76792234,1.0479224,1.0479224,1.9879223,0.49792236,-0.45207763,-0.57207763,2.4579225,-1.9720776,-1.9720776,-5.7320776,-8.942078,-7.762078,-4.972078,-5.512078,-6.5420775,-6.452078,-4.6020775,-4.472078,-4.992078,-4.8620777,-4.4020777,-4.8120775,-4.6520777,-2.3020775,-2.8720777,-3.5220776,-2.8720777,-3.6620777
