json-data/2022072918.json
{"header": {"discipline":0,"disciplineName":"Meteorological products","gribEdition":2,"gribLength":47460,"center":7,"centerName":"US National Weather Service - NCEP(WMC)","subcenter":0,"refTime":"2022-07-29T18:00:00.000Z","significanceOfRT":1,"significanceOfRTName":"Start of forecast","productStatus":0,"productStatusName":"Operational products","productType":1,"productTypeName":"Forecast products","productDefinitionTemplate":0,"productDefinitionTemplateName":"Analysis/forecast at horizontal level/layer at a point in time","parameterCategory":0,"parameterCategoryName":"Temperature","parameterNumber":0,"parameterNumberName":"Temperature","parameterUnit":"K","genProcessType":2,"genProcessTypeName":"Forecast","forecastTime":0,"surface1Type":1,"surface1TypeName":"Ground or water surface","surface1Value":0.0,"surface2Type":255,"surface2TypeName":"Missing","surface2Value":0.0,"gridDefinitionTemplate":0,"gridDefinitionTemplateName":"Latitude_Longitude","numberPoints":65160,"shape":6,"shapeName":"Earth spherical with radius of 6,371,229.0 m","gridUnits":"degrees","resolution":48,"winds":"true","scanMode":0,"nx":360,"ny":181,"basicAngle":0,"lo1":0.0,"la1":90.0,"lo2":359.0,"la2":-90.0,"dx":1.0,"dy":1.0}, "data":
[rows 56 to 83 of 181, columns 186 to 247 of 360]
299.0055,299.0055,298.9055,298.80548,298.5055,298.4055,298.4055,298.30548,298.1055,298.0055,297.9055,297.80548,297.80548,297.6055,297.6055,297.6055,297.30548,296.80548,296.6055,296.5055,296.6055,296.5055,296.6055,296.7055,296.5055,296.30548,296.1055,296.1055,295.80548,295.6055,295.6055,295.6055,295.5055,295.1055,295.0055,295.30548,295.1055,294.80548,294.7055,294.30548,294.4055,294.2055,293.9055,293.7055,293.4055,292.7055,291.7055,291.1055,290.9055,290.6055,290.2055,289.9055,289.6055,288.6055,290.1055,292.6055,308.0055,324.1055,317.30548,323.6055,313.6055,304.6055
299.4055,299.2055,299.0055,299.0055,298.9055,298.7055,298.6055,298.30548,298.1055,298.0055,298.0055,298.0055,297.80548,297.7055,297.6055,297.6055,297.4055,297.2055,296.9055,296.80548,296.80548,296.9055,296.9055,296.9055,296.80548,296.7055,296.7055,296.4055,296.2055,296.2055,296.2055,296.2055,296.1055,296.0055,296.0055,296.0055,295.9055,295.7055,295.4055,294.80548,294.5055,294.4055,294.2055,293.9055,293.30548,292.6055,291.9055,291.6055,291.4055,291.1055,291.2055,291.2055,290.5055,289.4055,289.4055,292.0055,294.6055,316.9055,308.6055,307.1055,323.2055,315.1055
299.30548,299.30548,299.2055,299.0055,299.0055,299.1055,299.0055,298.7055,298.4055,298.2055,298.1055,298.0055,298.0055,297.9055,297.80548,297.7055,297.7055,297.7055,297.5055,297.2055,297.30548,297.1055,296.9055,297.1055,297.0055,296.9055,296.80548,296.6055,296.6055,296.7055,296.5055,296.30548,296.2055,296.1055,296.1055,295.80548,295.4055,295.4055,295.30548,295.1055,295.0055,294.6055,294.1055,293.80548,293.2055,292.7055,292.2055,291.9055,291.80548,291.5055,291.4055,291.4055,290.80548,290.4055,290.7055,291.7055,293.0055,294.2055,304.0055,305.9055,306.7055,311.4055
299.6055,299.6055,299.5055,299.1055,299.1055,299.1055,299.1055,298.9055,298.7055,298.7055,298.4055,298.1055,298.2055,298.1055,298.1055,298.30548,298.1055,297.9055,297.9055,297.80548,297.80548,297.6055,297.5055,297.6055,297.5055,297.1055,297.2055,297.0055,297.0055,297.0055,296.80548,296.6055,296.4055,296.2055,296.2055,296.1055,295.5055,295.30548,295.0055,295.0055,294.9055,294.4055,294.0055,293.6055,293.1055,292.80548,292.6055,292.6055,292.5055,292.30548,291.80548,291.30548,291.2055,291.0055,291.1055,291.5055,292.0055,292.2055,323.1055,325.1055,302.4055,309.4055
299.7055,299.6055,299.6055,299.4055,299.2055,299.1055,299.1055,299.0055,298.9055,299.1055,298.80548,298.4055,298.4055,298.4055,298.4055,298.6055,298.5055,298.2055,298.2055,298.2055,298.1055,298.0055,297.9055,297.7055,297.6055,297.30548,297.5055,297.30548,297.2055,297.2055,297.0055,296.7055,296.6055,296.5055,296.2055,296.2055,295.80548,295.7055,295.2055,294.9055,294.7055,294.5055,294.2055,293.7055,293.30548,293.0055,293.0055,293.2055,292.9055,292.5055,292.1055,291.80548,291.7055,291.7055,291.6055,291.80548,292.0055,292.4055,292.0055,323.30548,302.1055,302.2055
299.9055,299.6055,299.6055,299.5055,299.4055,299.30548,299.2055,299.2055,299.2055,299.1055,298.9055,298.7055,298.80548,298.9055,298.80548,298.80548,298.7055,298.6055,298.5055,298.5055,298.30548,298.2055,298.0055,297.7055,297.5055,297.7055,297.80548,297.5055,297.30548,297.1055,296.80548,296.5055,296.6055,296.4055,296.2055,296.1055,295.80548,295.7055,295.2055,294.80548,294.6055,294.5055,294.5055,294.2055,293.5055,293.30548,293.30548,293.30548,293.0055,292.9055,292.80548,292.30548,292.4055,292.9055,293.0055,292.9055,293.5055,293.0055,292.7055,292.6055,299.6055,301.5055
299.9055,299.80548,299.6055,299.6055,299.4055,299.30548,299.30548,299.4055,299.4055,299.30548,299.0055,298.80548,299.1055,299.1055,299.0055,298.9055,298.9055,298.80548,298.80548,298.7055,298.5055,298.4055,298.2055,298.1055,297.80548,297.9055,297.9055,297.6055,297.4055,297.1055,296.80548,296.7055,296.5055,296.1055,296.1055,296.0055,295.80548,295.6055,295.1055,294.7055,294.7055,294.6055,294.4055,294.1055,293.6055,293.4055,293.30548,293.2055,293.0055,293.2055,293.2055,292.80548,292.80548,293.6055,293.9055,293.6055,293.9055,293.9055,293.30548,293.4055,313.4055,317.5055
300.1055,300.1055,299.80548,299.7055,299.7055,299.6055,299.6055,299.80548,299.80548,299.6055,299.4055,299.30548,299.30548,299.2055,299.0055,298.9055,298.9055,298.7055,298.7055,298.7055,298.7055,298.7055,298.4055,298.2055,298.2055,298.0055,297.80548,297.5055,297.30548,297.1055,296.7055,296.5055,296.6055,296.5055,296.30548,296.2055,295.9055,295.4055,295.0055,294.7055,294.7055,294.5055,294.1055,293.80548,293.9055,293.80548,293.6055,293.4055,293.2055,293.2055,293.4055,293.30548,293.2055,293.7055,293.9055,293.9055,294.2055,295.0055,294.80548,293.80548,293.5055,325.9055
300.5055,300.4055,300.2055,300.1055,300.0055,299.9055,299.9055,299.9055,299.9055,299.7055,299.5055,299.4055,299.4055,299.2055,299.0055,298.9055,298.80548,298.80548,298.7055,298.7055,298.7055,298.6055,298.4055,298.30548,298.1055,297.9055,297.6055,297.4055,297.2055,297.1055,296.9055,296.6055,296.6055,296.4055,296.2055,296.0055,295.7055,295.1055,294.9055,294.9055,294.80548,294.30548,294.0055,293.80548,293.9055,294.0055,293.80548,293.7055,293.6055,293.5055,294.0055,294.1055,293.9055,294.0055,294.1055,294.30548,294.9055,295.4055,295.6055,294.9055,294.1055,295.6055
300.6055,300.5055,300.4055,300.30548,300.2055,300.1055,300.0055,299.80548,299.7055,299.5055,299.4055,299.30548,299.4055,299.4055,299.1055,298.9055,298.80548,298.80548,298.7055,298.7055,298.6055,298.4055,298.30548,298.2055,297.9055,297.6055,297.4055,297.30548,297.30548,297.30548,297.30548,297.0055,296.6055,296.2055,295.9055,295.6055,295.4055,295.1055,294.9055,295.0055,295.0055,294.5055,294.1055,294.0055,294.0055,294.0055,293.80548,293.80548,294.0055,294.1055,294.1055,294.30548,294.2055,294.4055,294.6055,294.9055,295.30548,295.6055,295.9055,295.80548,295.1055,295.6055
300.6055,300.5055,300.4055,300.30548,300.2055,300.1055,300.0055,299.80548,299.6055,299.5055,299.30548,299.2055,299.4055,299.30548,299.1055,298.80548,298.7055,298.80548,298.80548,298.7055,298.5055,298.30548,298.2055,298.0055,297.9055,297.6055,297.5055,297.4055,297.30548,297.30548,297.2055,296.9055,296.4055,296.0055,295.80548,295.6055,295.5055,295.5055,295.1055,295.0055,294.9055,294.7055,294.6055,294.5055,294.4055,294.2055,294.2055,294.0055,294.2055,294.5055,294.7055,294.5055,294.7055,295.1055,295.30548,295.6055,296.1055,296.2055,296.30548,296.7055,296.7055,296.7055
300.7055,300.6055,300.5055,300.30548,300.1055,300.0055,300.0055,299.80548,299.6055,299.5055,299.30548,299.30548,299.4055,299.2055,298.80548,298.6055,298.6055,298.7055,298.80548,298.7055,298.5055,298.4055,298.30548,298.30548,298.0055,297.7055,297.6055,297.5055,297.30548,297.1055,296.80548,296.5055,296.4055,296.1055,296.0055,295.80548,295.80548,295.9055,295.6055,295.30548,295.1055,295.0055,295.0055,295.2055,295.30548,295.1055,294.80548,294.5055,294.30548,294.6055,294.9055,295.0055,295.1055,295.80548,296.2055,296.4055,296.9055,297.2055,297.4055,297.5055,298.1055,298.30548
300.80548,300.7055,300.6055,300.4055,300.2055,300.0055,300.0055,300.0055,299.9055,299.7055,299.7055,299.6055,299.4055,299.4055,299.30548,299.0055,298.6055,298.5055,298.7055,298.80548,298.80548,298.7055,298.6055,298.5055,298.1055,297.9055,297.80548,297.7055,297.6055,297.1055,296.80548,296.6055,296.5055,296.30548,296.2055,296.1055,296.1055,295.9055,295.9055,296.0055,295.6055,295.5055,295.5055,295.80548,296.2055,295.9055,295.5055,295.30548,294.80548,294.80548,295.2055,295.4055,295.6055,296.0055,296.30548,296.5055,297.2055,297.80548,298.30548,298.5055,299.1055,299.4055
300.9055,300.7055,300.7055,300.5055,300.4055,300.2055,300.30548,300.2055,300.1055,300.0055,299.9055,299.80548,299.5055,299.5055,299.6055,299.6055,299.2055,300.0055,298.80548,298.9055,298.80548,298.80548,298.6055,298.4055,298.1055,298.0055,298.0055,297.7055,297.5055,297.30548,297.0055,297.0055,296.9055,296.6055,296.5055,296.5055,296.5055,296.30548,296.1055,296.1055,296.1055,295.9055,296.0055,296.1055,296.30548,296.30548,296.1055,296.30548,296.1055,295.7055,295.9055,296.2055,296.5055,296.6055,296.80548,297.0055,297.6055,298.30548,298.6055,299.0055,299.6055,300.0055
300.9055,300.7055,300.7055,300.6055,300.5055,300.5055,300.4055,300.4055,300.2055,300.1055,300.0055,299.80548,299.7055,299.7055,299.7055,299.7055,299.5055,299.2055,299.5055,299.0055,298.80548,298.7055,298.7055,298.4055,298.30548,298.2055,298.30548,297.9055,297.80548,297.6055,297.5055,297.5055,297.4055,297.2055,297.0055,297.2055,297.2055,296.80548,296.5055,296.4055,296.5055,296.6055,296.6055,296.80548,296.80548,297.0055,296.9055,296.80548,297.1055,297.1055,297.0055,297.30548,297.5055,297.6055,297.80548,298.2055,298.5055,298.80548,298.80548,299.1055,299.80548,300.30548
300.80548,300.7055,300.6055,300.6055,300.5055,300.4055,300.4055,300.30548,300.1055,300.1055,300.0055,299.9055,299.80548,299.9055,299.80548,299.6055,299.5055,299.5055,299.6055,299.0055,298.9055,298.80548,298.7055,298.5055,298.30548,298.30548,298.2055,298.2055,298.1055,298.0055,297.80548,297.7055,297.6055,297.6055,297.5055,297.6055,297.5055,297.1055,296.9055,296.7055,296.7055,297.1055,297.4055,297.5055,297.4055,297.5055,297.5055,297.4055,297.6055,297.9055,298.0055,298.1055,298.30548,298.1055,298.2055,298.7055,299.0055,299.4055,299.2055,299.30548,299.80548,300.1055
300.7055,300.6055,300.5055,300.4055,300.30548,300.30548,300.30548,300.30548,300.1055,300.1055,300.0055,299.80548,299.80548,299.80548,299.6055,299.5055,299.30548,299.30548,299.30548,299.1055,299.0055,298.9055,298.9055,298.7055,298.5055,298.30548,298.2055,298.30548,298.4055,298.4055,298.30548,298.30548,298.30548,298.2055,298.1055,298.0055,298.0055,297.7055,297.30548,297.2055,297.4055,297.80548,298.1055,298.2055,298.30548,298.2055,298.4055,298.2055,298.4055,298.6055,298.6055,298.80548,299.0055,299.1055,299.2055,299.5055,299.7055,299.80548,299.80548,299.9055,300.1055,300.1055
300.7055,300.6055,300.4055,300.30548,300.2055,300.2055,300.2055,300.2055,300.1055,300.1055,300.0055,299.9055,299.7055,299.6055,299.5055,299.30548,299.2055,299.1055,299.1055,299.0055,299.0055,299.1055,299.1055,299.0055,298.6055,298.4055,298.30548,298.4055,298.6055,298.7055,298.5055,298.7055,298.9055,298.9055,298.7055,298.5055,298.30548,298.1055,298.0055,297.9055,298.2055,298.5055,298.7055,298.9055,299.0055,299.0055,299.1055,299.1055,299.30548,299.30548,299.30548,299.7055,300.0055,299.9055,299.9055,300.2055,300.5055,300.4055,300.5055,300.5055,300.2055,300.4055
300.6055,300.5055,300.4055,300.30548,300.30548,300.30548,300.2055,300.2055,300.1055,300.1055,300.0055,299.80548,299.7055,299.6055,299.6055,299.4055,299.1055,299.0055,299.1055,299.1055,299.1055,299.2055,299.30548,299.1055,298.9055,298.80548,298.6055,298.7055,299.0055,298.9055,298.80548,299.0055,299.30548,299.30548,299.1055,298.9055,298.7055,298.6055,298.80548,299.1055,299.1055,299.0055,299.1055,299.4055,299.7055,299.80548,300.0055,300.0055,300.1055,300.0055,299.9055,300.30548,300.5055,300.5055,300.6055,300.80548,301.30548,301.2055,301.1055,301.0055,300.80548,301.1055
300.5055,300.5055,300.4055,300.4055,300.4055,300.4055,300.2055,300.2055,300.2055,300.1055,299.9055,299.80548,299.6055,299.6055,299.7055,299.6055,299.5055,299.30548,299.2055,299.2055,299.30548,299.30548,299.30548,299.2055,299.2055,299.1055,299.0055,299.1055,299.30548,299.4055,299.30548,299.4055,299.5055,299.4055,299.30548,299.2055,299.2055,299.30548,299.6055,299.6055,299.4055,299.1055,299.2055,299.6055,300.1055,300.4055,300.6055,300.6055,300.4055,300.30548,300.2055,300.5055,300.9055,301.30548,301.4055,301.6055,301.80548,301.7055,301.6055,301.4055,301.5055,301.7055
300.4055,300.5055,300.5055,300.4055,300.4055,300.4055,300.30548,300.2055,300.2055,300.1055,300.0055,300.0055,299.9055,299.80548,299.9055,299.9055,299.80548,299.7055,299.7055,299.5055,299.6055,299.5055,299.5055,299.6055,299.6055,299.5055,299.4055,299.5055,299.7055,299.7055,299.7055,299.6055,299.6055,299.4055,299.6055,299.9055,300.1055,300.2055,300.30548,299.9055,299.80548,299.6055,299.80548,300.30548,300.6055,300.9055,301.1055,300.9055,301.0055,301.0055,300.9055,300.9055,301.4055,302.5055,302.2055,302.2055,302.2055,302.1055,301.9055,301.9055,301.80548,301.9055
300.5055,300.5055,300.5055,300.5055,300.6055,300.5055,300.5055,300.4055,300.4055,300.30548,300.2055,300.2055,300.2055,300.2055,300.1055,300.1055,300.1055,300.0055,300.0055,299.9055,299.9055,299.80548,299.9055,300.0055,299.9055,299.80548,299.80548,299.7055,299.80548,300.0055,300.1055,299.9055,299.6055,299.5055,299.7055,300.1055,300.5055,300.5055,300.5055,300.4055,300.30548,300.30548,300.4055,300.9055,301.0055,301.1055,301.2055,301.1055,301.30548,301.30548,301.30548,301.4055,302.1055,302.30548,302.2055,302.4055,302.5055,302.30548,302.2055,302.30548,302.1055,302.1055
300.7055,300.5055,300.5055,300.5055,300.6055,300.7055,300.6055,300.6055,300.80548,300.7055,300.5055,300.5055,300.5055,300.5055,300.30548,300.30548,300.30548,300.30548,300.30548,300.2055,300.2055,300.1055,300.2055,300.2055,300.2055,300.1055,300.0055,300.0055,300.1055,300.2055,300.30548,300.2055,299.80548,299.6055,299.9055,300.4055,300.6055,300.5055,300.6055,300.6055,300.7055,300.80548,300.9055,301.0055,301.1055,301.1055,301.30548,301.2055,301.5055,301.6055,301.7055,302.0055,302.1055,302.0055,301.9055,302.1055,302.30548,302.6055,302.30548,302.4055,302.30548,302.0055
300.80548,301.0055,301.4055,300.9055,300.80548,301.0055,300.9055,300.9055,301.0055,301.0055,300.80548,300.7055,300.7055,300.6055,300.5055,300.4055,300.5055,300.5055,300.5055,300.4055,300.4055,300.4055,300.4055,300.5055,300.5055,300.30548,300.2055,300.2055,300.2055,300.30548,300.30548,300.30548,300.2055,300.30548,300.5055,300.80548,300.7055,300.6055,300.6055,300.80548,300.80548,300.80548,300.80548,300.80548,300.80548,300.9055,301.1055,301.2055,301.4055,301.80548,302.1055,302.1055,302.1055,301.7055,301.7055,301.9055,302.0055,302.0055,302.0055,302.0055,301.80548,301.6055
301.1055,301.30548,301.5055,301.30548,301.1055,301.30548,301.2055,301.1055,301.2055,301.1055,301.0055,300.9055,300.7055,300.7055,300.5055,300.5055,300.5055,300.5055,300.5055,300.6055,300.6055,300.6055,300.6055,300.7055,300.7055,300.5055,300.30548,300.1055,300.2055,300.30548,300.30548,300.4055,300.5055,300.6055,300.7055,300.80548,300.7055,300.7055,300.7055,300.80548,300.7055,300.5055,300.4055,300.6055,300.80548,300.9055,301.1055,301.30548,301.6055,302.0055,301.9055,301.9055,301.9055,301.30548,301.2055,301.4055,301.7055,301.6055,301.6055,301.5055,301.2055,301.0055
301.30548,301.4055,301.4055,301.4055,301.4055,301.4055,301.4055,301.4055,301.30548,301.2055,301.1055,301.0055,300.9055,300.7055,300.7055,300.80548,300.80548,300.80548,300.7055,300.80548,300.7055,300.7055,300.80548,300.80548,300.80548,300.80548,300.7055,300.5055,300.5055,300.6055,300.6055,300.6055,300.7055,300.7055,300.6055,300.80548,300.9055,300.9055,300.80548,300.7055,300.7055,300.7055,300.7055,300.80548,300.80548,300.9055,301.0055,301.0055,301.2055,301.2055,301.0055,301.0055,300.9055,300.9055,301.0055,301.1055,301.0055,300.9055,301.0055,300.9055,300.7055,300.6055
301.30548,301.4055,301.4055,301.5055,301.5055,301.4055,301.4055,301.4055,301.4055,301.30548,301.2055,301.0055,301.0055,300.9055,300.9055,300.9055,301.1055,301.1055,301.0055,300.9055,300.9055,300.80548,300.80548,300.80548,300.9055,301.0055,301.0055,300.9055,300.9055,301.0055,301.0055,301.0055,301.2055,301.30548,301.1055,301.1055,301.2055,301.2055,301.4055,301.2055,301.30548,301.30548,301.2055,301.0055,300.9055,300.9055,300.80548,300.7055,300.6055,300.6055,300.7055,300.7055,300.80548,300.80548,300.80548,300.80548,300.80548,300.6055,300.6055,300.5055,300.5055,300.5055
301.5055,301.5055,301.5055,301.5055,301.4055,301.4055,301.4055,301.5055,301.4055,301.30548,301.1055,301.0055,301.1055,301.1055,301.1055,301.1055,301.2055,301.2055,301.1055,301.0055,300.9055,300.9055,300.9055,301.0055,301.1055,301.1055,301.2055,301.1055,301.2055,301.2055,301.2055,301.2055,301.2055,301.1055,301.0055,300.9055,300.80548,301.0055,301.1055,301.2055,301.1055,301.1055,301.0055,300.80548,300.80548,300.80548,300.80548,300.7055,300.6055,300.5055,300.6055,300.7055,300.80548,300.7055,300.7055,300.7055,300.6055,300.5055,300.4055,300.5055,300.5055,300.6055
