json-data/2022072412.json
{"header": {"discipline":0,"disciplineName":"Meteorological products","gribEdition":2,"gribLength":47825,"center":7,"centerName":"US National Weather Service - NCEP(WMC)","subcenter":0,"refTime":"2022-07-24T12:00:00.000Z","significanceOfRT":1,"significanceOfRTName":"Start of forecast","productStatus":0,"productStatusName":"Operational products","productType":1,"productTypeName":"Forecast products","productDefinitionTemplate":0,"productDefinitionTemplateName":"Analysis/forecast at horizontal level/layer at a point in time","parameterCategory":0,"parameterCategoryName":"Temperature","parameterNumber":0,"parameterNumberName":"Temperature","parameterUnit":"K","genProcessType":2,"genProcessTypeName":"Forecast","forecastTime":0,"surface1Type":1,"surface1TypeName":"Ground or water surface","surface1Value":0.0,"surface2Type":255,"surface2TypeName":"Missing","surface2Value":0.0,"gridDefinitionTemplate":0,"gridDefinitionTemplateName":"Latitude_Longitude","numberPoints":65160,"shape":6,"shapeName":"Earth spherical with radius of 6,371,229.0 m","gridUnits":"degrees","resolution":48,"winds":"true","scanMode":0,"nx":360,"ny":181,"basicAngle":0,"lo1":0.0,"la1":90.0,"lo2":359.0,"la2":-90.0,"dx":1.0,"dy":1.0}, "data":
[rows 26 to 51 of 181, columns 180 to 239 of 360]
281.03525,280.63525,280.43524,280.23526,280.23526,280.13525,280.13525,279.93524,279.53525,279.43524,279.53525,279.73526,279.83527,280.63525,281.73526,282.83527,283.73526,284.13525,284.53525,285.03525,278.23526,278.83527,278.53525,280.83527,280.53525,278.43524,281.83527,279.83527,278.63525,282.03525,279.43524,277.23526,275.23526,276.73526,278.43524,279.23526,274.83527,275.23526,277.63525,275.63525,277.53525,278.03525,277.83527,274.53525,279.33527,278.13525,277.33527,276.23526,272.43524,273.23526,278.23526,278.23526,280.83527,279.53525,278.93524,281.53525,279.63525,281.93524,284.63525,284.83527
280.93524,280.63525,280.53525,280.43524,280.23526,280.23526,279.93524,280.03525,279.93524,279.93524,279.83527,280.13525,280.63525,281.73526,282.43524,283.23526,279.53525,275.63525,278.13525,278.83527,279.43524,280.93524,282.63525,279.43524,280.43524,278.63525,278.13525,277.33527,275.63525,263.63525,274.63525,275.33527,274.13525,276.03525,276.53525,274.03525,275.33527,279.13525,283.23526,280.03525,279.43524,277.63525,278.03525,277.03525,277.93524,277.63525,276.73526,279.43524,276.43524,274.43524,271.93524,272.73526,277.83527,274.63525,278.93524,279.63525,281.13525,282.13525,284.23526,284.43524
281.33527,281.03525,280.73526,280.63525,280.53525,280.53525,280.43524,280.43524,280.13525,280.03525,280.13525,280.43524,280.93524,281.93524,283.13525,274.93524,279.63525,279.73526,276.03525,276.93524,277.23526,280.93524,280.53525,279.63525,281.73526,279.73526,273.03525,276.63525,279.53525,281.73526,281.53525,276.23526,275.23526,277.43524,279.03525,279.53525,267.93524,271.93524,277.73526,279.23526,279.23526,277.93524,276.93524,276.53525,278.43524,278.83527,275.53525,276.93524,279.43524,279.63525,275.03525,271.23526,271.83527,277.13525,276.63525,276.43524,280.43524,283.33527,285.23526,284.73526
281.93524,281.83527,281.73526,281.43524,281.13525,281.03525,280.73526,280.13525,280.13525,280.13525,280.13525,280.13525,280.63525,281.63525,283.23526,280.93524,283.53525,281.33527,277.63525,280.73526,279.73526,280.63525,281.03525,281.13525,279.13525,276.83527,279.23526,273.83527,281.33527,286.63525,285.63525,277.63525,281.23526,283.03525,277.93524,278.83527,278.53525,277.03525,279.93524,279.03525,267.23526,276.03525,274.13525,274.83527,277.73526,278.83527,276.53525,276.93524,276.33527,274.93524,275.53525,276.33527,275.43524,274.73526,276.83527,277.03525,278.23526,281.53525,280.73526,281.43524
282.93524,282.73526,282.43524,282.23526,282.03525,281.73526,281.33527,280.73526,280.43524,280.33527,280.13525,279.83527,280.23526,279.03525,276.73526,283.73526,279.73526,279.53525,282.13525,281.03525,278.13525,279.63525,280.73526,281.73526,281.23526,280.13525,277.73526,275.93524,284.33527,280.03525,273.23526,282.23526,285.03525,285.63525,286.03525,286.53525,286.03525,286.43524,283.73526,275.03525,276.63525,273.23526,278.23526,278.23526,277.13525,278.13525,280.33527,279.33527,278.13525,276.53525,277.43524,280.23526,279.03525,279.13525,278.73526,281.23526,280.13525,279.43524,279.63525,280.13525
283.23526,283.03525,282.73526,282.73526,282.73526,282.73526,282.53525,281.93524,281.23526,280.73526,280.43524,279.93524,279.93524,280.53525,280.93524,281.73526,282.93524,283.93524,283.43524,281.03525,281.63525,277.73526,278.43524,279.63525,280.83527,279.03525,281.83527,283.63525,282.93524,284.33527,285.33527,285.73526,285.93524,286.23526,286.83527,287.33527,287.53525,287.33527,286.63525,286.33527,286.33527,286.33527,281.83527,279.43524,278.83527,281.03525,275.03525,279.73526,279.73526,278.03525,279.03525,278.73526,278.43524,278.23526,279.03525,280.13525,281.13525,282.33527,280.93524,281.53525
283.13525,283.03525,283.03525,283.23526,283.23526,283.03525,282.63525,282.43524,282.03525,281.33527,280.73526,280.53525,280.63525,280.73526,280.93524,281.03525,281.23526,281.53525,282.13525,282.63525,282.63525,283.23526,283.83527,281.43524,280.23526,283.03525,284.83527,283.13525,283.43524,283.63525,284.63525,285.83527,286.43524,286.43524,286.83527,287.43524,287.63525,287.23526,286.53525,286.13525,286.03525,286.03525,285.83527,285.33527,282.33527,284.03525,284.03525,273.33527,277.73526,281.13525,280.53525,280.23526,278.63525,276.03525,277.83527,276.33527,280.83527,283.63525,284.53525,284.83527
283.03525,283.13525,283.03525,282.93524,282.83527,282.53525,282.23526,282.13525,281.83527,281.23526,280.73526,280.83527,281.33527,281.43524,281.63525,281.93524,282.03525,281.93524,281.73526,282.03525,282.23526,282.43524,281.03525,280.53525,284.93524,284.83527,282.23526,285.13525,284.73526,285.13525,285.53525,285.83527,285.93524,285.83527,285.93524,286.13525,286.43524,286.23526,286.03525,285.93524,285.83527,285.83527,285.93524,286.03525,285.93524,281.13525,284.13525,282.73526,277.03525,273.23526,279.03525,279.23526,279.93524,280.93524,279.53525,281.83527,279.13525,281.23526,283.33527,282.93524
282.73526,282.63525,282.63525,282.33527,282.23526,282.03525,282.03525,281.93524,281.83527,281.53525,281.33527,281.43524,281.63525,281.93524,282.03525,282.03525,282.13525,282.23526,281.93524,281.13525,280.73526,282.23526,284.03525,284.23526,284.33527,284.33527,285.03525,285.43524,285.63525,285.33527,285.03525,285.13525,285.23526,285.13525,285.23526,285.33527,285.43524,285.73526,285.73526,285.63525,285.73526,285.83527,285.93524,286.03525,285.83527,285.03525,284.83527,284.83527,284.23526,282.53525,279.33527,282.73526,279.93524,282.23526,282.13525,282.03525,284.93524,283.73526,284.13525,285.03525
282.13525,282.23526,282.23526,282.03525,282.03525,282.13525,282.23526,282.23526,282.23526,282.03525,281.83527,281.73526,281.53525,281.63525,281.53525,281.43524,282.53525,282.43524,282.03525,282.93524,283.33527,284.13525,284.23526,284.43524,284.83527,285.13525,285.33527,285.23526,285.03525,284.73526,284.43524,284.23526,284.33527,284.43524,284.63525,284.73526,285.03525,285.33527,285.43524,285.53525,285.73526,285.83527,285.93524,286.03525,286.03525,286.03525,285.83527,285.03525,286.13525,284.73526,283.83527,281.13525,282.23526,281.73526,283.03525,284.03525,285.23526,283.43524,282.33527,283.83527
281.53525,281.73526,281.73526,281.83527,281.93524,282.13525,282.13525,282.13525,282.03525,281.93524,281.83527,281.73526,281.53525,281.43524,281.73526,282.13525,282.93524,283.13525,283.53525,284.03525,284.23526,284.43524,284.53525,284.63525,284.73526,284.73526,284.73526,284.63525,284.53525,284.33527,284.23526,284.03525,284.03525,284.13525,284.23526,284.33527,284.63525,284.93524,285.23526,285.33527,285.63525,285.93524,285.93524,286.03525,286.23526,286.63525,286.73526,286.33527,286.73526,286.73526,284.23526,281.63525,279.23526,282.53525,281.13525,283.03525,285.83527,285.23526,284.03525,282.53525
280.73526,281.03525,281.23526,281.43524,281.53525,281.63525,281.73526,281.73526,281.43524,281.43524,281.63525,281.93524,282.73526,283.23526,283.43524,283.63525,283.53525,283.53525,283.53525,283.63525,283.83527,283.93524,284.13525,284.23526,284.43524,284.53525,284.53525,284.43524,284.23526,284.13525,284.03525,283.93524,283.93524,283.83527,283.93524,284.03525,284.33527,284.63525,285.03525,285.23526,285.53525,285.83527,286.03525,286.13525,286.23526,286.73526,287.13525,287.23526,286.53525,286.53525,286.53525,282.93524,281.93524,279.03525,280.83527,281.23526,283.03525,284.53525,283.93524,281.13525
280.33527,280.53525,280.93524,281.23526,281.43524,281.63525,281.73526,281.93524,282.23526,282.53525,282.83527,283.23526,283.63525,283.63525,283.63525,283.83527,283.73526,283.53525,283.33527,283.33527,283.53525,283.63525,283.83527,284.03525,284.13525,284.23526,284.23526,284.23526,284.03525,283.93524,283.93524,283.83527,283.83527,283.83527,283.93524,284.03525,284.23526,284.53525,284.93524,285.23526,285.63525,285.83527,286.03525,286.23526,286.53525,286.93524,287.33527,287.53525,286.73526,286.43524,286.73526,286.83527,283.03525,280.13525,275.93524,282.23526,283.43524,282.63525,283.43524,282.73526
282.03525,282.03525,282.13525,282.43524,282.73526,282.83527,283.03525,283.13525,283.33527,283.33527,283.33527,283.43524,283.53525,283.63525,283.73526,283.93524,283.93524,283.73526,283.53525,283.63525,283.93524,284.13525,284.23526,284.13525,284.03525,284.03525,284.03525,284.03525,283.93524,283.83527,283.83527,283.93524,284.03525,284.13525,284.33527,284.43524,284.53525,284.83527,285.13525,285.43524,285.73526,286.03525,286.13525,286.53525,286.83527,287.03525,287.23526,287.73526,287.83527,287.63525,287.33527,286.73526,286.03525,282.53525,279.63525,281.73526,277.83527,280.43524,283.03525,283.93524
283.03525,282.93524,282.93524,283.03525,283.23526,283.23526,283.33527,283.53525,283.63525,283.63525,283.63525,283.63525,283.63525,283.63525,283.73526,283.83527,284.03525,284.03525,284.03525,284.13525,284.33527,284.53525,284.53525,284.33527,284.13525,284.03525,284.03525,284.13525,284.13525,284.03525,284.03525,284.23526,284.43524,284.73526,284.93524,285.03525,285.03525,285.13525,285.33527,285.63525,286.03525,286.13525,286.13525,286.33527,286.63525,286.83527,287.23526,287.63525,287.83527,287.73526,287.63525,287.03525,286.33527,282.43524,281.23526,290.73526,284.53525,281.53525,281.53525,283.53525
283.43524,283.33527,283.33527,283.43524,283.43524,283.53525,283.63525,283.73526,284.03525,284.23526,284.23526,284.03525,283.93524,283.93524,284.13525,284.23526,284.43524,284.53525,284.53525,284.43524,284.43524,284.63525,284.63525,284.63525,284.43524,284.43524,284.43524,284.43524,284.53525,284.43524,284.43524,284.53525,284.73526,285.03525,285.23526,285.33527,285.33527,285.43524,285.63525,285.83527,286.13525,286.23526,286.33527,286.53525,286.63525,286.83527,287.13525,287.53525,287.73526,287.53525,287.33527,287.43524,287.63525,287.33527,287.33527,285.63525,284.33527,289.33527,284.63525,282.03525
283.63525,283.53525,283.53525,283.73526,283.83527,283.93524,283.93524,284.13525,284.33527,284.43524,284.43524,284.33527,284.43524,284.53525,284.73526,285.13525,285.23526,285.13525,284.93524,284.93524,284.93524,285.13525,285.23526,285.13525,285.23526,285.23526,285.23526,285.13525,285.13525,285.13525,285.03525,285.13525,285.23526,285.43524,285.53525,285.63525,285.73526,285.83527,285.93524,286.13525,286.43524,286.53525,286.63525,286.73526,286.93524,287.03525,287.33527,287.73526,288.03525,288.03525,287.93524,288.33527,288.63525,288.83527,288.33527,286.53525,285.73526,285.73526,284.83527,282.63525
283.73526,283.63525,283.73526,283.93524,284.13525,284.33527,284.43524,284.53525,284.63525,284.73526,284.73526,284.83527,285.03525,285.33527,285.53525,285.93524,286.23526,286.23526,286.03525,286.03525,286.13525,286.23526,286.13525,286.03525,286.03525,286.13525,286.23526,286.23526,286.03525,285.93524,285.83527,285.93524,285.83527,286.03525,286.03525,286.03525,286.13525,286.43524,286.43524,286.53525,286.63525,286.83527,286.93524,287.13525,287.23526,287.43524,287.83527,288.03525,288.03525,288.33527,288.63525,289.13525,289.63525,289.63525,289.53525,287.93524,285.43524,284.13525,284.23526,284.23526
284.13525,284.03525,284.13525,284.13525,284.33527,284.53525,284.83527,285.03525,285.03525,285.13525,285.43524,285.63525,285.93524,286.23526,286.63525,286.83527,287.03525,287.23526,287.43524,287.73526,287.83527,287.93524,287.83527,287.73526,287.53525,287.63525,287.53525,287.23526,287.13525,287.03525,286.83527,286.73526,286.63525,286.63525,286.73526,286.63525,286.73526,286.83527,286.93524,286.93524,287.03525,287.23526,287.43524,287.63525,287.73526,288.03525,288.43524,288.63525,288.83527,288.93524,289.13525,289.33527,289.53525,289.83527,290.23526,289.63525,287.83527,282.93524,282.53525,286.43524
285.13525,285.13525,285.03525,284.93524,284.93524,285.33527,285.63525,285.93524,286.13525,286.33527,286.53525,286.83527,287.13525,287.43524,287.83527,288.23526,288.43524,288.73526,288.93524,289.13525,289.33527,289.63525,289.73526,289.63525,289.53525,289.33527,289.03525,288.63525,288.23526,288.03525,287.73526,287.53525,287.43524,287.53525,287.43524,287.43524,287.53525,287.63525,287.63525,287.63525,287.73526,287.83527,288.13525,288.33527,288.53525,288.53525,288.83527,289.23526,289.63525,289.63525,289.53525,289.43524,289.43524,289.73526,289.93524,288.63525,285.73526,284.13525,281.63525,285.13525
286.03525,285.93524,286.13525,286.23526,286.43524,286.63525,286.83527,287.23526,287.63525,287.93524,288.23526,288.73526,289.13525,289.43524,289.53525,289.93524,290.63525,290.83527,291.03525,290.93524,291.03525,291.13525,291.43524,291.23526,291.43524,291.33527,290.53525,289.83527,289.23526,288.93524,288.63525,288.33527,288.33527,288.43524,288.73526,289.03525,288.93524,288.73526,288.73526,288.63525,288.53525,288.63525,288.83527,289.13525,289.13525,289.43524,289.63525,289.93524,290.03525,290.03525,289.83527,289.53525,289.33527,289.13525,288.23526,286.13525,282.83527,281.73526,282.93524,284.53525
287.33527,287.43524,287.73526,288.13525,288.43524,288.23526,288.53525,288.83527,289.53525,289.93524,290.33527,290.73526,291.03525,291.43524,291.73526,292.23526,292.63525,293.03525,293.23526,293.33527,293.13525,293.03525,292.93524,292.83527,292.73526,292.33527,291.43524,290.63525,290.03525,289.73526,289.43524,289.43524,289.43524,289.63525,290.23526,290.73526,290.63525,289.93524,289.73526,289.63525,289.73526,289.93524,290.03525,289.93524,290.13525,290.13525,290.23526,290.43524,290.53525,290.43524,290.13525,289.63525,289.33527,288.83527,287.53525,284.43524,282.83527,281.43524,281.23526,282.43524
288.93524,289.43524,289.93524,290.03525,290.33527,290.23526,290.63525,291.13525,291.83527,292.43524,292.83527,293.33527,293.63525,293.73526,294.13525,294.63525,294.93524,295.13525,295.43524,295.43524,295.03525,294.63525,294.43524,294.33527,294.03525,293.43524,292.53525,291.63525,291.03525,290.73526,290.53525,290.73526,290.73526,290.83527,290.83527,290.93524,290.93524,290.73526,290.63525,290.73526,290.83527,291.13525,291.13525,291.03525,291.03525,290.83527,290.73526,291.13525,291.13525,290.73526,290.23526,289.73526,289.43524,288.93524,287.73526,285.23526,285.53525,283.93524,281.73526,279.73526
290.63525,290.93524,291.23526,291.63525,292.03525,292.33527,292.83527,293.33527,293.83527,294.23526,294.83527,295.33527,295.53525,295.73526,295.83527,296.03525,296.33527,296.53525,296.53525,296.43524,296.13525,295.83527,295.53525,295.23526,294.83527,294.13525,293.23526,292.63525,292.13525,291.83527,291.83527,291.73526,291.63525,291.53525,291.43524,291.33527,291.33527,291.43524,291.53525,291.43524,291.63525,291.83527,291.73526,291.53525,291.43524,291.33527,291.33527,291.33527,291.03525,290.73526,290.23526,289.83527,289.63525,289.13525,288.03525,286.53525,284.03525,287.63525,287.33527,278.23526
292.13525,292.43524,292.83527,293.33527,293.93524,294.43524,294.53525,295.23526,295.63525,295.73526,295.93524,296.23526,296.33527,296.73526,296.73526,296.93524,296.83527,297.13525,297.13525,296.93524,296.63525,296.53525,296.33527,295.93524,295.43524,294.53525,294.13525,293.43524,293.13525,292.83527,292.63525,292.43524,292.43524,292.13525,292.13525,291.93524,291.93524,292.03525,292.13525,291.93524,291.93524,292.03525,292.13525,292.03525,291.93524,291.73526,291.73526,291.63525,291.23526,290.93524,290.53525,289.93524,289.53525,288.83527,288.03525,285.83527,282.63525,287.63525,291.73526,279.63525
293.73526,294.33527,295.03525,295.43524,295.73526,296.03525,296.23526,296.43524,296.43524,296.33527,296.53525,296.93524,297.23526,297.33527,297.33527,297.33527,297.43524,297.63525,297.63525,297.43524,297.43524,297.33527,296.83527,296.33527,295.63525,295.13525,294.53525,293.93524,293.53525,293.13525,293.03525,293.13525,293.13525,293.13525,292.93524,292.63525,292.53525,292.53525,292.73526,292.83527,292.73526,292.73526,293.03525,292.83527,292.33527,291.83527,291.73526,291.53525,291.23526,291.23526,290.93524,290.33527,289.73526,289.03525,288.23526,286.33527,283.53525,286.23526,287.83527,290.63525
