json-data/2022072106.json
{"header": {"discipline":0,"disciplineName":"Meteorological products","gribEdition":2,"gribLength":47633,"center":7,"centerName":"US National Weather Service - NCEP(WMC)","subcenter":0,"refTime":"2022-07-21T06:00:00.000Z","significanceOfRT":1,"significanceOfRTName":"Start of forecast","productStatus":0,"productStatusName":"Operational products","productType":1,"productTypeName":"Forecast products","productDefinitionTemplate":0,"productDefinitionTemplateName":"Analysis/forecast at horizontal level/layer at a point in time","parameterCategory":0,"parameterCategoryName":"Temperature","parameterNumber":0,"parameterNumberName":"Temperature","parameterUnit":"K","genProcessType":2,"genProcessTypeName":"Forecast","forecastTime":0,"surface1Type":1,"surface1TypeName":"Ground or water surface","surface1Value":0.0,"surface2Type":255,"surface2TypeName":"Missing","surface2Value":0.0,"gridDefinitionTemplate":0,"gridDefinitionTemplateName":"Latitude_Longitude","numberPoints":65160,"shape":6,"shapeName":"Earth spherical with radius of 6,371,229.0 m","gridUnits":"degrees","resolution":48,"winds":"true","scanMode":0,"nx":360,"ny":181,"basicAngle":0,"lo1":0.0,"la1":90.0,"lo2":359.0,"la2":-90.0,"dx":1.0,"dy":1.0}, "data":
[rows 108 to 134 of 181, columns 244 to 304 of 360]
295.89108,295.89108,295.6911,295.39108,295.0911,294.9911,294.89108,294.79108,294.79108,294.5911,294.4911,294.1911,294.1911,294.29108,294.1911,293.89108,293.6911,293.4911,293.29108,293.1911,293.0911,292.9911,292.6911,292.79108,292.79108,292.5911,292.29108,292.0911,291.9911,291.79108,291.5911,291.29108,291.1911,290.89108,290.5911,290.29108,290.0911,289.89108,289.79108,289.5911,289.39108,289.29108,289.29108,289.39108,289.4911,289.5911,281.79108,271.6911,273.6911,273.6911,277.0911,281.9911,282.89108,294.39108,293.4911,291.4911,289.9911,291.39108,291.89108,291.9911,291.89108
295.79108,295.5911,295.5911,295.39108,295.1911,294.9911,294.89108,294.6911,294.4911,294.39108,294.29108,294.1911,293.9911,293.89108,293.89108,293.5911,293.39108,293.29108,293.0911,292.89108,292.79108,292.5911,292.4911,292.5911,292.6911,292.4911,291.9911,291.79108,291.5911,291.5911,291.4911,291.29108,291.29108,290.9911,290.79108,290.39108,290.1911,290.0911,289.9911,289.89108,289.5911,289.4911,289.29108,289.29108,289.39108,289.5911,283.1911,272.0911,275.39108,279.6911,273.6911,279.4911,286.39108,294.29108,294.39108,291.0911,292.29108,290.39108,291.4911,292.4911,292.29108
295.79108,295.5911,295.4911,295.29108,295.0911,294.89108,294.79108,294.5911,294.5911,294.39108,294.29108,293.9911,293.9911,293.79108,293.4911,293.29108,293.1911,293.1911,292.79108,292.6911,292.5911,292.5911,292.4911,292.5911,292.5911,292.39108,291.89108,291.5911,291.4911,291.39108,291.4911,291.39108,291.29108,291.0911,290.79108,290.4911,290.29108,290.0911,289.9911,289.89108,289.79108,289.5911,289.29108,289.0911,289.0911,289.1911,280.39108,272.6911,272.0911,275.1911,276.89108,279.79108,283.79108,294.89108,294.1911,291.89108,292.6911,293.4911,292.5911,291.9911,291.39108
295.79108,295.6911,295.5911,295.29108,294.89108,294.89108,294.6911,294.39108,294.29108,294.1911,293.9911,293.89108,293.89108,293.6911,293.39108,293.0911,292.9911,292.79108,292.5911,292.5911,292.5911,292.4911,292.1911,292.1911,292.39108,292.1911,291.79108,291.5911,291.4911,291.29108,291.29108,291.1911,291.1911,291.0911,290.89108,290.4911,290.29108,289.9911,289.89108,289.6911,289.5911,289.4911,289.29108,289.0911,288.79108,288.89108,278.39108,276.5911,271.29108,271.29108,273.9911,280.1911,286.79108,293.89108,293.79108,291.4911,293.9911,292.1911,292.29108,292.1911,290.89108
295.79108,295.5911,295.5911,295.29108,294.9911,294.89108,294.5911,294.29108,293.9911,293.89108,293.79108,293.6911,293.5911,293.4911,293.29108,293.0911,292.89108,292.89108,292.5911,292.5911,292.39108,292.1911,291.9911,291.89108,291.9911,291.89108,291.5911,291.4911,291.1911,291.1911,291.1911,290.9911,290.79108,290.79108,290.6911,290.39108,290.0911,289.79108,289.79108,289.79108,289.4911,289.29108,289.1911,288.89108,288.5911,288.6911,281.4911,277.4911,270.39108,268.9911,274.6911,278.6911,287.29108,291.6911,295.0911,289.6911,292.6911,295.0911,292.1911,292.0911,291.4911
295.4911,295.39108,295.29108,294.9911,294.79108,294.4911,294.39108,294.0911,293.89108,293.79108,293.5911,293.4911,293.39108,293.1911,293.0911,292.9911,292.89108,292.89108,292.5911,292.29108,292.0911,292.0911,291.9911,291.89108,291.89108,291.79108,291.5911,291.39108,291.0911,290.89108,291.0911,290.89108,290.4911,290.39108,290.39108,290.1911,290.0911,289.9911,289.79108,289.6911,289.39108,289.1911,288.9911,288.5911,288.1911,288.0911,281.29108,276.0911,279.9911,270.4911,275.6911,279.89108,287.9911,291.39108,292.1911,291.29108,293.5911,291.4911,290.5911,290.6911,289.79108
295.4911,295.1911,295.0911,294.89108,294.5911,294.29108,294.0911,293.89108,293.5911,293.39108,293.39108,293.29108,293.0911,293.0911,293.1911,292.9911,292.79108,292.6911,292.6911,292.4911,292.1911,292.0911,292.0911,291.89108,291.79108,291.5911,291.4911,291.39108,291.0911,290.79108,290.79108,290.4911,290.39108,290.29108,290.1911,289.89108,289.89108,289.79108,289.6911,289.29108,288.9911,288.89108,288.89108,288.5911,287.9911,287.6911,281.89108,277.5911,275.4911,274.1911,273.79108,286.4911,288.0911,291.29108,291.9911,294.0911,291.9911,291.4911,291.5911,291.29108,290.6911
295.1911,294.89108,294.79108,294.6911,294.5911,293.89108,293.79108,293.4911,293.39108,293.1911,293.0911,293.0911,292.9911,292.89108,292.89108,292.5911,292.5911,292.5911,292.39108,292.1911,292.0911,291.9911,291.9911,291.6911,291.39108,291.29108,291.1911,291.1911,291.0911,290.79108,290.4911,290.39108,290.39108,290.1911,289.79108,289.4911,289.39108,289.39108,289.29108,289.0911,288.79108,288.5911,288.4911,288.29108,287.89108,287.5911,283.29108,272.1911,272.9911,272.79108,280.29108,283.0911,287.6911,291.39108,296.0911,294.39108,292.79108,291.89108,291.5911,290.0911,291.39108
294.9911,294.6911,294.39108,294.1911,294.1911,294.0911,293.6911,293.39108,293.39108,293.29108,293.0911,293.0911,293.1911,292.9911,292.6911,292.29108,292.39108,292.1911,291.9911,291.79108,292.0911,291.9911,291.6911,291.4911,291.4911,291.0911,290.89108,290.79108,290.6911,290.5911,290.4911,290.1911,290.1911,289.89108,289.5911,289.39108,289.29108,289.1911,288.9911,288.79108,288.5911,288.1911,287.9911,287.89108,287.4911,287.0911,283.4911,270.4911,272.9911,269.0911,280.4911,285.1911,287.5911,290.5911,295.1911,293.79108,293.9911,291.29108,290.89108,291.89108,293.5911
294.5911,294.29108,293.9911,293.9911,293.89108,293.9911,293.89108,293.39108,293.5911,293.6911,293.4911,293.1911,292.9911,292.79108,292.5911,292.39108,292.0911,291.6911,291.6911,291.5911,291.6911,291.79108,291.5911,291.39108,291.29108,290.89108,290.6911,290.39108,290.1911,290.29108,290.29108,290.0911,289.79108,289.6911,289.4911,289.1911,289.1911,288.9911,288.5911,288.5911,288.29108,287.79108,287.79108,287.6911,287.1911,286.89108,284.9911,266.5911,269.5911,277.4911,274.5911,284.9911,288.39108,290.5911,291.39108,292.39108,292.9911,290.79108,289.89108,291.4911,292.29108
293.89108,293.5911,293.6911,293.79108,293.79108,293.6911,293.5911,293.1911,293.1911,293.1911,293.1911,293.0911,292.6911,292.39108,292.5911,292.39108,291.79108,291.5911,291.4911,291.5911,291.5911,291.4911,291.1911,291.0911,290.9911,290.6911,290.4911,290.1911,289.9911,289.79108,289.79108,289.5911,289.4911,289.39108,289.1911,289.0911,289.0911,288.89108,288.5911,288.39108,288.1911,287.89108,287.5911,287.4911,286.89108,285.39108,283.5911,264.9911,275.0911,281.89108,281.29108,284.9911,287.39108,289.29108,292.39108,292.0911,291.9911,291.0911,291.79108,291.1911,292.39108
293.29108,293.0911,293.39108,293.29108,293.4911,293.5911,293.39108,292.89108,292.79108,292.79108,292.6911,292.6911,292.29108,291.89108,291.5911,291.5911,291.4911,291.4911,291.1911,291.29108,291.29108,290.89108,290.5911,290.39108,290.4911,290.5911,290.39108,290.1911,289.89108,289.4911,289.39108,289.4911,289.39108,289.29108,289.29108,288.9911,288.89108,288.79108,288.5911,288.1911,287.89108,287.39108,287.1911,286.9911,286.39108,284.89108,270.29108,270.89108,283.39108,280.79108,281.79108,285.6911,287.4911,289.1911,291.5911,291.29108,292.0911,291.9911,290.39108,291.6911,290.1911
292.89108,292.5911,292.89108,292.89108,292.79108,292.9911,292.89108,292.6911,292.6911,292.6911,292.39108,292.0911,291.9911,291.6911,291.5911,291.4911,291.5911,291.29108,291.0911,290.6911,290.5911,290.1911,290.0911,289.89108,290.0911,290.0911,289.9911,290.0911,289.89108,289.4911,289.39108,289.29108,289.0911,288.89108,288.79108,288.6911,288.6911,288.6911,288.4911,288.1911,287.79108,287.39108,286.9911,286.5911,286.29108,284.5911,265.89108,279.1911,281.0911,281.4911,285.0911,287.6911,286.9911,289.1911,289.5911,290.1911,290.4911,291.39108,291.0911,291.9911,289.6911
292.39108,292.1911,292.5911,292.6911,292.5911,292.39108,291.9911,291.89108,292.0911,291.9911,291.89108,291.5911,291.39108,291.4911,291.1911,291.0911,291.1911,290.9911,290.5911,290.39108,289.9911,289.89108,289.79108,289.79108,289.6911,289.39108,288.9911,289.29108,289.0911,288.9911,288.89108,288.6911,288.4911,288.39108,288.29108,288.39108,288.4911,288.4911,288.29108,288.1911,287.79108,287.6911,287.1911,286.4911,286.0911,280.79108,257.29108,276.4911,280.1911,280.5911,281.5911,280.9911,284.6911,286.4911,287.89108,288.5911,289.5911,290.79108,291.39108,290.4911,290.1911
291.6911,291.79108,292.29108,292.4911,292.0911,291.5911,291.0911,291.1911,291.39108,291.29108,290.89108,290.79108,291.0911,291.0911,290.6911,290.29108,290.29108,290.4911,290.39108,289.89108,289.39108,289.29108,289.39108,289.29108,289.29108,288.89108,288.29108,288.29108,288.6911,288.89108,288.5911,288.29108,288.0911,288.1911,288.0911,287.9911,287.89108,287.79108,287.9911,287.89108,287.6911,287.4911,287.1911,286.5911,286.1911,276.4911,257.5911,275.0911,278.9911,277.9911,279.29108,276.1911,282.1911,283.79108,285.9911,286.4911,286.1911,288.39108,289.6911,289.29108,289.39108
291.39108,291.4911,291.6911,291.5911,291.39108,291.1911,290.6911,290.89108,291.0911,290.6911,290.6911,290.6911,290.9911,290.5911,290.29108,289.5911,289.39108,289.5911,289.5911,289.4911,288.9911,288.79108,289.0911,288.9911,288.89108,288.5911,288.1911,288.1911,288.5911,289.29108,288.79108,287.79108,287.89108,288.0911,288.0911,287.89108,287.39108,286.89108,287.1911,287.79108,287.4911,287.1911,286.89108,286.4911,286.1911,277.89108,252.19109,277.39108,277.89108,278.39108,273.6911,275.4911,280.89108,281.29108,283.1911,284.29108,285.39108,285.1911,286.9911,289.5911,289.1911
291.0911,290.9911,290.5911,290.1911,289.9911,289.89108,289.6911,289.9911,290.1911,289.89108,289.6911,289.9911,289.9911,289.6911,289.4911,289.0911,288.79108,288.89108,288.5911,288.6911,288.6911,288.5911,288.6911,288.79108,288.4911,288.29108,287.9911,287.79108,288.0911,288.29108,288.1911,287.6911,287.5911,287.5911,287.6911,287.5911,287.1911,286.79108,286.9911,287.39108,286.9911,286.4911,286.1911,285.9911,285.5911,279.5911,252.5911,276.1911,278.0911,279.9911,278.89108,278.89108,280.0911,280.5911,281.5911,281.89108,283.6911,284.5911,285.89108,286.79108,287.1911
290.0911,289.79108,289.6911,289.6911,289.4911,289.1911,288.9911,289.1911,289.4911,289.0911,288.6911,288.79108,288.79108,288.9911,288.9911,288.6911,288.6911,288.4911,288.29108,288.39108,288.39108,288.4911,288.6911,288.39108,288.0911,287.89108,287.4911,287.4911,287.5911,287.4911,287.29108,287.29108,287.1911,287.0911,287.1911,286.9911,286.6911,286.39108,286.39108,286.29108,285.9911,285.6911,285.89108,285.79108,278.9911,275.89108,260.1911,273.5911,276.89108,278.5911,279.4911,280.79108,279.79108,279.79108,280.89108,280.6911,282.0911,282.79108,284.79108,283.39108,283.29108
288.9911,289.29108,289.6911,289.5911,289.1911,288.9911,288.89108,288.9911,289.29108,288.9911,288.4911,288.29108,288.39108,288.39108,288.29108,287.89108,287.6911,287.5911,287.6911,287.79108,287.6911,287.4911,287.5911,287.39108,287.4911,287.29108,286.9911,287.1911,287.39108,287.1911,286.79108,286.5911,286.4911,286.29108,286.4911,286.4911,286.0911,285.79108,285.29108,285.0911,284.89108,285.0911,285.39108,285.0911,278.1911,265.4911,263.9911,273.0911,276.0911,280.0911,280.0911,279.5911,279.4911,279.1911,279.89108,279.9911,280.4911,281.6911,282.0911,282.79108,283.1911
288.5911,288.89108,289.0911,288.79108,288.29108,288.1911,288.1911,288.5911,288.9911,288.4911,287.79108,287.5911,287.4911,287.29108,287.1911,286.9911,286.9911,287.0911,286.9911,286.89108,286.79108,286.79108,286.79108,286.5911,286.5911,286.6911,286.5911,286.6911,286.6911,286.4911,286.29108,286.39108,286.39108,285.9911,285.79108,285.9911,285.79108,285.4911,285.39108,284.79108,284.1911,284.29108,284.39108,283.1911,279.4911,266.39108,272.1911,276.6911,277.9911,280.6911,279.89108,279.89108,280.39108,280.1911,278.6911,279.29108,279.4911,279.89108,280.6911,282.6911,283.4911
287.89108,287.9911,287.79108,287.6911,287.4911,287.4911,287.4911,287.4911,287.79108,287.79108,287.0911,286.5911,286.5911,286.39108,286.1911,286.1911,286.29108,286.1911,285.9911,285.89108,286.0911,286.39108,286.4911,286.39108,286.0911,285.9911,285.9911,285.9911,285.9911,285.89108,285.4911,285.5911,285.6911,285.4911,285.39108,285.39108,285.1911,285.0911,284.79108,284.1911,283.79108,283.89108,284.29108,280.4911,281.0911,273.0911,278.1911,280.9911,280.4911,280.6911,280.1911,280.5911,281.9911,281.89108,277.9911,282.1911,281.79108,283.1911,282.79108,283.1911,282.1911
287.0911,287.1911,287.0911,286.89108,286.79108,286.89108,287.0911,286.9911,286.79108,286.89108,286.4911,285.9911,285.9911,285.89108,285.6911,285.5911,285.5911,285.4911,285.1911,284.9911,285.0911,285.39108,285.6911,285.5911,285.29108,285.1911,285.0911,285.1911,285.4911,285.39108,284.89108,284.79108,284.89108,284.79108,284.6911,284.5911,284.4911,284.39108,284.0911,283.79108,283.79108,283.79108,283.9911,278.1911,277.89108,273.39108,276.39108,278.39108,279.1911,279.79108,279.5911,280.6911,281.4911,281.39108,281.4911,282.1911,282.39108,283.1911,282.89108,281.9911,280.79108
286.1911,286.39108,286.0911,285.6911,285.6911,285.9911,286.1911,285.9911,285.79108,285.4911,285.4911,285.1911,285.4911,285.39108,284.9911,284.6911,284.79108,284.6911,284.4911,284.39108,284.39108,284.5911,285.0911,284.79108,284.5911,284.39108,284.0911,284.0911,284.29108,284.4911,284.29108,284.1911,284.1911,284.1911,284.0911,283.79108,283.5911,283.4911,283.39108,283.29108,283.29108,283.29108,283.39108,274.79108,272.6911,268.89108,275.1911,274.0911,275.89108,278.0911,277.5911,278.5911,279.4911,279.89108,280.5911,282.1911,283.0911,282.0911,280.9911,280.39108,280.1911
285.5911,285.5911,285.29108,284.9911,285.0911,285.1911,285.1911,285.0911,284.6911,284.5911,284.5911,284.5911,284.89108,285.1911,284.6911,284.29108,284.29108,284.0911,283.89108,283.9911,283.9911,284.29108,284.4911,284.0911,283.6911,283.5911,283.4911,283.4911,283.5911,283.5911,283.5911,283.4911,283.4911,283.4911,283.4911,283.29108,283.0911,282.9911,282.89108,282.79108,282.89108,283.0911,282.79108,273.6911,268.6911,268.89108,268.79108,269.39108,271.0911,272.39108,275.4911,283.9911,281.1911,279.0911,281.79108,282.79108,282.0911,280.89108,280.1911,279.5911,280.89108
284.79108,284.79108,284.6911,284.5911,284.5911,284.6911,284.4911,284.1911,283.9911,283.6911,283.4911,283.79108,284.0911,284.0911,284.0911,283.79108,283.6911,283.5911,283.39108,283.29108,283.39108,283.39108,283.1911,283.0911,282.79108,282.79108,282.89108,283.1911,282.9911,282.5911,282.5911,282.6911,282.79108,282.9911,282.9911,282.89108,282.79108,282.79108,282.6911,282.39108,282.4911,282.6911,279.89108,282.39108,267.5911,262.39108,269.29108,264.0911,267.9911,271.79108,273.5911,279.6911,283.39108,282.79108,282.79108,282.4911,281.1911,280.29108,279.39108,279.39108,281.79108
283.9911,283.9911,283.89108,283.89108,283.9911,283.89108,283.79108,283.79108,283.4911,283.1911,282.89108,282.89108,283.0911,283.0911,283.1911,282.9911,282.89108,282.6911,282.5911,282.79108,282.79108,282.5911,282.4911,282.29108,282.0911,282.0911,282.1911,282.0911,281.89108,281.89108,282.1911,282.1911,282.29108,282.29108,282.29108,282.29108,282.29108,282.4911,282.39108,282.1911,282.29108,282.39108,275.89108,281.89108,269.39108,266.0911,269.6911,269.4911,269.79108,275.79108,275.29108,275.89108,282.1911,281.9911,281.79108,281.1911,279.9911,278.9911,278.9911,280.1911,281.5911
282.79108,282.89108,282.89108,282.9911,283.1911,283.39108,283.29108,282.9911,282.89108,282.6911,282.4911,282.39108,282.1911,282.0911,282.29108,282.1911,282.0911,281.9911,281.89108,281.89108,281.9911,281.89108,281.6911,281.6911,281.4911,281.29108,281.1911,281.0911,281.1911,281.4911,281.6911,281.79108,281.6911,281.79108,281.5911,281.4911,281.5911,281.89108,281.9911,282.1911,282.29108,282.0911,281.4911,273.4911,268.9911,264.4911,268.0911,271.5911,271.5911,273.1911,272.5911,281.29108,281.1911,280.89108,280.6911,280.1911,279.4911,278.6911,279.4911,280.39108,280.9911
